20	1.16028555519	1	1	1
23	0.455866080588	1	1	1
8	0.712780689082	1	1	1
30	1.10609876275	1	1	1
37	1.28478842351	1	1	1
17	1.14205806476	1	1	1
31	1.14487448477	1	1	1
4	1.21378164669	1	1	1
39	1.18301235859	1	1	1
16	1.21174479132	1	1	1
65	-0.392338006379	2	2	1
91	1.05337182884	2	2	1
62	2.89732834993	1	2	1
68	1.06064336837	2	2	1
88	1.05406221243	2	2	1
57	1.04870739903	2	2	1
78	1.04493778047	2	2	1
59	1.05385718197	2	2	1
61	1.03707287008	2	2	1
99	1.07987111488	2	2	1
103	0.913121151644	3	3	1
123	1.22821939904	3	3	1
149	2.38983021502	3	3	1
101	1.06720774681	3	3	1
128	0.304370359686	4	3	1
134	1.03664588488	3	3	1
121	1.0087364108	3	3	1
122	1.03481416487	3	3	1
127	1.79311023951	3	3	1
110	1.26075823465	3	3	1
171	0.942972350113	4	4	1
198	-0.786056323228	3	4	1
173	-0.733728287136	4	4	1
172	-0.316994382693	3	4	1
191	1.96830175121	3	4	1
181	0.955245315588	4	4	1
188	1.10102989014	4	4	1
166	1.01603747309	4	4	1
161	2.73213724744	4	4	1
160	1.05498677939	4	4	1
29	1.06669882409	1	1	2
28	1.02238434373	3	1	2
15	1.1005753638	1	1	2
21	1.12122972418	1	1	2
38	1.10345253691	1	1	2
24	1.19320285127	1	1	2
9	0.959763266371	1	1	2
13	1.03430386274	1	1	2
49	1.10527909792	1	1	2
0	2.46239922029	1	1	2
86	1.53418621978	2	2	2
58	1.33345698559	2	2	2
85	1.43092383697	2	2	2
52	1.24752243895	2	2	2
74	1.15747627307	2	2	2
50	1.57333698726	2	2	2
72	1.36861351032	2	2	2
89	1.15806321216	2	2	2
73	1.88982617043	2	2	2
80	1.29838043224	2	2	2
100	2.34816209222	3	3	2
148	1.0744936128	3	3	2
131	1.07602938994	3	3	2
113	1.18437588127	3	3	2
114	0.642219126448	1	3	2
116	1.02428478233	3	3	2
135	1.07630966077	3	3	2
120	0.997612461893	3	3	2
130	1.06289600772	3	3	2
138	1.05910974384	3	3	2
174	0.515870169283	4	4	2
175	0.775756204872	4	4	2
182	1.56266563193	1	4	2
190	3.33262723816	4	4	2
197	1.79943892587	4	4	2
193	0.246405585472	4	4	2
170	1.35236913281	4	4	2
189	0.35697011894	4	4	2
183	0.427161948759	4	4	2
154	0.298339735999	3	4	2
2	4.12331008374	4	1	3
34	0.431035873953	1	1	3
41	1.17553974891	1	1	3
44	1.57905580209	3	1	3
42	1.17454103258	1	1	3
14	0.738562052509	1	1	3
25	1.40610503015	1	1	3
32	1.17839100293	1	1	3
27	1.18365848001	1	1	3
40	3.46137242357	1	1	3
63	1.47619630785	2	2	3
56	4.13038036147	4	2	3
55	1.20838353627	2	2	3
64	0.935195825171	2	2	3
51	1.03336398796	2	2	3
53	2.31403826521	2	2	3
82	0.823091344881	2	2	3
94	1.56677470596	2	2	3
81	1.08499210264	2	2	3
98	1.64739978127	2	2	3
129	1.03131617291	3	3	3
147	0.974275986136	3	3	3
140	1.66892805922	1	3	3
145	1.02866990138	3	3	3
124	1.02177549353	3	3	3
133	1.07000554249	3	3	3
125	1.09843678506	3	3	3
144	0.936084782081	3	3	3
132	0.942617626825	3	3	3
143	1.08236531819	3	3	3
162	-0.132024194805	4	4	3
195	4.23190277468	4	4	3
199	2.24836397623	4	4	3
152	0.637304904486	4	4	3
164	1.64586331444	4	4	3
184	-0.525739016851	3	4	3
153	1.23768926161	4	4	3
180	1.857963999	4	4	3
168	-0.211716607463	4	4	3
158	-0.22195839942	4	4	3
10	2.18095740833	1	1	4
45	1.104909924	1	1	4
5	1.04125078895	1	1	4
6	1.17525169434	1	1	4
26	0.959169017375	1	1	4
11	0.406303171872	1	1	4
12	1.22510499599	1	1	4
43	1.10740157532	1	1	4
47	1.1077419372	1	1	4
1	0.593291201039	1	1	4
70	1.20840153163	2	2	4
54	1.14842114576	2	2	4
69	1.08396344845	2	2	4
95	1.42257164915	2	2	4
67	2.07646000504	2	2	4
77	1.18836547647	2	2	4
96	1.25885940281	2	2	4
92	1.73337493774	2	2	4
93	1.49587557104	2	2	4
60	1.1330800293	2	2	4
107	1.03224657895	3	3	4
118	1.43608344934	3	3	4
142	1.06439233226	3	3	4
137	1.06162170115	3	3	4
112	1.05322338408	3	3	4
117	1.03544927712	3	3	4
119	1.0932668778	3	3	4
115	1.40752989197	3	3	4
136	1.1450527176	3	3	4
146	3.70363962957	1	3	4
167	1.48031943033	4	4	4
176	0.018284655357	4	4	4
155	1.81725418077	4	4	4
157	3.19090703369	1	4	4
194	0.000406239366796	4	4	4
163	0.311924422382	4	4	4
192	0.631545458886	4	4	4
169	0.438243319652	1	4	4
177	1.70758052416	4	4	4
179	0.118920354242	4	4	4
18	0.969563721533	1	1	5
3	0.974176329128	1	1	5
48	1.08862404338	1	1	5
35	1.08128461374	1	1	5
19	1.17911327739	1	1	5
46	1.56663840619	1	1	5
33	1.0765539353	1	1	5
36	1.09150037047	1	1	5
22	1.0842911683	1	1	5
7	1.08702851546	1	1	5
76	1.04860332924	2	2	5
87	1.11393886914	2	2	5
84	1.25976883325	2	2	5
83	1.47359933551	2	2	5
71	0.923705318088	2	2	5
97	3.21914737619	2	2	5
90	1.24308466819	2	2	5
66	1.3172810747	2	2	5
75	1.16456506682	2	2	5
79	1.05099847632	2	2	5
105	1.02046574413	3	3	5
126	1.01648979943	3	3	5
106	3.74214170136	3	3	5
104	1.03746963138	3	3	5
111	1.03159350952	3	3	5
109	0.328902902121	3	3	5
102	1.03723379166	3	3	5
141	0.993600369895	3	3	5
139	1.04169758555	3	3	5
108	0.781169803719	3	3	5
150	1.10117231832	4	4	5
187	0.501070039259	4	4	5
156	1.43892791906	4	4	5
185	1.45985718408	4	4	5
165	0.713428790469	4	4	5
178	1.04735962263	4	4	5
151	-0.475322629819	4	4	5
196	0.225044396966	4	4	5
159	0.74897962687	4	4	5
186	1.31908796724	3	4	5
