0.17637766011,0.00397763806489,1.03924298067e-05,2.50466043767e-06,-5.99412359319e-12,5.33638351716e-08,-1.12854780967e-11,authong1
0.170704151198,0.00173527140765,9.27721013298e-06,1.5611704288e-06,1.33761434916e-12,-6.15912832527e-08,-5.78880563744e-12,authong1
0.176734436695,0.00437765628995,1.34799637973e-05,2.1667572026e-06,-5.17295402789e-12,9.39493462839e-08,1.05055433361e-11,authong1
0.178709620407,0.00408877653788,1.37203854763e-06,2.28221017244e-06,8.6506265401e-13,-9.79908915478e-08,-3.94472911907e-12,authong1
0.172497834933,0.00283530536277,2.69947375417e-06,8.47552720514e-07,-6.60553187319e-13,7.9464630651e-09,1.09872912675e-12,authong1
0.173893712165,0.00248348648652,1.04095829191e-05,1.54366464655e-06,-5.21508457592e-12,-4.41760009331e-08,-3.33068996031e-12,authong1
0.171126385548,0.00259364487226,1.3082811317e-06,5.41803555111e-07,-4.54735708913e-13,-7.03390553664e-09,-3.59674500752e-14,authong1
0.175746817573,0.000411709850348,2.27858051868e-06,1.44238736272e-06,-2.61468955051e-12,-1.09366244159e-08,3.31595594237e-14,authong1
0.181253734451,0.00556161666486,7.22958276797e-07,2.10045278708e-06,-2.31452012027e-12,-7.52370554228e-08,-1.15872556624e-12,authong1
0.171543361935,0.00193885263357,7.52013808975e-07,6.77550270745e-07,3.5825786073e-13,-1.81658682768e-08,-3.24903316127e-13,authong1
0.174233250673,0.00358089927413,8.23204093186e-08,1.48135471694e-06,-4.883432252e-13,-3.8172824209e-08,-1.7064593635e-13,authong1
0.170212301587,0.000818589078944,8.25591555642e-06,2.98821037441e-06,-1.72305122357e-12,1.85164720173e-08,-1.47418827371e-11,authong1
0.17997433405,0.00502168338639,5.27318303787e-06,1.94907658726e-06,5.24925664145e-12,-6.90390127733e-08,3.3896573974e-12,authong1
0.172603212495,0.00294153815248,6.07920675861e-06,1.76765481839e-06,-2.42300545651e-12,7.72061195377e-08,-5.26363412022e-12,authong1
0.170255275647,0.00230621381716,8.21184377013e-07,6.31169875878e-07,2.26282911443e-13,-2.01436345864e-08,-3.94051704159e-13,authong1
0.167732661794,0.000621160013299,7.66907086529e-07,1.73290997589e-06,-1.77994639254e-12,-2.14455434831e-08,9.07022611553e-13,authong1
0.170345589639,0.00271992119696,8.81694736222e-06,2.18751572791e-07,-3.02757543021e-13,-1.43853236805e-09,2.51299758141e-14,authong1
0.1711964909,0.00131284426582,2.14594983024e-05,3.64125086158e-06,-3.05034924095e-11,-4.98215980686e-08,1.0274465785e-11,authong1
0.176476345043,0.00279294035323,7.0135622955e-06,3.45191211515e-06,1.57597420346e-11,-1.51566852389e-07,6.33339975258e-12,authong1
0.178450955796,0.00268696626439,5.98185240292e-05,1.49613120862e-05,-2.46930320276e-10,7.87357037452e-08,-3.73302611423e-10,authong1
0.171596201963,0.00237982930312,1.50806418457e-06,1.40136200957e-06,-1.67309524807e-12,-8.79914507937e-09,-1.16231221035e-12,authong1
0.173218171136,0.00317249274745,9.81569000186e-07,1.16483304918e-06,1.13260019354e-12,-1.33899941118e-08,5.18241536882e-13,authong1
0.174578613955,0.00402053176478,9.07191807927e-06,5.09335408487e-07,-8.77724559834e-13,1.86218930369e-08,6.54446489748e-13,authong1
0.168439460322,0.00214646697025,5.25081290117e-06,3.27393395358e-07,2.45839464333e-13,-1.33689885148e-08,-3.51888010515e-13,authong1
0.176377821883,0.00447944105629,2.82881733613e-06,1.51852573262e-06,-1.70152654553e-12,4.42661594434e-08,-2.64767684729e-12,authong1
0.174977586761,0.00382709235838,6.62877129844e-06,1.26859939882e-06,-2.21049678318e-12,4.92847197487e-08,2.94059384525e-12,authong1
0.16740524851,0.00150508807882,1.07394996696e-05,9.16937917563e-07,-1.48408857278e-12,8.88594095442e-09,2.46515233984e-12,authong1
0.170635095356,0.000950618148765,6.09525901511e-06,4.13891467227e-06,1.17102595362e-11,-1.07037926472e-07,1.71766354411e-11,authong1
0.181537557822,0.00580631003621,2.82368386495e-05,2.4298417454e-06,7.44482733096e-13,1.40486333097e-07,-2.01130396085e-11,authong1
0.17805615892,0.00228934940752,4.43784077536e-05,2.54562701876e-06,2.56160440574e-11,-1.14856508478e-07,8.71171939015e-12,authong1
0.173803502094,0.00298600694276,7.006701942e-05,3.86189436694e-06,-6.13463848245e-11,-1.82093749403e-07,-1.65010103503e-11,authong1
0.174840145415,0.00256001363831,9.50262511308e-06,2.83303597331e-06,-1.34566277772e-11,1.14096859083e-08,-5.91539106063e-12,authong1
0.173039601112,0.00198425220946,2.80758679103e-05,4.61185749107e-06,-2.61824142283e-11,8.58475865812e-08,-4.54803415962e-11,authong1
0.17346811476,0.00255788932651,2.59578675583e-05,4.00893839005e-06,-2.72969908422e-11,4.80860030186e-08,3.04522536799e-11,authong1
0.17045822133,0.00103789596051,3.75001136473e-06,3.26379118676e-06,-1.06338381149e-11,-1.67978100242e-08,-4.15909792953e-12,authong1
0.175548309337,0.00460403286028,3.46014127723e-07,5.68162134211e-07,-4.35688133954e-14,-2.50932414933e-08,2.48119549223e-13,authong1
0.167725135505,0.00175230639429,2.2130561567e-05,1.19816648373e-06,-1.12536487629e-13,3.87333862789e-08,6.16878611127e-12,authong1
0.169794265021,0.00172619534646,2.05020928406e-05,3.15986328869e-06,-2.3560664244e-11,-5.55851823475e-08,9.57832686792e-12,authong1
0.172565882241,0.00313591290698,3.65368812377e-06,1.38175999943e-06,1.79710145444e-12,-5.68187684239e-08,2.53167283869e-12,authong1
0.17342544305,0.00280820549395,1.23163073889e-05,4.08154601948e-06,-2.13503944008e-11,-1.04976382769e-08,1.95346465483e-11,authong1
0.169109309827,0.00211438636103,1.73368913801e-06,1.06892801509e-06,-1.28508206927e-12,1.24696961501e-08,6.82664529762e-13,authong1
0.162633804321,0.000764853198863,5.34464016152e-06,1.06509308184e-07,1.26891995732e-14,2.74966444036e-09,7.93519579729e-14,authong1
0.176411484067,0.00478314614441,1.11926241744e-07,5.18907804179e-07,-2.30191134908e-14,-2.06051475365e-08,-1.22918217141e-13,authong1
0.172102880182,0.00286158419374,8.51458266856e-07,1.1193679384e-06,7.97402972621e-13,-9.07095649847e-09,7.47236204453e-13,authong1
0.173474873237,0.00226653433502,9.010411448e-06,3.47905446942e-06,-1.38024656884e-11,-1.30400939327e-08,-1.3744781085e-11,authong1
0.174582297198,0.00355287896257,1.38862499589e-06,1.3525901779e-06,-1.73560929071e-12,4.27954937217e-09,-6.51077411454e-13,authong1
0.172287605031,0.00243477037477,1.30349610858e-05,3.20536788183e-06,-1.83077467444e-11,-1.07349122927e-07,9.70098469811e-12,authong1
0.17489329729,0.00271151942035,2.47409981735e-06,2.30283329589e-06,5.46776531309e-12,-1.00386703455e-07,-5.63292538509e-13,authong1
0.177701270114,0.00511234952653,1.91152089312e-06,5.71890151625e-07,4.45096021289e-13,-3.92918219708e-08,3.99278305565e-13,authong1
0.174183453426,0.00375696914638,6.2554021522e-06,1.56818822654e-06,-9.93019984202e-13,1.8497107157e-08,4.81019106735e-12,authong1
0.17073774746,0.00316483716479,3.19291331832e-05,2.86327058435e-07,-8.50035051931e-13,-1.57956512134e-08,1.64149357123e-13,chainat72
0.170883983521,0.00309583674444,4.0387658588e-05,1.99629514918e-06,1.76724412379e-11,9.61650070909e-08,-2.99897490638e-12,chainat72
0.175614296628,0.00444981215471,1.32052994059e-05,1.87108744591e-06,2.58471750581e-12,5.79079817965e-08,-8.93432165822e-12,chainat72
0.173033515472,0.00417169256026,3.9727553477e-05,1.18613863452e-06,3.53850514595e-12,3.03692409017e-08,-7.33325560166e-12,chainat72
0.167325203392,0.00238996508686,8.56521430284e-06,1.80827613096e-07,2.09208197467e-14,1.49418528395e-09,-2.24068833219e-13,chainat72
0.174662047994,0.00415379095387,3.89617089926e-05,1.88576891808e-06,2.71325342118e-12,5.62385495002e-08,1.59347608019e-11,chainat72
0.174513478085,0.00295492224797,7.5909100947e-05,3.68920942746e-06,4.51723391145e-11,1.98658122992e-07,4.20825490658e-11,chainat72
0.16721328686,0.00215186261804,3.93862604126e-05,7.43552047541e-07,1.56990336333e-12,5.91635279343e-09,3.7049422638e-12,chainat72
0.173868848393,0.00111784604856,2.50340525941e-06,5.21967542595e-06,-1.15622441297e-11,-9.25187386126e-08,-1.49105354103e-11,chainat72
0.172947090001,0.0040834865747,2.28409268053e-05,1.50008337658e-06,6.11335623148e-12,7.43873528046e-08,6.30300396302e-12,chainat72
0.171818392278,0.00345918715547,2.13042589902e-05,2.19788812058e-07,-3.71009326372e-13,-1.29221193613e-08,2.97568768808e-13,chainat72
0.175040259976,0.00357474165031,1.27920989073e-05,2.5386014873e-06,-4.64694650819e-12,1.19360934952e-07,-1.36998089974e-11,chainat72
0.169738865652,0.00288062794106,4.14917076089e-06,7.31101333754e-08,-9.78435176135e-15,3.78436569152e-09,-3.9059965489e-14,chainat72
0.169657608055,0.00317189227002,1.8059618471e-05,2.92163717122e-07,-6.00605311659e-13,-1.44569459218e-08,-2.99435946834e-13,chainat72
0.16328177843,0.000768815458382,3.5846947074e-05,1.68375989e-07,-3.48608751006e-13,-4.65998917618e-09,2.2268529398e-13,chainat72
0.17152100525,0.00343682729122,1.72400683463e-05,1.54541550282e-06,7.04617521952e-12,8.77015164538e-08,3.73942482637e-12,chainat72
0.176927908504,0.00354807661214,2.38359194588e-05,4.43161440136e-06,-3.9298763654e-12,1.36847109495e-07,-4.53770528249e-11,chainat72
0.178284781375,0.00540430341335,3.25080627388e-05,1.95278462824e-06,1.55574389878e-11,1.23926410224e-07,-2.08395776386e-13,chainat72
0.167324374629,0.00230953338863,7.52175685697e-06,1.57883118674e-07,1.37611392509e-13,2.91232555753e-09,1.0327375106e-13,chainat72
0.171363530237,0.00342947302188,5.05563842717e-05,1.56888422429e-06,1.08339353383e-11,5.69589844137e-08,-8.82365044071e-12,chainat72
0.168066718673,0.00232031109675,1.94486479469e-05,2.80091535115e-07,2.10458717518e-13,-4.86310337606e-09,6.18920589364e-13,chainat72
0.168229995334,0.0027232969248,1.0655184724e-05,1.95519090434e-07,1.87392993117e-13,7.9098799487e-09,-2.1100559086e-13,chainat72
0.166920176353,0.001871332053,8.49945799219e-06,1.82964864622e-07,2.16687893505e-13,6.06107648978e-09,-7.14505266129e-14,chainat72
0.179960758272,0.00281715019444,8.95225054259e-05,8.43232170886e-06,-2.31501435303e-10,-2.61102839622e-07,9.07153314161e-12,chainat72
0.166858702819,0.00229733647023,8.26957408645e-06,1.50998740062e-07,1.36617152317e-14,7.60151747262e-10,-1.68179615923e-13,chainat72
0.175328689249,0.00182693054904,9.76136525885e-06,8.47005722159e-06,-2.93815197037e-11,1.83424427685e-07,7.11919618879e-11,chainat72
0.17163770691,0.00285605366915,2.31655503626e-05,2.62886366704e-06,1.3664191235e-11,1.29245408799e-07,1.5302246851e-11,chainat72
0.16581306486,0.00149576336424,1.30933383345e-05,2.61865494852e-07,4.29804579373e-13,9.84287912341e-09,-2.24467518829e-13,chainat72
0.171303959291,0.00370116155762,6.51093274835e-06,1.54301699522e-07,7.29666980576e-14,2.51442708066e-09,-1.36365462916e-13,chainat72
0.170529119417,0.00334797972892,9.0155038419e-05,2.59726867433e-06,-3.17934440867e-11,-1.22462077536e-07,2.38485494143e-11,chainat72
0.172503105697,0.00329072644707,4.39655502846e-05,2.26888743206e-06,2.17773245787e-11,1.28984441041e-07,-6.26586294773e-12,chainat72
0.164330891616,0.00115000409875,2.62212812198e-06,5.40477025412e-08,5.65240414441e-15,1.76135211817e-09,-1.95457487896e-14,chainat72
0.17241313042,0.00406912935079,2.46896015416e-05,4.86939135463e-07,-1.67168272003e-12,-3.10526995919e-08,2.36831098354e-13,chainat72
0.171399251767,0.00347587171649,2.38280478929e-05,1.01978188245e-06,4.9921259523e-12,5.45256706733e-08,5.90741172234e-13,chainat72
0.174596676842,0.00445762525252,2.89148505938e-05,7.01242801866e-07,8.39346186926e-13,-1.67188876629e-09,-3.04404511423e-12,chainat72
0.167309308164,0.00215421431547,1.58582049933e-05,1.81841071892e-07,2.99582425302e-13,7.45555611922e-09,7.48492321433e-14,chainat72
0.170115027288,0.00247655307648,1.55697321596e-05,9.53427068325e-07,3.99067058725e-13,4.17696673091e-08,-3.65168928254e-12,chainat72
0.173350926874,0.00357960449408,7.70389140265e-06,4.90421298173e-07,4.88015903038e-13,2.90393459052e-08,-8.18862283779e-13,chainat72
0.171374142803,0.00353838219506,1.09052432012e-05,7.25106983733e-07,1.97585561023e-12,4.29873122281e-08,5.03571469638e-13,chainat72
0.172022331447,0.00274771180764,2.21550784328e-05,4.94424830158e-06,-7.16998825865e-12,-9.60160604223e-08,-5.12480872115e-11,chainat72
0.164398926191,0.00114254302148,1.07277411673e-05,2.96614940976e-07,4.58846521391e-13,1.00247813078e-08,2.63465951989e-13,chainat72
0.167951885691,0.00216924944531,1.87014219393e-05,1.01075386474e-07,8.55949922581e-14,-2.89757506207e-09,1.09474966979e-13,chainat72
0.17069559293,0.00247319186964,1.26560934421e-05,1.12652852262e-06,-2.81616307804e-12,4.92057683246e-09,-3.1879269404e-12,chainat72
0.172524144138,0.00390207619428,9.23615121268e-05,2.44860250935e-06,1.46321482537e-11,5.36349722223e-08,-3.37913775866e-11,chainat72
0.178239180327,0.00263422986362,2.81364331363e-06,8.7777816392e-06,-4.28033219632e-11,-1.77560878233e-07,8.41475042054e-12,chainat72
0.171826697731,0.0036050019162,7.97266436283e-06,2.7082025871e-08,8.42981004824e-15,5.54224033873e-10,-9.34338404922e-15,chainat72
0.1730512587,0.00334305817225,2.78005209105e-05,1.83484700772e-06,8.74472897744e-12,9.96465165434e-08,9.7602367363e-12,chainat72
0.170426825177,0.0033463737851,7.8985143866e-06,1.2931606844e-07,-1.58475568128e-14,6.68211623296e-11,-1.29728354013e-13,chainat72
0.171390811675,0.00314794392007,3.14857352303e-05,1.03341884054e-06,5.8504841398e-12,4.6243992477e-08,7.21725421129e-13,chainat72
0.167811692394,0.00217400446941,2.04627992567e-05,2.09600167194e-07,2.73615245681e-13,1.17022961848e-09,3.36987094946e-13,chainat72
0.164877226901,0.0014056888113,3.48872811257e-06,1.13491029787e-07,-5.33050160841e-14,-9.06378722232e-10,4.7522191733e-14,motoso1
0.17055642502,0.00316659928083,1.75958060859e-05,2.23371981796e-07,1.75491243384e-14,-1.54307408934e-09,4.42492943534e-13,motoso1
0.181166532428,0.00392001602195,1.99943264124e-05,7.70098065934e-06,-4.41668960658e-11,6.01840473956e-08,8.47398558178e-11,motoso1
0.176635400087,0.00476772201905,2.06332387752e-06,1.7315981297e-07,-1.03316849067e-13,1.02564171072e-08,-6.21048075195e-15,motoso1
0.176427056506,0.00448908683538,3.20971704148e-05,2.58192633527e-06,1.72399821647e-11,1.65674513335e-07,-1.5976225218e-11,motoso1
0.18139106829,0.00542928598591,2.69352798312e-06,2.80111291571e-06,-6.67611234121e-12,4.94665972617e-08,-3.82470698351e-12,motoso1
0.174269156062,0.00356598060656,6.57074380771e-05,4.02827131244e-06,6.18726591426e-11,2.33013769607e-07,-2.16066723576e-11,motoso1
0.172193612177,0.00331475372357,4.07844599061e-05,1.68337185141e-06,1.39404960967e-11,8.03516337178e-08,4.62827615982e-13,motoso1
0.176477742482,0.00387844961541,1.75801019845e-05,4.71661374191e-07,-1.26357398783e-12,5.10985007631e-09,4.98019847557e-13,motoso1
0.172398532359,0.00406394764923,2.17369091716e-05,5.9854967038e-07,-2.10078480244e-12,-3.78319154076e-08,4.9790570539e-13,motoso1
0.176006279386,0.00536336056197,1.07057864676e-05,8.97625109113e-07,2.77102685177e-12,6.28368104514e-08,-2.53591162008e-13,motoso1
0.168895831159,0.00288200967464,5.40644900064e-06,7.19953111239e-08,-1.92622859542e-14,-1.65491491377e-09,-4.05772891683e-14,motoso1
0.178746757558,0.00363220578386,7.6009935715e-06,4.23404837247e-06,-2.33628145454e-11,3.46436807158e-08,-5.57928398913e-12,motoso1
0.176255045645,0.00410301329682,1.52347264663e-05,9.5709669425e-07,-2.91740619514e-13,4.73360443274e-08,3.64303139878e-12,motoso1
0.167818058969,0.00267395643492,8.30166745424e-06,1.52809940252e-07,-9.10008149575e-14,-4.54564775249e-09,1.4608643133e-13,motoso1
0.172662683594,0.00376145756335,2.48247505188e-05,1.89334277334e-06,1.0889358288e-11,1.15610880071e-07,-7.06479261376e-12,motoso1
0.182108678821,0.00457807372841,2.58996491584e-07,4.58504423124e-06,-2.07942532988e-12,-3.06315046735e-07,-4.54319074387e-12,motoso1
0.172208918505,0.00326311192393,1.21023870159e-05,1.11061988063e-06,-6.6986144361e-13,5.72299879912e-08,4.01629562717e-12,motoso1
0.177442758735,0.0056115929995,5.54191636452e-05,2.41531338834e-06,1.04412845236e-11,6.82565674843e-08,2.59201200964e-11,motoso1
0.166166920794,0.00186011428464,3.94134426977e-06,5.76175594612e-08,4.1336627638e-15,2.43760677803e-09,-2.71441431435e-14,motoso1
0.180569940787,0.00288227163965,4.82628718528e-06,4.50549965818e-06,-1.75498220453e-11,-1.13034430149e-07,1.15504813931e-11,motoso1
0.168885957093,0.00301463560001,1.05880481789e-05,3.0565656443e-07,5.32804602994e-13,1.5477555979e-08,1.35919867797e-13,motoso1
0.172845694426,0.00295443506901,1.31605477814e-05,1.18476694391e-06,1.85860740918e-12,5.89843437842e-08,4.29323873639e-12,motoso1
0.169327796941,0.00222701163567,1.42083108317e-05,7.50879519449e-07,-6.24422405163e-13,3.20825867168e-08,2.37177999631e-12,motoso1
0.171599765502,0.0031802388504,2.21371385466e-05,5.59864960816e-07,1.8294837485e-12,1.71838081542e-08,7.33357488105e-13,motoso1
0.168520176329,0.00272085242476,2.37131143146e-06,1.6225381955e-09,7.55218703389e-17,8.34813981441e-11,-6.6525227988e-17,motoso1
0.171890469232,0.00392755288114,3.40907558181e-05,9.87618164549e-07,-5.11527350485e-12,-5.76484204757e-08,2.58341422051e-12,motoso1
0.168790652165,0.00282245210943,1.70854276718e-05,3.52278684816e-07,-3.93199951269e-13,-1.11350726963e-08,-7.69631394904e-13,motoso1
0.171376749403,0.00334128848731,7.03889433484e-05,2.28606137454e-06,2.59258105718e-11,1.04317919856e-07,1.29922413339e-11,motoso1
0.169213735337,0.00306841618675,2.28191655363e-05,7.09504440284e-07,2.81598773609e-12,3.91132280097e-08,4.69418661367e-13,motoso1
0.170821611993,0.00353941864081,1.53684021211e-06,6.67570606492e-08,2.09805047126e-14,3.0949984652e-09,4.12713931708e-15,motoso1
0.170825046562,0.00260117389596,1.7385348879e-05,2.2800739377e-06,4.30458534745e-12,1.06075570477e-07,1.36948116736e-11,motoso1
0.169943187494,0.00330752082651,1.06388358662e-05,2.89816129449e-07,-4.90944302679e-13,-1.59070542554e-08,-1.33981458135e-13,motoso1
0.177514007033,0.00375534289633,2.80807961414e-05,5.71620053359e-06,5.00789046023e-11,3.49701300909e-07,-5.23157506961e-11,motoso1
0.170021646551,0.0030692845201,1.60766718163e-05,1.68700479922e-07,-2.34145472225e-13,-7.9387805258e-09,1.4954285239e-13,motoso1
0.17383800998,0.0037429812259,1.87659280628e-05,8.14310019358e-07,2.63036968541e-12,2.68451092433e-08,-1.79281526623e-12,motoso1
0.171415526077,0.00285646754518,5.60051787225e-05,1.66734340646e-06,6.09421528387e-12,7.90820350081e-08,-1.49150844541e-11,motoso1
0.180197804448,0.00399778648245,8.67680603967e-05,6.6237420498e-06,4.51160460854e-11,3.49637633698e-07,-1.52250418056e-10,motoso1
0.180919822492,0.00420360793645,1.76718490926e-05,7.78651274235e-06,2.14602072292e-12,1.26821314427e-07,9.13136266651e-11,motoso1
0.167285906217,0.00237356972049,4.43587963597e-06,7.96107053312e-08,3.4334742601e-14,2.2779579461e-09,-3.25469063072e-14,motoso1
0.171973624442,0.00358482868037,1.60461193454e-05,8.43637045393e-07,2.03406519637e-12,5.03311681506e-08,-2.34462171679e-12,motoso1
0.172026749182,0.00297722153483,2.47783737631e-05,3.62497667939e-06,1.12090715582e-11,1.45811733469e-07,3.2475313115e-11,motoso1
0.173057202703,0.00348674113445,4.18417193203e-05,2.81251400493e-06,2.99935443074e-11,1.45283387511e-07,-5.59169855674e-12,motoso1
0.17099228052,0.00239160559919,1.69723235352e-05,1.91455202049e-06,2.84673436413e-12,6.11866849322e-08,1.05358730003e-11,motoso1
0.171173851403,0.00268506825154,3.63141762149e-05,8.11751665474e-07,3.60151522354e-12,3.92048136029e-08,-2.54035534975e-12,motoso1
0.180504349857,0.00209990971189,3.21637691609e-05,7.84286320346e-06,-7.05287069878e-11,7.37521767664e-08,-1.0267471721e-10,motoso1
0.176676077426,0.00472668573725,7.48996794857e-06,1.05143584256e-06,9.63518513736e-13,-6.10226826496e-08,2.78887524107e-12,motoso1
0.176456930676,0.00292800055772,2.94135260048e-06,3.73924693623e-06,-1.2392647566e-11,5.67161664129e-09,4.49633535528e-13,motoso1
0.175897973308,0.00539376803793,2.46931128591e-07,4.73173780365e-08,3.56805593031e-15,1.38995637876e-09,3.66455779799e-15,motoso1
0.181966900292,0.00415604525133,5.79192706016e-06,6.13390227329e-06,-2.42441283686e-11,-1.7466106478e-07,2.73664264274e-11,motoso1
0.185251811302,0.00362822025171,7.1680132236e-06,6.86366212201e-06,-4.68743616806e-12,-4.09646027032e-07,4.79142712852e-11,kamphangsean2
0.180668004781,0.004538129032,9.57447904112e-06,4.92221999678e-06,-3.2525024622e-11,1.15003087492e-07,9.16211042644e-12,kamphangsean2
0.180169569902,0.00474827341193,6.66101200677e-05,1.30070988878e-05,2.02262984177e-10,7.61824979152e-07,3.25072282494e-10,kamphangsean2
0.181313706505,0.00351221539867,2.08065519734e-05,1.13211378922e-05,-9.73054500018e-12,2.89350601654e-07,1.73481468756e-10,kamphangsean2
0.184637418196,0.00557728546609,2.54733024814e-05,8.61206309703e-06,-8.59663418877e-11,-4.77692174637e-08,9.42364655971e-11,kamphangsean2
0.174166008003,0.00343034775566,2.21478389829e-05,1.44853586514e-06,-2.68350649545e-12,8.2086887763e-08,7.75338113321e-12,kamphangsean2
0.176173119759,0.00363586589691,2.21661948072e-05,6.6423981163e-06,-7.47960528713e-12,2.8137369075e-07,-8.02518049107e-11,kamphangsean2
0.175921480872,0.00286503990006,9.32361182064e-06,5.86107300816e-06,-3.8920348316e-11,-1.94162913131e-08,1.90375480734e-11,kamphangsean2
0.176953708632,0.00372461380646,3.52536275961e-05,3.65911489409e-06,-3.29401355915e-11,8.47920247834e-08,-2.53397908698e-11,kamphangsean2
0.17739563365,0.00376912796638,3.38818593867e-06,3.49147845e-06,-1.05413628492e-11,-7.97815927746e-08,-5.75236080385e-12,kamphangsean2
0.172989219611,0.00272071949552,9.87480197364e-06,4.00217850833e-06,-2.17274733037e-11,-4.80382802691e-08,1.26861099188e-11,kamphangsean2
0.18227110351,0.00386123593606,1.47405413042e-05,1.05365557459e-05,-1.07536290649e-10,-6.29925260107e-08,7.53578904899e-11,kamphangsean2
0.180568862279,0.00362667503034,3.11566448614e-07,6.18389964099e-06,-8.22854354424e-12,-1.35670647582e-07,-2.44317360425e-12,kamphangsean2
0.179197704616,0.00234717455639,2.86278105941e-05,6.15719805845e-06,-2.98337064492e-11,1.70611183797e-07,7.61079987889e-11,kamphangsean2
0.174725186964,0.00236204237455,3.46119540847e-05,7.10149963816e-06,-8.85205712207e-11,1.19398467976e-07,6.75274676114e-11,kamphangsean2
0.175148926465,0.00260523814228,6.22277711588e-06,5.73573145207e-06,-3.07954918574e-11,-1.77510228784e-07,-1.50286702027e-11,kamphangsean2
0.169851826176,0.000911084861319,1.93749419031e-07,4.11402432176e-06,-3.61275454474e-12,-5.24811019422e-08,-6.62499936508e-13,kamphangsean2
0.176307404837,0.0026064001605,1.18773678869e-05,7.80817603555e-06,1.82601060633e-11,2.55772334527e-07,-7.29434046019e-11,kamphangsean2
0.177398730853,0.00267353451986,2.08774853479e-05,1.03861397805e-05,-1.1133351938e-10,7.42020571726e-08,1.04859003271e-10,kamphangsean2
0.18112134823,0.00343693857842,3.87915885615e-06,9.72714998999e-06,-5.83211210183e-11,9.05216113984e-09,-1.29946954409e-11,kamphangsean2
0.184357791324,0.00505140577446,1.621699455e-05,3.88704193366e-06,-3.07393180949e-11,2.95973244115e-08,2.74104322222e-12,kamphangsean2
0.175784162814,0.00262963562601,1.56104995604e-05,7.14007444169e-06,-7.4966370786e-11,-1.83081130166e-07,7.89648820152e-12,kamphangsean2
0.181959418065,0.00481558736012,4.34576220777e-05,9.7810140614e-06,-2.7304917082e-12,4.57354738914e-07,-2.01636424731e-10,kamphangsean2
0.181198439919,0.0044774980385,8.86547137564e-06,7.89306175247e-06,-5.25569262564e-11,-2.94003857825e-07,-3.99660616286e-11,kamphangsean2
0.176434423132,0.00196893708325,1.02282785039e-05,8.88657577029e-06,-8.1623071176e-11,-3.30294261445e-07,2.27093483983e-11,kamphangsean2
0.182195312971,0.00216850029606,3.8792931499e-06,8.91733294982e-06,-2.84956130895e-11,2.98592174644e-07,-4.40317014189e-11,kamphangsean2
0.178020812171,0.00340055846129,1.56745616462e-05,6.26192836998e-06,-6.00420762714e-11,-5.88164152167e-08,1.56108608315e-11,kamphangsean2
0.187075782641,0.00428107827121,5.30820905182e-06,7.99476980406e-06,-2.8675645054e-11,9.41623445567e-08,4.34762395861e-11,kamphangsean2
0.167845631583,0.00132963352979,6.60871607811e-06,1.61713519003e-06,-5.13806895754e-12,-8.93396064698e-09,1.24442405349e-12,kamphangsean2
0.182885113445,0.00260409661637,8.70218458927e-06,7.31709732882e-06,-3.86499447597e-11,6.74569710576e-08,4.37643848497e-11,kamphangsean2
0.182437010646,0.00436857167972,4.08041688725e-05,1.06373052721e-05,-5.49045695436e-11,3.36356935163e-07,-2.14706359761e-10,kamphangsean2
0.179177175637,0.00306295052714,6.9906007472e-06,9.96781549443e-06,-4.10591722923e-11,1.88663758733e-07,-7.2370335159e-11,kamphangsean2
0.175699394224,0.00456823714095,5.32993793108e-05,4.72887395817e-06,3.29669495133e-11,1.97237893162e-07,-6.74499568265e-11,kamphangsean2
0.182260302527,0.00518805814199,2.73944257327e-05,6.46456775145e-06,-2.07593295842e-11,3.74673042302e-07,-8.34858337534e-11,kamphangsean2
0.184485316102,0.00424790745441,7.60306721663e-06,7.66164463749e-06,-5.77079362019e-11,-8.01155725646e-08,-9.44632032751e-12,kamphangsean2
0.183590719185,0.00512587005925,1.15083286835e-05,6.90443033493e-06,-5.19872355684e-11,7.42558562102e-08,-3.29424324693e-11,kamphangsean2
0.181354114878,0.00381020521229,5.46405139364e-06,1.00398245238e-05,-5.05142736884e-11,-1.16010739867e-07,5.45701460908e-11,kamphangsean2
0.181075595403,0.00466293185652,1.18330304669e-05,3.95468339073e-06,-2.65731824838e-11,-4.50621676594e-08,-5.07259786742e-12,kamphangsean2
0.170617527573,0.00121220490908,4.65898680774e-07,3.14751154572e-06,4.62757430601e-13,-5.25820116748e-08,-3.78331101968e-12,kamphangsean2
0.179358689098,0.00436597139269,1.73375948825e-05,4.32562830053e-06,-3.01994618828e-11,1.73623533644e-07,-2.21640927075e-11,kamphangsean2
0.180400597937,0.00324012638576,2.25480721693e-05,9.81077034618e-06,-5.37715849752e-11,2.35769864975e-07,-1.35649286084e-10,kamphangsean2
0.177000720384,0.00323890195017,2.53194152384e-05,6.8077266644e-06,-5.88558389524e-11,1.66739607137e-07,-6.72636148071e-11,kamphangsean2
0.188292894912,0.00705175833834,2.2117430273e-05,6.37606507106e-06,-3.49705133756e-11,2.73385074649e-07,-6.71580799493e-11,kamphangsean2
0.181276267716,0.00383779554505,4.92308711795e-05,1.05733869125e-05,-1.85086064778e-10,3.8714612158e-08,1.54717078722e-10,kamphangsean2
0.176378022128,0.00438157596031,3.60491489712e-05,5.14488299852e-06,2.73071102185e-12,1.52085239032e-07,-7.00133222561e-11,kamphangsean2
0.178460218642,0.00302013932575,3.87223329107e-05,9.29857573154e-06,-1.36662330261e-10,2.00087438138e-07,-1.11605014148e-10,kamphangsean2
0.179092079468,0.00302522327394,1.78101622159e-05,1.08089788745e-05,-9.04594311244e-11,1.6580513915e-07,1.19619272908e-10,kamphangsean2
0.176631471951,0.00310043259213,2.59783981753e-05,6.79165179847e-06,-6.80532134181e-11,8.01504477212e-08,5.92212136689e-11,kamphangsean2
0.179156142536,0.00321606608148,3.40632952433e-05,9.09945905794e-06,-5.50741203723e-11,3.28791802958e-07,-1.50437280483e-10,kamphangsean2
0.1808738911,0.00324962063828,2.36327104189e-05,1.21715426723e-05,-1.14976615325e-10,2.85265030195e-07,1.71447346061e-10,kamphangsean2
