0	1.656805e-01	0.000000e+00	0.000000e+00	0.000000e+00	0.000000e+00	0.000000e+00	0.000000e+00
1	1.719037e-01	4.908698e-04	2.488211e-04	1.336901e-05	7.544696e-10	-2.821500e-07	1.591255e-10
2	1.680128e-01	8.053014e-04	1.255992e-04	9.214899e-06	-2.880618e-10	-1.725951e-07	1.236888e-10
3	1.679954e-01	8.081284e-04	3.071795e-04	1.082710e-05	-6.154260e-10	-2.607934e-07	-1.054920e-10
4	1.679954e-01	8.081284e-04	3.071795e-04	1.082710e-05	-6.154260e-10	-2.607934e-07	-1.054920e-10
5	1.675347e-01	1.519851e-03	2.970519e-04	7.951211e-06	-1.406761e-10	-3.006328e-07	3.599098e-10
6	1.675347e-01	1.519851e-03	2.970519e-04	7.951211e-06	-1.406761e-10	-3.006328e-07	3.599098e-10
7	1.675347e-01	1.519851e-03	2.970519e-04	7.951211e-06	-1.406761e-10	-3.006328e-07	3.599098e-10
8	1.675347e-01	1.519851e-03	2.970519e-04	7.951211e-06	-1.406761e-10	-3.006328e-07	3.599098e-10
9	1.675347e-01	1.519851e-03	2.970519e-04	7.951211e-06	-1.406761e-10	-3.006328e-07	3.599098e-10
10	1.709542e-01	1.106759e-04	6.479056e-04	1.296347e-05	8.102039e-10	2.707182e-08	-8.689374e-10
11	1.691985e-01	3.856036e-05	8.534655e-04	1.619035e-05	6.566048e-10	9.960931e-08	-1.786316e-09
12	1.660228e-01	2.480750e-04	4.178787e-04	7.364805e-06	-3.043430e-10	5.947476e-08	-2.725897e-10
13	1.660228e-01	2.480750e-04	4.178787e-04	7.364805e-06	-3.043430e-10	5.947476e-08	-2.725897e-10
14	1.660228e-01	2.480750e-04	4.178787e-04	7.364805e-06	-3.043430e-10	5.947476e-08	-2.725897e-10
15	1.634110e-01	9.519853e-04	2.254881e-04	4.097658e-06	8.823879e-11	1.253441e-07	8.790995e-11
16	1.630498e-01	1.308195e-05	5.229904e-05	1.596882e-06	-1.270452e-11	3.018218e-09	-7.180689e-12
17	1.630498e-01	1.308195e-05	5.229904e-05	1.596882e-06	-1.270452e-11	3.018218e-09	-7.180689e-12
18	1.697772e-01	1.563607e-04	2.112039e-08	9.618622e-06	-4.327694e-12	-2.326578e-08	-2.568667e-13
19	1.732555e-01	9.738179e-05	3.208685e-05	2.110827e-05	5.061722e-10	2.081790e-07	-2.134613e-10
20	1.740633e-01	1.802577e-04	3.210010e-04	1.120323e-06	2.007818e-11	1.427234e-08	6.945490e-12
21	1.722693e-01	2.811210e-04	1.227464e-04	1.179800e-06	1.419767e-11	-1.978131e-08	-1.730149e-26
22	1.682581e-01	3.300629e-04	7.298466e-05	2.661899e-06	2.914617e-11	4.599998e-08	-2.295857e-11
23	1.732555e-01	9.738179e-05	3.208685e-05	2.110827e-05	5.061722e-10	2.081790e-07	-2.134613e-10
24	1.629051e-01	1.414944e-05	9.100513e-05	1.350154e-06	-1.467578e-11	2.189046e-09	2.933423e-12
25	1.629051e-01	1.414944e-05	9.100513e-05	1.350154e-06	-1.467578e-11	2.189046e-09	2.933423e-12
26	1.629051e-01	1.414944e-05	9.100513e-05	1.350154e-06	-1.467578e-11	2.189046e-09	2.933423e-12
27	1.622421e-01	2.648547e-04	2.459488e-04	2.022004e-06	-2.775108e-11	1.940378e-08	3.554050e-11
28	1.704611e-01	3.742336e-04	5.199920e-06	1.441222e-05	-4.926434e-11	2.459320e-07	1.146275e-10
29	1.664000e-01	2.969600e-04	3.929702e-05	1.613824e-06	1.279491e-11	-2.702705e-08	-1.207960e-12
30	1.600000e-01	0.000000e+00	0.000000e+00	0.000000e+00	0.000000e+00	0.000000e+00	0.000000e+00
31	1.664000e-01	2.969600e-04	3.929702e-05	1.613824e-06	1.279491e-11	-2.702705e-08	-1.207960e-12
32	1.664000e-01	2.969600e-04	3.929702e-05	1.613824e-06	1.279491e-11	-2.702705e-08	-1.207960e-12
33	1.728000e-01	1.024000e-05	1.215775e-04	7.217152e-06	-1.848788e-10	9.673114e-09	-1.073473e-10
34	1.664000e-01	2.969600e-04	3.929702e-05	1.613824e-06	1.279491e-11	-2.702705e-08	1.207960e-12
35	1.645689e-01	1.136691e-03	3.614726e-05	1.646221e-07	2.871094e-13	-5.549851e-09	-2.807724e-13
36	1.645689e-01	1.136691e-03	3.614726e-05	1.646221e-07	2.871094e-13	-5.549851e-09	-2.807724e-13
37	1.676371e-01	7.071535e-04	1.288674e-04	1.065439e-05	2.636857e-10	9.608334e-08	2.938159e-10
38	1.721049e-01	2.711234e-04	2.738939e-04	1.107505e-05	-6.099370e-10	1.821210e-07	6.479321e-12
39	1.728963e-01	4.700127e-05	1.516374e-04	8.904831e-06	-3.024100e-10	3.006545e-08	-1.249883e-10
40	1.763787e-01	3.783407e-04	4.645450e-04	1.250091e-05	-4.593405e-10	9.798858e-08	8.345767e-10
41	1.813101e-01	8.147754e-04	1.616590e-05	8.372968e-06	-2.543309e-11	1.457521e-07	-9.403481e-11
42	1.714474e-01	6.269291e-04	7.471960e-05	1.529155e-06	-1.162032e-11	-3.646046e-08	-1.149518e-11
43	1.612559e-01	1.042990e-05	2.269728e-04	1.507609e-06	-1.528313e-11	4.530313e-09	-2.332757e-11
44	1.594329e-01	2.010225e-04	1.407061e-04	2.422584e-09	1.414408e-15	-3.434798e-11	-6.917717e-27
45	1.596121e-01	1.044612e-04	4.864738e-05	1.280036e-07	-2.428660e-13	1.298241e-09	-2.074745e-13
46	1.601240e-01	2.668021e-05	0.000000e+00	0.000000e+00	0.000000e+00	0.000000e+00	0.000000e+00
47	1.596121e-01	1.044612e-04	4.864738e-05	1.280036e-07	-2.428660e-13	1.298241e-09	2.074745e-13
48	1.596121e-01	1.044612e-04	4.864738e-05	1.280036e-07	-2.428660e-13	1.298241e-09	2.074745e-13
49	1.630498e-01	1.115420e-04	1.735627e-05	4.070825e-06	3.080419e-11	2.241638e-08	1.489828e-11
50	1.662720e-01	3.838116e-04	1.297667e-04	1.224681e-05	4.855790e-10	2.179894e-07	5.071983e-11
51	1.665943e-01	7.103238e-04	1.605396e-05	1.200059e-05	1.567432e-10	3.088710e-07	-5.636360e-11
52	1.645689e-01	1.136691e-03	3.614726e-05	1.646221e-07	2.871094e-13	-5.549851e-09	2.807724e-13
53	1.676371e-01	7.071535e-04	1.288674e-04	1.065439e-05	2.636857e-10	9.608334e-08	-2.938159e-10
54	1.615846e-01	3.651547e-04	3.714047e-05	1.722702e-06	-4.863608e-12	2.388391e-08	1.289282e-11
55	1.615846e-01	3.651547e-04	3.714047e-05	1.722702e-06	-4.863608e-12	2.388391e-08	1.289282e-11
56	1.688173e-01	2.037344e-05	1.708299e-04	1.001461e-05	4.126714e-10	-2.089627e-08	-3.580864e-11
57	1.709241e-01	1.357560e-04	2.297200e-04	1.265415e-05	5.965445e-10	9.222029e-08	-3.310750e-10
58	1.673379e-01	2.066796e-04	1.752091e-04	2.232043e-06	2.827209e-11	2.608141e-08	3.389729e-11
59	1.664000e-01	2.969600e-04	3.929702e-05	1.613824e-06	1.279491e-11	-2.702705e-08	1.207960e-12
60	1.664000e-01	2.969600e-04	3.929702e-05	1.613824e-06	1.279491e-11	-2.702705e-08	1.207960e-12
61	1.600000e-01	0.000000e+00	0.000000e+00	0.000000e+00	0.000000e+00	0.000000e+00	0.000000e+00
62	1.600000e-01	0.000000e+00	0.000000e+00	0.000000e+00	0.000000e+00	0.000000e+00	0.000000e+00
63	1.600000e-01	0.000000e+00	0.000000e+00	0.000000e+00	0.000000e+00	0.000000e+00	0.000000e+00
64	1.591435e-01	2.093112e-04	8.188333e-05	4.845167e-07	3.051834e-12	-7.009791e-09	6.865128e-25
65	1.618924e-01	3.302303e-04	2.353280e-05	5.228529e-06	5.678364e-11	6.366082e-08	-1.180167e-11
66	1.658585e-01	2.382665e-04	6.057566e-05	6.018818e-06	-1.058527e-10	-5.630795e-08	4.475533e-11
67	1.658585e-01	2.382665e-04	6.057566e-05	6.018818e-06	-1.058527e-10	-5.630795e-08	4.475533e-11
68	1.658585e-01	2.382665e-04	6.057566e-05	6.018818e-06	-1.058527e-10	-5.630795e-08	4.475533e-11
69	1.660880e-01	5.147382e-04	2.570071e-04	5.256813e-06	1.483553e-10	7.240385e-09	-1.237958e-10
70	1.660880e-01	5.147382e-04	2.570071e-04	5.256813e-06	1.483553e-10	7.240385e-09	-1.237958e-10
71	1.617920e-01	1.719665e-04	1.486705e-04	3.792566e-06	-8.260418e-11	4.962731e-08	3.586944e-11
72	1.645689e-01	1.571142e-04	2.753835e-04	1.343277e-05	-7.721728e-10	6.711750e-08	2.668786e-10
73	1.582457e-01	3.150558e-04	1.065177e-04	4.629039e-06	1.027891e-10	8.216457e-08	-0.000000e+00
74	1.610915e-01	2.188658e-06	2.231134e-04	7.068284e-06	-2.806944e-10	-1.045690e-08	9.182518e-24
75	1.642795e-01	2.649095e-04	1.165878e-04	2.507933e-06	4.288450e-11	-4.081922e-08	0.000000e+00
76	1.642795e-01	2.649095e-04	1.165878e-04	2.507933e-06	4.288450e-11	-4.081922e-08	0.000000e+00
77	1.610915e-01	2.188658e-06	2.231134e-04	7.068284e-06	-2.806944e-10	-1.045690e-08	2.754141e-23
78	1.629051e-01	2.030319e-04	2.273958e-04	1.017727e-05	-2.840594e-10	9.881212e-08	-3.987670e-10
79	1.660228e-01	2.480750e-04	4.178787e-04	7.364805e-06	-3.043430e-10	5.947476e-08	2.725897e-10
80	1.660228e-01	2.480750e-04	4.178787e-04	7.364805e-06	-3.043430e-10	5.947476e-08	2.725897e-10
81	1.670091e-01	1.342810e-03	1.634154e-04	6.249582e-06	1.269604e-10	-2.151240e-07	-1.541733e-10
82	1.675347e-01	1.519851e-03	2.970519e-04	7.951211e-06	-1.406761e-10	-3.006328e-07	-3.599098e-10
83	1.675347e-01	1.519851e-03	2.970519e-04	7.951211e-06	-1.406761e-10	-3.006328e-07	-3.599098e-10
84	1.675347e-01	1.519851e-03	2.970519e-04	7.951211e-06	-1.406761e-10	-3.006328e-07	-3.599098e-10
85	1.675347e-01	1.519851e-03	2.970519e-04	7.951211e-06	-1.406761e-10	-3.006328e-07	-3.599098e-10
86	1.675347e-01	1.519851e-03	2.970519e-04	7.951211e-06	-1.406761e-10	-3.006328e-07	-3.599098e-10
87	1.670091e-01	2.245185e-03	1.201952e-04	4.171253e-06	-9.507114e-12	-1.802835e-07	-9.291414e-11
88	1.677310e-01	1.524115e-03	2.047755e-04	7.200329e-06	-1.986446e-10	-1.599559e-07	1.923093e-10
89	1.645611e-01	6.715939e-04	4.130155e-05	3.884182e-06	-4.919631e-11	-1.006591e-07	-3.850597e-24
90	1.656805e-01	0.000000e+00	0.000000e+00	0.000000e+00	0.000000e+00	0.000000e+00	0.000000e+00
91	1.719037e-01	4.908698e-04	2.488211e-04	1.336901e-05	7.544696e-10	-2.821500e-07	1.591255e-10
92	1.680128e-01	8.053014e-04	1.255992e-04	9.214899e-06	-2.880618e-10	-1.725951e-07	1.236888e-10
93	1.679954e-01	8.081284e-04	3.071795e-04	1.082710e-05	-6.154260e-10	-2.607934e-07	-1.054920e-10
94	1.679954e-01	8.081284e-04	3.071795e-04	1.082710e-05	-6.154260e-10	-2.607934e-07	-1.054920e-10
95	1.675347e-01	1.519851e-03	2.970519e-04	7.951211e-06	-1.406761e-10	-3.006328e-07	3.599098e-10
96	1.675347e-01	1.519851e-03	2.970519e-04	7.951211e-06	-1.406761e-10	-3.006328e-07	3.599098e-10
97	1.675347e-01	1.519851e-03	2.970519e-04	7.951211e-06	-1.406761e-10	-3.006328e-07	3.599098e-10
98	1.675347e-01	1.519851e-03	2.970519e-04	7.951211e-06	-1.406761e-10	-3.006328e-07	3.599098e-10
99	1.675347e-01	1.519851e-03	2.970519e-04	7.951211e-06	-1.406761e-10	-3.006328e-07	3.599098e-10
100	1.709542e-01	1.106759e-04	6.479056e-04	1.296347e-05	8.102039e-10	2.707182e-08	-8.689374e-10
101	1.691985e-01	3.856036e-05	8.534655e-04	1.619035e-05	6.566048e-10	9.960931e-08	-1.786316e-09
102	1.660228e-01	2.480750e-04	4.178787e-04	7.364805e-06	-3.043430e-10	5.947476e-08	-2.725897e-10
103	1.660228e-01	2.480750e-04	4.178787e-04	7.364805e-06	-3.043430e-10	5.947476e-08	-2.725897e-10
104	1.660228e-01	2.480750e-04	4.178787e-04	7.364805e-06	-3.043430e-10	5.947476e-08	-2.725897e-10
105	1.634110e-01	9.519853e-04	2.254881e-04	4.097658e-06	8.823879e-11	1.253441e-07	8.790995e-11
106	1.630498e-01	1.308195e-05	5.229904e-05	1.596882e-06	-1.270452e-11	3.018218e-09	-7.180689e-12
107	1.630498e-01	1.308195e-05	5.229904e-05	1.596882e-06	-1.270452e-11	3.018218e-09	-7.180689e-12
108	1.697772e-01	1.563607e-04	2.112039e-08	9.618622e-06	-4.327694e-12	-2.326578e-08	-2.568667e-13
109	1.732555e-01	9.738179e-05	3.208685e-05	2.110827e-05	5.061722e-10	2.081790e-07	-2.134613e-10
110	1.740633e-01	1.802577e-04	3.210010e-04	1.120323e-06	2.007818e-11	1.427234e-08	6.945490e-12
111	1.722693e-01	2.811210e-04	1.227464e-04	1.179800e-06	1.419767e-11	-1.978131e-08	1.302531e-23
112	1.682581e-01	3.300629e-04	7.298466e-05	2.661899e-06	2.914617e-11	4.599998e-08	-2.295857e-11
113	1.732555e-01	9.738179e-05	3.208685e-05	2.110827e-05	5.061722e-10	2.081790e-07	-2.134613e-10
114	1.629051e-01	1.414944e-05	9.100513e-05	1.350154e-06	-1.467578e-11	2.189046e-09	2.933423e-12
115	1.629051e-01	1.414944e-05	9.100513e-05	1.350154e-06	-1.467578e-11	2.189046e-09	2.933423e-12
116	1.629051e-01	1.414944e-05	9.100513e-05	1.350154e-06	-1.467578e-11	2.189046e-09	2.933423e-12
117	1.622421e-01	2.648547e-04	2.459488e-04	2.022004e-06	-2.775108e-11	1.940378e-08	3.554050e-11
118	1.704611e-01	3.742336e-04	5.199920e-06	1.441222e-05	-4.926434e-11	2.459320e-07	1.146275e-10
119	1.664000e-01	2.969600e-04	3.929702e-05	1.613824e-06	1.279491e-11	-2.702705e-08	-1.207960e-12
120	1.600000e-01	0.000000e+00	0.000000e+00	0.000000e+00	0.000000e+00	0.000000e+00	0.000000e+00
121	1.664000e-01	2.969600e-04	3.929702e-05	1.613824e-06	1.279491e-11	-2.702705e-08	-1.207960e-12
122	1.664000e-01	2.969600e-04	3.929702e-05	1.613824e-06	1.279491e-11	-2.702705e-08	-1.207960e-12
123	1.728000e-01	1.024000e-05	1.215775e-04	7.217152e-06	-1.848788e-10	9.673114e-09	-1.073473e-10
124	1.664000e-01	2.969600e-04	3.929702e-05	1.613824e-06	1.279491e-11	-2.702705e-08	1.207960e-12
125	1.645689e-01	1.136691e-03	3.614726e-05	1.646221e-07	2.871094e-13	-5.549851e-09	-2.807724e-13
126	1.645689e-01	1.136691e-03	3.614726e-05	1.646221e-07	2.871094e-13	-5.549851e-09	-2.807724e-13
127	1.676371e-01	7.071535e-04	1.288674e-04	1.065439e-05	2.636857e-10	9.608334e-08	2.938159e-10
128	1.721049e-01	2.711234e-04	2.738939e-04	1.107505e-05	-6.099370e-10	1.821210e-07	6.479321e-12
129	1.728963e-01	4.700127e-05	1.516374e-04	8.904831e-06	-3.024100e-10	3.006545e-08	-1.249883e-10
130	1.763787e-01	3.783407e-04	4.645450e-04	1.250091e-05	-4.593405e-10	9.798858e-08	8.345767e-10
131	1.813101e-01	8.147754e-04	1.616590e-05	8.372968e-06	-2.543309e-11	1.457521e-07	-9.403481e-11
132	1.714474e-01	6.269291e-04	7.471960e-05	1.529155e-06	-1.162032e-11	-3.646046e-08	-1.149518e-11
133	1.612559e-01	1.042990e-05	2.269728e-04	1.507609e-06	-1.528313e-11	4.530313e-09	-2.332757e-11
134	1.594329e-01	2.010225e-04	1.407061e-04	2.422584e-09	1.414408e-15	-3.434798e-11	-9.565905e-27
135	1.596121e-01	1.044612e-04	4.864738e-05	1.280036e-07	-2.428660e-13	1.298241e-09	-2.074745e-13
136	1.601240e-01	2.668021e-05	0.000000e+00	0.000000e+00	0.000000e+00	0.000000e+00	0.000000e+00
137	1.596121e-01	1.044612e-04	4.864738e-05	1.280036e-07	-2.428660e-13	1.298241e-09	2.074745e-13
138	1.596121e-01	1.044612e-04	4.864738e-05	1.280036e-07	-2.428660e-13	1.298241e-09	2.074745e-13
139	1.630498e-01	1.115420e-04	1.735627e-05	4.070825e-06	3.080419e-11	2.241638e-08	1.489828e-11
140	1.662720e-01	3.838116e-04	1.297667e-04	1.224681e-05	4.855790e-10	2.179894e-07	5.071983e-11
141	1.665943e-01	7.103238e-04	1.605396e-05	1.200059e-05	1.567432e-10	3.088710e-07	-5.636360e-11
142	1.645689e-01	1.136691e-03	3.614726e-05	1.646221e-07	2.871094e-13	-5.549851e-09	2.807724e-13
143	1.676371e-01	7.071535e-04	1.288674e-04	1.065439e-05	2.636857e-10	9.608334e-08	-2.938159e-10
144	1.615846e-01	3.651547e-04	3.714047e-05	1.722702e-06	-4.863608e-12	2.388391e-08	1.289282e-11
145	1.615846e-01	3.651547e-04	3.714047e-05	1.722702e-06	-4.863608e-12	2.388391e-08	1.289282e-11
146	1.688173e-01	2.037344e-05	1.708299e-04	1.001461e-05	4.126714e-10	-2.089627e-08	-3.580864e-11
147	1.709241e-01	1.357560e-04	2.297200e-04	1.265415e-05	5.965445e-10	9.222029e-08	-3.310750e-10
148	1.673379e-01	2.066796e-04	1.752091e-04	2.232043e-06	2.827209e-11	2.608141e-08	3.389729e-11
149	1.664000e-01	2.969600e-04	3.929702e-05	1.613824e-06	1.279491e-11	-2.702705e-08	1.207960e-12
150	1.664000e-01	2.969600e-04	3.929702e-05	1.613824e-06	1.279491e-11	-2.702705e-08	1.207960e-12
151	1.600000e-01	0.000000e+00	0.000000e+00	0.000000e+00	0.000000e+00	0.000000e+00	0.000000e+00
152	1.600000e-01	0.000000e+00	0.000000e+00	0.000000e+00	0.000000e+00	0.000000e+00	0.000000e+00
153	1.600000e-01	0.000000e+00	0.000000e+00	0.000000e+00	0.000000e+00	0.000000e+00	0.000000e+00
154	1.591435e-01	2.093112e-04	8.188333e-05	4.845167e-07	3.051834e-12	-7.009791e-09	-2.588260e-24
155	1.618924e-01	3.302303e-04	2.353280e-05	5.228529e-06	5.678364e-11	6.366082e-08	-1.180167e-11
156	1.658585e-01	2.382665e-04	6.057566e-05	6.018818e-06	-1.058527e-10	-5.630795e-08	4.475533e-11
157	1.658585e-01	2.382665e-04	6.057566e-05	6.018818e-06	-1.058527e-10	-5.630795e-08	4.475533e-11
158	1.658585e-01	2.382665e-04	6.057566e-05	6.018818e-06	-1.058527e-10	-5.630795e-08	4.475533e-11
159	1.660880e-01	5.147382e-04	2.570071e-04	5.256813e-06	1.483553e-10	7.240385e-09	-1.237958e-10
160	1.660880e-01	5.147382e-04	2.570071e-04	5.256813e-06	1.483553e-10	7.240385e-09	-1.237958e-10
161	1.617920e-01	1.719665e-04	1.486705e-04	3.792566e-06	-8.260418e-11	4.962731e-08	3.586944e-11
162	1.645689e-01	1.571142e-04	2.753835e-04	1.343277e-05	-7.721728e-10	6.711750e-08	2.668786e-10
163	1.582457e-01	3.150558e-04	1.065177e-04	4.629039e-06	1.027891e-10	8.216457e-08	2.663101e-24
164	1.610915e-01	2.188658e-06	2.231134e-04	7.068284e-06	-2.806944e-10	-1.045690e-08	2.136262e-23
165	1.642795e-01	2.649095e-04	1.165878e-04	2.507933e-06	4.288450e-11	-4.081922e-08	0.000000e+00
166	1.642795e-01	2.649095e-04	1.165878e-04	2.507933e-06	4.288450e-11	-4.081922e-08	0.000000e+00
167	1.610915e-01	2.188658e-06	2.231134e-04	7.068284e-06	-2.806944e-10	-1.045690e-08	-1.667841e-25
168	1.629051e-01	2.030319e-04	2.273958e-04	1.017727e-05	-2.840594e-10	9.881212e-08	-3.987670e-10
169	1.660228e-01	2.480750e-04	4.178787e-04	7.364805e-06	-3.043430e-10	5.947476e-08	2.725897e-10
170	1.660228e-01	2.480750e-04	4.178787e-04	7.364805e-06	-3.043430e-10	5.947476e-08	2.725897e-10
171	1.670091e-01	1.342810e-03	1.634154e-04	6.249582e-06	1.269604e-10	-2.151240e-07	-1.541733e-10
172	1.675347e-01	1.519851e-03	2.970519e-04	7.951211e-06	-1.406761e-10	-3.006328e-07	-3.599098e-10
173	1.675347e-01	1.519851e-03	2.970519e-04	7.951211e-06	-1.406761e-10	-3.006328e-07	-3.599098e-10
174	1.675347e-01	1.519851e-03	2.970519e-04	7.951211e-06	-1.406761e-10	-3.006328e-07	-3.599098e-10
175	1.675347e-01	1.519851e-03	2.970519e-04	7.951211e-06	-1.406761e-10	-3.006328e-07	-3.599098e-10
176	1.675347e-01	1.519851e-03	2.970519e-04	7.951211e-06	-1.406761e-10	-3.006328e-07	-3.599098e-10
177	1.670091e-01	2.245185e-03	1.201952e-04	4.171253e-06	-9.507114e-12	-1.802835e-07	-9.291414e-11
178	1.677310e-01	1.524115e-03	2.047755e-04	7.200329e-06	-1.986446e-10	-1.599559e-07	1.923093e-10
179	1.645611e-01	6.715939e-04	4.130155e-05	3.884182e-06	-4.919631e-11	-1.006591e-07	9.443755e-24
180	1.656805e-01	0.000000e+00	0.000000e+00	0.000000e+00	0.000000e+00	0.000000e+00	0.000000e+00
181	1.719037e-01	4.908698e-04	2.488211e-04	1.336901e-05	7.544696e-10	-2.821500e-07	1.591255e-10
182	1.680128e-01	8.053014e-04	1.255992e-04	9.214899e-06	-2.880618e-10	-1.725951e-07	1.236888e-10
183	1.679954e-01	8.081284e-04	3.071795e-04	1.082710e-05	-6.154260e-10	-2.607934e-07	-1.054920e-10
184	1.679954e-01	8.081284e-04	3.071795e-04	1.082710e-05	-6.154260e-10	-2.607934e-07	-1.054920e-10
185	1.675347e-01	1.519851e-03	2.970519e-04	7.951211e-06	-1.406761e-10	-3.006328e-07	3.599098e-10
186	1.675347e-01	1.519851e-03	2.970519e-04	7.951211e-06	-1.406761e-10	-3.006328e-07	3.599098e-10
187	1.675347e-01	1.519851e-03	2.970519e-04	7.951211e-06	-1.406761e-10	-3.006328e-07	3.599098e-10
188	1.675347e-01	1.519851e-03	2.970519e-04	7.951211e-06	-1.406761e-10	-3.006328e-07	3.599098e-10
189	1.675347e-01	1.519851e-03	2.970519e-04	7.951211e-06	-1.406761e-10	-3.006328e-07	3.599098e-10
190	1.709542e-01	1.106759e-04	6.479056e-04	1.296347e-05	8.102039e-10	2.707182e-08	-8.689374e-10
191	1.691985e-01	3.856036e-05	8.534655e-04	1.619035e-05	6.566048e-10	9.960931e-08	-1.786316e-09
192	1.660228e-01	2.480750e-04	4.178787e-04	7.364805e-06	-3.043430e-10	5.947476e-08	-2.725897e-10
193	1.660228e-01	2.480750e-04	4.178787e-04	7.364805e-06	-3.043430e-10	5.947476e-08	-2.725897e-10
194	1.660228e-01	2.480750e-04	4.178787e-04	7.364805e-06	-3.043430e-10	5.947476e-08	-2.725897e-10
195	1.634110e-01	9.519853e-04	2.254881e-04	4.097658e-06	8.823879e-11	1.253441e-07	8.790995e-11
196	1.630498e-01	1.308195e-05	5.229904e-05	1.596882e-06	-1.270452e-11	3.018218e-09	-7.180689e-12
197	1.630498e-01	1.308195e-05	5.229904e-05	1.596882e-06	-1.270452e-11	3.018218e-09	-7.180689e-12
198	1.697772e-01	1.563607e-04	2.112039e-08	9.618622e-06	-4.327694e-12	-2.326578e-08	-2.568667e-13
199	1.732555e-01	9.738179e-05	3.208685e-05	2.110827e-05	5.061722e-10	2.081790e-07	-2.134613e-10
200	1.740633e-01	1.802577e-04	3.210010e-04	1.120323e-06	2.007818e-11	1.427234e-08	6.945490e-12
201	1.722693e-01	2.811210e-04	1.227464e-04	1.179800e-06	1.419767e-11	-1.978131e-08	2.386122e-24
202	1.682581e-01	3.300629e-04	7.298466e-05	2.661899e-06	2.914617e-11	4.599998e-08	-2.295857e-11
203	1.732555e-01	9.738179e-05	3.208685e-05	2.110827e-05	5.061722e-10	2.081790e-07	-2.134613e-10
204	1.629051e-01	1.414944e-05	9.100513e-05	1.350154e-06	-1.467578e-11	2.189046e-09	2.933423e-12
205	1.629051e-01	1.414944e-05	9.100513e-05	1.350154e-06	-1.467578e-11	2.189046e-09	2.933423e-12
206	1.629051e-01	1.414944e-05	9.100513e-05	1.350154e-06	-1.467578e-11	2.189046e-09	2.933423e-12
207	1.622421e-01	2.648547e-04	2.459488e-04	2.022004e-06	-2.775108e-11	1.940378e-08	3.554050e-11
208	1.704611e-01	3.742336e-04	5.199920e-06	1.441222e-05	-4.926434e-11	2.459320e-07	1.146275e-10
209	1.664000e-01	2.969600e-04	3.929702e-05	1.613824e-06	1.279491e-11	-2.702705e-08	-1.207960e-12
210	1.600000e-01	0.000000e+00	0.000000e+00	0.000000e+00	0.000000e+00	0.000000e+00	0.000000e+00
211	1.664000e-01	2.969600e-04	3.929702e-05	1.613824e-06	1.279491e-11	-2.702705e-08	-1.207960e-12
212	1.664000e-01	2.969600e-04	3.929702e-05	1.613824e-06	1.279491e-11	-2.702705e-08	-1.207960e-12
213	1.728000e-01	1.024000e-05	1.215775e-04	7.217152e-06	-1.848788e-10	9.673114e-09	-1.073473e-10
214	1.664000e-01	2.969600e-04	3.929702e-05	1.613824e-06	1.279491e-11	-2.702705e-08	1.207960e-12
215	1.645689e-01	1.136691e-03	3.614726e-05	1.646221e-07	2.871094e-13	-5.549851e-09	-2.807724e-13
216	1.645689e-01	1.136691e-03	3.614726e-05	1.646221e-07	2.871094e-13	-5.549851e-09	-2.807724e-13
217	1.676371e-01	7.071535e-04	1.288674e-04	1.065439e-05	2.636857e-10	9.608334e-08	2.938159e-10
218	1.721049e-01	2.711234e-04	2.738939e-04	1.107505e-05	-6.099370e-10	1.821210e-07	6.479321e-12
219	1.728963e-01	4.700127e-05	1.516374e-04	8.904831e-06	-3.024100e-10	3.006545e-08	-1.249883e-10
220	1.763787e-01	3.783407e-04	4.645450e-04	1.250091e-05	-4.593405e-10	9.798858e-08	8.345767e-10
221	1.813101e-01	8.147754e-04	1.616590e-05	8.372968e-06	-2.543309e-11	1.457521e-07	-9.403481e-11
222	1.714474e-01	6.269291e-04	7.471960e-05	1.529155e-06	-1.162032e-11	-3.646046e-08	-1.149518e-11
223	1.612559e-01	1.042990e-05	2.269728e-04	1.507609e-06	-1.528313e-11	4.530313e-09	-2.332757e-11
224	1.594329e-01	2.010225e-04	1.407061e-04	2.422584e-09	1.414408e-15	-3.434798e-11	0.000000e+00
225	1.596121e-01	1.044612e-04	4.864738e-05	1.280036e-07	-2.428660e-13	1.298241e-09	-2.074745e-13
226	1.601240e-01	2.668021e-05	0.000000e+00	0.000000e+00	0.000000e+00	0.000000e+00	0.000000e+00
227	1.596121e-01	1.044612e-04	4.864738e-05	1.280036e-07	-2.428660e-13	1.298241e-09	2.074745e-13
228	1.596121e-01	1.044612e-04	4.864738e-05	1.280036e-07	-2.428660e-13	1.298241e-09	2.074745e-13
229	1.630498e-01	1.115420e-04	1.735627e-05	4.070825e-06	3.080419e-11	2.241638e-08	1.489828e-11
230	1.662720e-01	3.838116e-04	1.297667e-04	1.224681e-05	4.855790e-10	2.179894e-07	5.071983e-11
231	1.665943e-01	7.103238e-04	1.605396e-05	1.200059e-05	1.567432e-10	3.088710e-07	-5.636360e-11
232	1.645689e-01	1.136691e-03	3.614726e-05	1.646221e-07	2.871094e-13	-5.549851e-09	2.807724e-13
233	1.676371e-01	7.071535e-04	1.288674e-04	1.065439e-05	2.636857e-10	9.608334e-08	-2.938159e-10
234	1.615846e-01	3.651547e-04	3.714047e-05	1.722702e-06	-4.863608e-12	2.388391e-08	1.289282e-11
235	1.615846e-01	3.651547e-04	3.714047e-05	1.722702e-06	-4.863608e-12	2.388391e-08	1.289282e-11
236	1.688173e-01	2.037344e-05	1.708299e-04	1.001461e-05	4.126714e-10	-2.089627e-08	-3.580864e-11
237	1.709241e-01	1.357560e-04	2.297200e-04	1.265415e-05	5.965445e-10	9.222029e-08	-3.310750e-10
238	1.673379e-01	2.066796e-04	1.752091e-04	2.232043e-06	2.827209e-11	2.608141e-08	3.389729e-11
239	1.664000e-01	2.969600e-04	3.929702e-05	1.613824e-06	1.279491e-11	-2.702705e-08	1.207960e-12
240	1.664000e-01	2.969600e-04	3.929702e-05	1.613824e-06	1.279491e-11	-2.702705e-08	1.207960e-12
241	1.600000e-01	0.000000e+00	0.000000e+00	0.000000e+00	0.000000e+00	0.000000e+00	0.000000e+00
242	1.600000e-01	0.000000e+00	0.000000e+00	0.000000e+00	0.000000e+00	0.000000e+00	0.000000e+00
243	1.600000e-01	0.000000e+00	0.000000e+00	0.000000e+00	0.000000e+00	0.000000e+00	0.000000e+00
244	1.591435e-01	2.093112e-04	8.188333e-05	4.845167e-07	3.051834e-12	-7.009791e-09	-1.306412e-24
245	1.618924e-01	3.302303e-04	2.353280e-05	5.228529e-06	5.678364e-11	6.366082e-08	-1.180167e-11
246	1.658585e-01	2.382665e-04	6.057566e-05	6.018818e-06	-1.058527e-10	-5.630795e-08	4.475533e-11
247	1.658585e-01	2.382665e-04	6.057566e-05	6.018818e-06	-1.058527e-10	-5.630795e-08	4.475533e-11
248	1.658585e-01	2.382665e-04	6.057566e-05	6.018818e-06	-1.058527e-10	-5.630795e-08	4.475533e-11
249	1.660880e-01	5.147382e-04	2.570071e-04	5.256813e-06	1.483553e-10	7.240385e-09	-1.237958e-10
250	1.660880e-01	5.147382e-04	2.570071e-04	5.256813e-06	1.483553e-10	7.240385e-09	-1.237958e-10
251	1.617920e-01	1.719665e-04	1.486705e-04	3.792566e-06	-8.260418e-11	4.962731e-08	3.586944e-11
252	1.645689e-01	1.571142e-04	2.753835e-04	1.343277e-05	-7.721728e-10	6.711750e-08	2.668786e-10
253	1.582457e-01	3.150558e-04	1.065177e-04	4.629039e-06	1.027891e-10	8.216457e-08	0.000000e+00
254	1.610915e-01	2.188658e-06	2.231134e-04	7.068284e-06	-2.806944e-10	-1.045690e-08	1.014841e-23
255	1.642795e-01	2.649095e-04	1.165878e-04	2.507933e-06	4.288450e-11	-4.081922e-08	0.000000e+00
256	1.642795e-01	2.649095e-04	1.165878e-04	2.507933e-06	4.288450e-11	-4.081922e-08	0.000000e+00
257	1.610915e-01	2.188658e-06	2.231134e-04	7.068284e-06	-2.806944e-10	-1.045690e-08	-1.388444e-23
258	1.629051e-01	2.030319e-04	2.273958e-04	1.017727e-05	-2.840594e-10	9.881212e-08	-3.987670e-10
259	1.660228e-01	2.480750e-04	4.178787e-04	7.364805e-06	-3.043430e-10	5.947476e-08	2.725897e-10
260	1.660228e-01	2.480750e-04	4.178787e-04	7.364805e-06	-3.043430e-10	5.947476e-08	2.725897e-10
261	1.670091e-01	1.342810e-03	1.634154e-04	6.249582e-06	1.269604e-10	-2.151240e-07	-1.541733e-10
262	1.675347e-01	1.519851e-03	2.970519e-04	7.951211e-06	-1.406761e-10	-3.006328e-07	-3.599098e-10
263	1.675347e-01	1.519851e-03	2.970519e-04	7.951211e-06	-1.406761e-10	-3.006328e-07	-3.599098e-10
264	1.675347e-01	1.519851e-03	2.970519e-04	7.951211e-06	-1.406761e-10	-3.006328e-07	-3.599098e-10
265	1.675347e-01	1.519851e-03	2.970519e-04	7.951211e-06	-1.406761e-10	-3.006328e-07	-3.599098e-10
266	1.675347e-01	1.519851e-03	2.970519e-04	7.951211e-06	-1.406761e-10	-3.006328e-07	-3.599098e-10
267	1.670091e-01	2.245185e-03	1.201952e-04	4.171253e-06	-9.507114e-12	-1.802835e-07	-9.291414e-11
268	1.677310e-01	1.524115e-03	2.047755e-04	7.200329e-06	-1.986446e-10	-1.599559e-07	1.923093e-10
269	1.645611e-01	6.715939e-04	4.130155e-05	3.884182e-06	-4.919631e-11	-1.006591e-07	3.242475e-24
270	1.656805e-01	0.000000e+00	0.000000e+00	0.000000e+00	0.000000e+00	0.000000e+00	0.000000e+00
271	1.719037e-01	4.908698e-04	2.488211e-04	1.336901e-05	7.544696e-10	-2.821500e-07	1.591255e-10
272	1.680128e-01	8.053014e-04	1.255992e-04	9.214899e-06	-2.880618e-10	-1.725951e-07	1.236888e-10
273	1.679954e-01	8.081284e-04	3.071795e-04	1.082710e-05	-6.154260e-10	-2.607934e-07	-1.054920e-10
274	1.679954e-01	8.081284e-04	3.071795e-04	1.082710e-05	-6.154260e-10	-2.607934e-07	-1.054920e-10
275	1.675347e-01	1.519851e-03	2.970519e-04	7.951211e-06	-1.406761e-10	-3.006328e-07	3.599098e-10
276	1.675347e-01	1.519851e-03	2.970519e-04	7.951211e-06	-1.406761e-10	-3.006328e-07	3.599098e-10
277	1.675347e-01	1.519851e-03	2.970519e-04	7.951211e-06	-1.406761e-10	-3.006328e-07	3.599098e-10
278	1.675347e-01	1.519851e-03	2.970519e-04	7.951211e-06	-1.406761e-10	-3.006328e-07	3.599098e-10
279	1.675347e-01	1.519851e-03	2.970519e-04	7.951211e-06	-1.406761e-10	-3.006328e-07	3.599098e-10
280	1.709542e-01	1.106759e-04	6.479056e-04	1.296347e-05	8.102039e-10	2.707182e-08	-8.689374e-10
281	1.691985e-01	3.856036e-05	8.534655e-04	1.619035e-05	6.566048e-10	9.960931e-08	-1.786316e-09
282	1.660228e-01	2.480750e-04	4.178787e-04	7.364805e-06	-3.043430e-10	5.947476e-08	-2.725897e-10
283	1.660228e-01	2.480750e-04	4.178787e-04	7.364805e-06	-3.043430e-10	5.947476e-08	-2.725897e-10
284	1.660228e-01	2.480750e-04	4.178787e-04	7.364805e-06	-3.043430e-10	5.947476e-08	-2.725897e-10
285	1.634110e-01	9.519853e-04	2.254881e-04	4.097658e-06	8.823879e-11	1.253441e-07	8.790995e-11
286	1.630498e-01	1.308195e-05	5.229904e-05	1.596882e-06	-1.270452e-11	3.018218e-09	-7.180689e-12
287	1.630498e-01	1.308195e-05	5.229904e-05	1.596882e-06	-1.270452e-11	3.018218e-09	-7.180689e-12
288	1.697772e-01	1.563607e-04	2.112039e-08	9.618622e-06	-4.327694e-12	-2.326578e-08	-2.568667e-13
289	1.732555e-01	9.738179e-05	3.208685e-05	2.110827e-05	5.061722e-10	2.081790e-07	-2.134613e-10
290	1.740633e-01	1.802577e-04	3.210010e-04	1.120323e-06	2.007818e-11	1.427234e-08	6.945490e-12
291	1.722693e-01	2.811210e-04	1.227464e-04	1.179800e-06	1.419767e-11	-1.978131e-08	-4.500231e-24
292	1.682581e-01	3.300629e-04	7.298466e-05	2.661899e-06	2.914617e-11	4.599998e-08	-2.295857e-11
293	1.732555e-01	9.738179e-05	3.208685e-05	2.110827e-05	5.061722e-10	2.081790e-07	-2.134613e-10
294	1.629051e-01	1.414944e-05	9.100513e-05	1.350154e-06	-1.467578e-11	2.189046e-09	2.933423e-12
295	1.629051e-01	1.414944e-05	9.100513e-05	1.350154e-06	-1.467578e-11	2.189046e-09	2.933423e-12
296	1.629051e-01	1.414944e-05	9.100513e-05	1.350154e-06	-1.467578e-11	2.189046e-09	2.933423e-12
297	1.622421e-01	2.648547e-04	2.459488e-04	2.022004e-06	-2.775108e-11	1.940378e-08	3.554050e-11
298	1.704611e-01	3.742336e-04	5.199920e-06	1.441222e-05	-4.926434e-11	2.459320e-07	1.146275e-10
299	1.664000e-01	2.969600e-04	3.929702e-05	1.613824e-06	1.279491e-11	-2.702705e-08	-1.207960e-12
300	1.600000e-01	0.000000e+00	0.000000e+00	0.000000e+00	0.000000e+00	0.000000e+00	0.000000e+00
301	1.664000e-01	2.969600e-04	3.929702e-05	1.613824e-06	1.279491e-11	-2.702705e-08	-1.207960e-12
302	1.664000e-01	2.969600e-04	3.929702e-05	1.613824e-06	1.279491e-11	-2.702705e-08	-1.207960e-12
303	1.728000e-01	1.024000e-05	1.215775e-04	7.217152e-06	-1.848788e-10	9.673114e-09	-1.073473e-10
304	1.664000e-01	2.969600e-04	3.929702e-05	1.613824e-06	1.279491e-11	-2.702705e-08	1.207960e-12
305	1.645689e-01	1.136691e-03	3.614726e-05	1.646221e-07	2.871094e-13	-5.549851e-09	-2.807724e-13
306	1.645689e-01	1.136691e-03	3.614726e-05	1.646221e-07	2.871094e-13	-5.549851e-09	-2.807724e-13
307	1.676371e-01	7.071535e-04	1.288674e-04	1.065439e-05	2.636857e-10	9.608334e-08	2.938159e-10
308	1.721049e-01	2.711234e-04	2.738939e-04	1.107505e-05	-6.099370e-10	1.821210e-07	6.479321e-12
309	1.728963e-01	4.700127e-05	1.516374e-04	8.904831e-06	-3.024100e-10	3.006545e-08	-1.249883e-10
310	1.763787e-01	3.783407e-04	4.645450e-04	1.250091e-05	-4.593405e-10	9.798858e-08	8.345767e-10
311	1.813101e-01	8.147754e-04	1.616590e-05	8.372968e-06	-2.543309e-11	1.457521e-07	-9.403481e-11
312	1.714474e-01	6.269291e-04	7.471960e-05	1.529155e-06	-1.162032e-11	-3.646046e-08	-1.149518e-11
313	1.612559e-01	1.042990e-05	2.269728e-04	1.507609e-06	-1.528313e-11	4.530313e-09	-2.332757e-11
314	1.594329e-01	2.010225e-04	1.407061e-04	2.422584e-09	1.414408e-15	-3.434798e-11	-4.539752e-27
315	1.596121e-01	1.044612e-04	4.864738e-05	1.280036e-07	-2.428660e-13	1.298241e-09	-2.074745e-13
316	1.601240e-01	2.668021e-05	0.000000e+00	0.000000e+00	0.000000e+00	0.000000e+00	0.000000e+00
317	1.596121e-01	1.044612e-04	4.864738e-05	1.280036e-07	-2.428660e-13	1.298241e-09	2.074745e-13
318	1.596121e-01	1.044612e-04	4.864738e-05	1.280036e-07	-2.428660e-13	1.298241e-09	2.074745e-13
319	1.630498e-01	1.115420e-04	1.735627e-05	4.070825e-06	3.080419e-11	2.241638e-08	1.489828e-11
320	1.662720e-01	3.838116e-04	1.297667e-04	1.224681e-05	4.855790e-10	2.179894e-07	5.071983e-11
321	1.665943e-01	7.103238e-04	1.605396e-05	1.200059e-05	1.567432e-10	3.088710e-07	-5.636360e-11
322	1.645689e-01	1.136691e-03	3.614726e-05	1.646221e-07	2.871094e-13	-5.549851e-09	2.807724e-13
323	1.676371e-01	7.071535e-04	1.288674e-04	1.065439e-05	2.636857e-10	9.608334e-08	-2.938159e-10
324	1.615846e-01	3.651547e-04	3.714047e-05	1.722702e-06	-4.863608e-12	2.388391e-08	1.289282e-11
325	1.615846e-01	3.651547e-04	3.714047e-05	1.722702e-06	-4.863608e-12	2.388391e-08	1.289282e-11
326	1.688173e-01	2.037344e-05	1.708299e-04	1.001461e-05	4.126714e-10	-2.089627e-08	-3.580864e-11
327	1.709241e-01	1.357560e-04	2.297200e-04	1.265415e-05	5.965445e-10	9.222029e-08	-3.310750e-10
328	1.673379e-01	2.066796e-04	1.752091e-04	2.232043e-06	2.827209e-11	2.608141e-08	3.389729e-11
329	1.664000e-01	2.969600e-04	3.929702e-05	1.613824e-06	1.279491e-11	-2.702705e-08	1.207960e-12
330	1.664000e-01	2.969600e-04	3.929702e-05	1.613824e-06	1.279491e-11	-2.702705e-08	1.207960e-12
331	1.600000e-01	0.000000e+00	0.000000e+00	0.000000e+00	0.000000e+00	0.000000e+00	0.000000e+00
332	1.600000e-01	0.000000e+00	0.000000e+00	0.000000e+00	0.000000e+00	0.000000e+00	0.000000e+00
333	1.600000e-01	0.000000e+00	0.000000e+00	0.000000e+00	0.000000e+00	0.000000e+00	0.000000e+00
334	1.591435e-01	2.093112e-04	8.188333e-05	4.845167e-07	3.051834e-12	-7.009791e-09	9.151062e-25
335	1.618924e-01	3.302303e-04	2.353280e-05	5.228529e-06	5.678364e-11	6.366082e-08	-1.180167e-11
336	1.686921e-01	1.214005e-05	1.699205e-04	7.923787e-07	8.708991e-12	-8.189959e-10	2.947873e-12
337	1.658585e-01	2.382665e-04	6.057566e-05	6.018818e-06	-1.058527e-10	-5.630795e-08	4.475533e-11
338	1.658585e-01	2.382665e-04	6.057566e-05	6.018818e-06	-1.058527e-10	-5.630795e-08	4.475533e-11
339	1.660880e-01	5.147382e-04	2.570071e-04	5.256813e-06	1.483553e-10	7.240385e-09	-1.237958e-10
340	1.660880e-01	5.147382e-04	2.570071e-04	5.256813e-06	1.483553e-10	7.240385e-09	-1.237958e-10
341	1.617920e-01	1.719665e-04	1.486705e-04	3.792566e-06	-8.260418e-11	4.962731e-08	3.586944e-11
342	1.645689e-01	1.571142e-04	2.753835e-04	1.343277e-05	-7.721728e-10	6.711750e-08	2.668786e-10
343	1.582457e-01	3.150558e-04	1.065177e-04	4.629039e-06	1.027891e-10	8.216457e-08	-1.242780e-24
344	1.610915e-01	2.188658e-06	2.231134e-04	7.068284e-06	-2.806944e-10	-1.045690e-08	-3.663553e-23
345	1.642795e-01	2.649095e-04	1.165878e-04	2.507933e-06	4.288450e-11	-4.081922e-08	-0.000000e+00
346	1.642795e-01	2.649095e-04	1.165878e-04	2.507933e-06	4.288450e-11	-4.081922e-08	-0.000000e+00
347	1.610915e-01	2.188658e-06	2.231134e-04	7.068284e-06	-2.806944e-10	-1.045690e-08	-1.754827e-23
348	1.629051e-01	2.030319e-04	2.273958e-04	1.017727e-05	-2.840594e-10	9.881212e-08	-3.987670e-10
349	1.660228e-01	2.480750e-04	4.178787e-04	7.364805e-06	-3.043430e-10	5.947476e-08	2.725897e-10
350	1.660228e-01	2.480750e-04	4.178787e-04	7.364805e-06	-3.043430e-10	5.947476e-08	2.725897e-10
351	1.670091e-01	1.342810e-03	1.634154e-04	6.249582e-06	1.269604e-10	-2.151240e-07	-1.541733e-10
352	1.675347e-01	1.519851e-03	2.970519e-04	7.951211e-06	-1.406761e-10	-3.006328e-07	-3.599098e-10
353	1.675347e-01	1.519851e-03	2.970519e-04	7.951211e-06	-1.406761e-10	-3.006328e-07	-3.599098e-10
354	1.675347e-01	1.519851e-03	2.970519e-04	7.951211e-06	-1.406761e-10	-3.006328e-07	-3.599098e-10
355	1.675347e-01	1.519851e-03	2.970519e-04	7.951211e-06	-1.406761e-10	-3.006328e-07	-3.599098e-10
356	1.675347e-01	1.519851e-03	2.970519e-04	7.951211e-06	-1.406761e-10	-3.006328e-07	-3.599098e-10
357	1.670091e-01	2.245185e-03	1.201952e-04	4.171253e-06	-9.507114e-12	-1.802835e-07	-9.291414e-11
358	1.677310e-01	1.524115e-03	2.047755e-04	7.200329e-06	-1.986446e-10	-1.599559e-07	1.923093e-10
359	1.645611e-01	6.715939e-04	4.130155e-05	3.884182e-06	-4.919631e-11	-1.006591e-07	-8.965466e-24
