0	0.000000e+00	0.000000e+00	0.000000e+00	0.000000e+00	0.000000e+00	0.000000e+00	0.000000e+00
1	1.250000e-01	0.000000e+00	0.000000e+00	0.000000e+00	0.000000e+00	0.000000e+00	0.000000e+00
2	1.250000e-01	0.000000e+00	0.000000e+00	0.000000e+00	0.000000e+00	0.000000e+00	0.000000e+00
3	1.250000e-01	0.000000e+00	0.000000e+00	0.000000e+00	0.000000e+00	0.000000e+00	0.000000e+00
4	1.250000e-01	0.000000e+00	0.000000e+00	0.000000e+00	0.000000e+00	0.000000e+00	0.000000e+00
5	1.250000e-01	0.000000e+00	0.000000e+00	0.000000e+00	0.000000e+00	0.000000e+00	0.000000e+00
6	1.250000e-01	0.000000e+00	0.000000e+00	0.000000e+00	0.000000e+00	0.000000e+00	0.000000e+00
7	1.250000e-01	0.000000e+00	0.000000e+00	0.000000e+00	0.000000e+00	0.000000e+00	0.000000e+00
8	1.250000e-01	0.000000e+00	0.000000e+00	0.000000e+00	0.000000e+00	0.000000e+00	0.000000e+00
9	1.250000e-01	0.000000e+00	0.000000e+00	0.000000e+00	0.000000e+00	0.000000e+00	0.000000e+00
10	1.875000e-01	1.953125e-02	0.000000e+00	0.000000e+00	0.000000e+00	-0.000000e+00	0.000000e+00
11	1.875000e-01	1.953125e-02	0.000000e+00	0.000000e+00	0.000000e+00	-0.000000e+00	0.000000e+00
12	1.250000e-01	0.000000e+00	0.000000e+00	0.000000e+00	0.000000e+00	0.000000e+00	0.000000e+00
13	1.250000e-01	0.000000e+00	0.000000e+00	0.000000e+00	0.000000e+00	0.000000e+00	0.000000e+00
14	1.250000e-01	0.000000e+00	0.000000e+00	0.000000e+00	0.000000e+00	0.000000e+00	0.000000e+00
15	1.250000e-01	0.000000e+00	0.000000e+00	0.000000e+00	0.000000e+00	0.000000e+00	0.000000e+00
16	1.250000e-01	0.000000e+00	0.000000e+00	0.000000e+00	0.000000e+00	0.000000e+00	0.000000e+00
17	1.250000e-01	0.000000e+00	0.000000e+00	0.000000e+00	0.000000e+00	0.000000e+00	0.000000e+00
18	1.250000e-01	0.000000e+00	0.000000e+00	0.000000e+00	0.000000e+00	0.000000e+00	0.000000e+00
19	1.250000e-01	0.000000e+00	0.000000e+00	0.000000e+00	0.000000e+00	0.000000e+00	0.000000e+00
20	1.875000e-01	1.953125e-02	0.000000e+00	0.000000e+00	0.000000e+00	-0.000000e+00	0.000000e+00
21	1.875000e-01	1.953125e-02	0.000000e+00	0.000000e+00	0.000000e+00	-0.000000e+00	0.000000e+00
22	1.875000e-01	1.953125e-02	0.000000e+00	0.000000e+00	0.000000e+00	-0.000000e+00	0.000000e+00
23	1.600000e-01	6.400000e-03	1.152000e-03	1.280000e-04	4.915200e-08	1.024000e-05	-2.025226e-20
24	1.600000e-01	6.400000e-03	1.152000e-03	1.280000e-04	4.915200e-08	1.024000e-05	-2.025226e-20
25	1.250000e-01	0.000000e+00	0.000000e+00	0.000000e+00	0.000000e+00	0.000000e+00	0.000000e+00
26	1.250000e-01	0.000000e+00	0.000000e+00	0.000000e+00	0.000000e+00	0.000000e+00	0.000000e+00
27	1.250000e-01	0.000000e+00	0.000000e+00	0.000000e+00	0.000000e+00	0.000000e+00	0.000000e+00
28	1.250000e-01	0.000000e+00	0.000000e+00	0.000000e+00	0.000000e+00	0.000000e+00	0.000000e+00
29	1.250000e-01	0.000000e+00	0.000000e+00	0.000000e+00	0.000000e+00	0.000000e+00	0.000000e+00
30	1.481481e-01	5.486968e-03	2.540263e-03	1.016105e-04	-5.162350e-08	-7.526706e-06	-1.396917e-21
31	1.481481e-01	5.486968e-03	2.540263e-03	1.016105e-04	-5.162350e-08	-7.526706e-06	-1.396917e-21
32	1.481481e-01	5.486968e-03	2.540263e-03	1.016105e-04	-5.162350e-08	-7.526706e-06	-1.396917e-21
33	1.718750e-01	6.103516e-03	3.433228e-03	1.525879e-05	-3.492460e-09	-1.192093e-06	0.000000e+00
34	1.718750e-01	6.103516e-03	3.433228e-03	1.525879e-05	-3.492460e-09	-1.192093e-06	0.000000e+00
35	1.718750e-01	6.103516e-03	3.433228e-03	1.525879e-05	-3.492460e-09	-1.192093e-06	0.000000e+00
36	1.481481e-01	5.486968e-03	2.540263e-03	1.016105e-04	-5.162350e-08	-7.526706e-06	-2.962673e-20
37	1.481481e-01	5.486968e-03	2.540263e-03	1.016105e-04	-5.162350e-08	-7.526706e-06	-2.962673e-20
38	1.250000e-01	0.000000e+00	0.000000e+00	0.000000e+00	0.000000e+00	0.000000e+00	0.000000e+00
39	1.481481e-01	5.486968e-03	2.540263e-03	1.016105e-04	-5.162350e-08	-7.526706e-06	-4.241461e-20
40	1.718750e-01	6.103516e-03	3.433228e-03	1.525879e-05	-3.492460e-09	-1.192093e-06	0.000000e+00
41	1.600000e-01	0.000000e+00	0.000000e+00	0.000000e+00	0.000000e+00	0.000000e+00	0.000000e+00
42	1.600000e-01	0.000000e+00	0.000000e+00	0.000000e+00	0.000000e+00	0.000000e+00	0.000000e+00
43	1.600000e-01	0.000000e+00	0.000000e+00	0.000000e+00	0.000000e+00	0.000000e+00	0.000000e+00
44	1.600000e-01	0.000000e+00	0.000000e+00	0.000000e+00	0.000000e+00	0.000000e+00	0.000000e+00
45	1.600000e-01	0.000000e+00	0.000000e+00	0.000000e+00	0.000000e+00	0.000000e+00	0.000000e+00
46	1.600000e-01	0.000000e+00	0.000000e+00	0.000000e+00	0.000000e+00	0.000000e+00	0.000000e+00
47	1.718750e-01	6.103516e-03	3.433228e-03	1.525879e-05	-3.492460e-09	-1.192093e-06	-0.000000e+00
48	1.481481e-01	5.486968e-03	2.540263e-03	1.016105e-04	-5.162350e-08	-7.526706e-06	-1.122714e-20
49	1.250000e-01	0.000000e+00	0.000000e+00	0.000000e+00	0.000000e+00	0.000000e+00	0.000000e+00
50	1.250000e-01	0.000000e+00	0.000000e+00	0.000000e+00	0.000000e+00	0.000000e+00	0.000000e+00
51	1.250000e-01	0.000000e+00	0.000000e+00	0.000000e+00	0.000000e+00	0.000000e+00	0.000000e+00
52	1.250000e-01	0.000000e+00	0.000000e+00	0.000000e+00	0.000000e+00	0.000000e+00	0.000000e+00
53	1.481481e-01	5.486968e-03	2.540263e-03	1.016105e-04	-5.162350e-08	-7.526706e-06	5.702429e-20
54	1.481481e-01	5.486968e-03	2.540263e-03	1.016105e-04	-5.162350e-08	-7.526706e-06	5.702429e-20
55	1.481481e-01	5.486968e-03	2.540263e-03	1.016105e-04	-5.162350e-08	-7.526706e-06	5.702429e-20
56	1.481481e-01	5.486968e-03	2.540263e-03	1.016105e-04	-5.162350e-08	-7.526706e-06	-4.695862e-20
57	1.481481e-01	5.486968e-03	2.540263e-03	1.016105e-04	-5.162350e-08	-7.526706e-06	-4.695862e-20
58	1.481481e-01	5.486968e-03	2.540263e-03	1.016105e-04	-5.162350e-08	-7.526706e-06	-4.695862e-20
59	1.718750e-01	6.103516e-03	3.433228e-03	1.525879e-05	-3.492460e-09	-1.192093e-06	0.000000e+00
60	1.600000e-01	6.400000e-03	1.152000e-03	1.280000e-04	4.915200e-08	1.024000e-05	-3.514567e-20
61	1.600000e-01	6.400000e-03	1.152000e-03	1.280000e-04	4.915200e-08	1.024000e-05	-3.514567e-20
62	1.875000e-01	1.953125e-02	0.000000e+00	0.000000e+00	0.000000e+00	0.000000e+00	0.000000e+00
63	1.875000e-01	1.953125e-02	0.000000e+00	0.000000e+00	0.000000e+00	0.000000e+00	0.000000e+00
64	1.481481e-01	5.486968e-03	2.540263e-03	1.016105e-04	-5.162350e-08	-7.526706e-06	-2.013102e-20
65	1.718750e-01	6.103516e-03	3.433228e-03	1.525879e-05	-3.492460e-09	-1.192093e-06	0.000000e+00
66	1.718750e-01	6.103516e-03	3.433228e-03	1.525879e-05	-3.492460e-09	-1.192093e-06	0.000000e+00
67	1.481481e-01	5.486968e-03	2.540263e-03	1.016105e-04	-5.162350e-08	-7.526706e-06	6.172680e-20
68	1.481481e-01	5.486968e-03	2.540263e-03	1.016105e-04	-5.162350e-08	-7.526706e-06	6.172680e-20
69	1.481481e-01	5.486968e-03	2.540263e-03	1.016105e-04	-5.162350e-08	-7.526706e-06	6.172680e-20
70	1.875000e-01	1.953125e-02	0.000000e+00	0.000000e+00	0.000000e+00	0.000000e+00	0.000000e+00
71	1.875000e-01	1.953125e-02	0.000000e+00	0.000000e+00	0.000000e+00	0.000000e+00	0.000000e+00
72	1.875000e-01	1.953125e-02	0.000000e+00	0.000000e+00	0.000000e+00	0.000000e+00	0.000000e+00
73	1.250000e-01	0.000000e+00	0.000000e+00	0.000000e+00	0.000000e+00	0.000000e+00	0.000000e+00
74	1.250000e-01	0.000000e+00	0.000000e+00	0.000000e+00	0.000000e+00	0.000000e+00	0.000000e+00
75	1.250000e-01	0.000000e+00	0.000000e+00	0.000000e+00	0.000000e+00	0.000000e+00	0.000000e+00
76	1.250000e-01	0.000000e+00	0.000000e+00	0.000000e+00	0.000000e+00	0.000000e+00	0.000000e+00
77	1.875000e-01	1.953125e-02	0.000000e+00	0.000000e+00	0.000000e+00	0.000000e+00	0.000000e+00
78	1.875000e-01	1.953125e-02	0.000000e+00	0.000000e+00	0.000000e+00	0.000000e+00	0.000000e+00
79	1.875000e-01	1.953125e-02	0.000000e+00	0.000000e+00	0.000000e+00	0.000000e+00	0.000000e+00
80	1.250000e-01	0.000000e+00	0.000000e+00	0.000000e+00	0.000000e+00	0.000000e+00	0.000000e+00
81	1.250000e-01	0.000000e+00	0.000000e+00	0.000000e+00	0.000000e+00	0.000000e+00	0.000000e+00
82	1.250000e-01	0.000000e+00	0.000000e+00	0.000000e+00	0.000000e+00	0.000000e+00	0.000000e+00
83	1.250000e-01	0.000000e+00	0.000000e+00	0.000000e+00	0.000000e+00	0.000000e+00	0.000000e+00
84	1.250000e-01	0.000000e+00	0.000000e+00	0.000000e+00	0.000000e+00	0.000000e+00	0.000000e+00
85	1.250000e-01	0.000000e+00	0.000000e+00	0.000000e+00	0.000000e+00	0.000000e+00	0.000000e+00
86	1.250000e-01	0.000000e+00	0.000000e+00	0.000000e+00	0.000000e+00	0.000000e+00	0.000000e+00
87	1.250000e-01	0.000000e+00	0.000000e+00	0.000000e+00	0.000000e+00	0.000000e+00	0.000000e+00
88	1.250000e-01	0.000000e+00	0.000000e+00	0.000000e+00	0.000000e+00	0.000000e+00	0.000000e+00
89	1.250000e-01	0.000000e+00	0.000000e+00	0.000000e+00	0.000000e+00	0.000000e+00	0.000000e+00
90	0.000000e+00	0.000000e+00	0.000000e+00	0.000000e+00	0.000000e+00	0.000000e+00	0.000000e+00
91	1.250000e-01	0.000000e+00	0.000000e+00	0.000000e+00	0.000000e+00	0.000000e+00	0.000000e+00
92	1.250000e-01	0.000000e+00	0.000000e+00	0.000000e+00	0.000000e+00	0.000000e+00	0.000000e+00
93	1.250000e-01	0.000000e+00	0.000000e+00	0.000000e+00	0.000000e+00	0.000000e+00	0.000000e+00
94	1.250000e-01	0.000000e+00	0.000000e+00	0.000000e+00	0.000000e+00	0.000000e+00	0.000000e+00
95	1.250000e-01	0.000000e+00	0.000000e+00	0.000000e+00	0.000000e+00	0.000000e+00	0.000000e+00
96	1.250000e-01	0.000000e+00	0.000000e+00	0.000000e+00	0.000000e+00	0.000000e+00	0.000000e+00
97	1.250000e-01	0.000000e+00	0.000000e+00	0.000000e+00	0.000000e+00	0.000000e+00	0.000000e+00
98	1.250000e-01	0.000000e+00	0.000000e+00	0.000000e+00	0.000000e+00	0.000000e+00	0.000000e+00
99	1.250000e-01	0.000000e+00	0.000000e+00	0.000000e+00	0.000000e+00	0.000000e+00	0.000000e+00
100	1.875000e-01	1.953125e-02	0.000000e+00	0.000000e+00	0.000000e+00	0.000000e+00	0.000000e+00
101	1.875000e-01	1.953125e-02	0.000000e+00	0.000000e+00	0.000000e+00	0.000000e+00	0.000000e+00
102	1.250000e-01	0.000000e+00	0.000000e+00	0.000000e+00	0.000000e+00	0.000000e+00	0.000000e+00
103	1.250000e-01	0.000000e+00	0.000000e+00	0.000000e+00	0.000000e+00	0.000000e+00	0.000000e+00
104	1.250000e-01	0.000000e+00	0.000000e+00	0.000000e+00	0.000000e+00	0.000000e+00	0.000000e+00
105	1.250000e-01	0.000000e+00	0.000000e+00	0.000000e+00	0.000000e+00	0.000000e+00	0.000000e+00
106	1.250000e-01	0.000000e+00	0.000000e+00	0.000000e+00	0.000000e+00	0.000000e+00	0.000000e+00
107	1.250000e-01	0.000000e+00	0.000000e+00	0.000000e+00	0.000000e+00	0.000000e+00	0.000000e+00
108	1.250000e-01	0.000000e+00	0.000000e+00	0.000000e+00	0.000000e+00	0.000000e+00	0.000000e+00
109	1.250000e-01	0.000000e+00	0.000000e+00	0.000000e+00	0.000000e+00	0.000000e+00	0.000000e+00
110	1.875000e-01	1.953125e-02	0.000000e+00	0.000000e+00	0.000000e+00	0.000000e+00	0.000000e+00
111	1.875000e-01	1.953125e-02	0.000000e+00	0.000000e+00	0.000000e+00	0.000000e+00	0.000000e+00
112	1.875000e-01	1.953125e-02	0.000000e+00	0.000000e+00	0.000000e+00	0.000000e+00	0.000000e+00
113	1.600000e-01	6.400000e-03	1.152000e-03	1.280000e-04	4.915200e-08	1.024000e-05	1.348166e-20
114	1.600000e-01	6.400000e-03	1.152000e-03	1.280000e-04	4.915200e-08	1.024000e-05	1.348166e-20
115	1.250000e-01	0.000000e+00	0.000000e+00	0.000000e+00	0.000000e+00	0.000000e+00	0.000000e+00
116	1.250000e-01	0.000000e+00	0.000000e+00	0.000000e+00	0.000000e+00	0.000000e+00	0.000000e+00
117	1.250000e-01	0.000000e+00	0.000000e+00	0.000000e+00	0.000000e+00	0.000000e+00	0.000000e+00
118	1.250000e-01	0.000000e+00	0.000000e+00	0.000000e+00	0.000000e+00	0.000000e+00	0.000000e+00
119	1.250000e-01	0.000000e+00	0.000000e+00	0.000000e+00	0.000000e+00	0.000000e+00	0.000000e+00
120	1.481481e-01	5.486968e-03	2.540263e-03	1.016105e-04	-5.162350e-08	-7.526706e-06	-6.362957e-20
121	1.481481e-01	5.486968e-03	2.540263e-03	1.016105e-04	-5.162350e-08	-7.526706e-06	-6.362957e-20
122	1.481481e-01	5.486968e-03	2.540263e-03	1.016105e-04	-5.162350e-08	-7.526706e-06	-6.362957e-20
123	1.718750e-01	6.103516e-03	3.433228e-03	1.525879e-05	-3.492460e-09	-1.192093e-06	0.000000e+00
124	1.718750e-01	6.103516e-03	3.433228e-03	1.525879e-05	-3.492460e-09	-1.192093e-06	0.000000e+00
125	1.718750e-01	6.103516e-03	3.433228e-03	1.525879e-05	-3.492460e-09	-1.192093e-06	0.000000e+00
126	1.481481e-01	5.486968e-03	2.540263e-03	1.016105e-04	-5.162350e-08	-7.526706e-06	1.683824e-20
127	1.481481e-01	5.486968e-03	2.540263e-03	1.016105e-04	-5.162350e-08	-7.526706e-06	1.683824e-20
128	1.250000e-01	0.000000e+00	0.000000e+00	0.000000e+00	0.000000e+00	0.000000e+00	0.000000e+00
129	1.481481e-01	5.486968e-03	2.540263e-03	1.016105e-04	-5.162350e-08	-7.526706e-06	-1.317196e-19
130	1.718750e-01	6.103516e-03	3.433228e-03	1.525879e-05	-3.492460e-09	-1.192093e-06	0.000000e+00
131	1.600000e-01	0.000000e+00	0.000000e+00	0.000000e+00	0.000000e+00	0.000000e+00	0.000000e+00
132	1.600000e-01	0.000000e+00	0.000000e+00	0.000000e+00	0.000000e+00	0.000000e+00	0.000000e+00
133	1.600000e-01	0.000000e+00	0.000000e+00	0.000000e+00	0.000000e+00	0.000000e+00	0.000000e+00
134	1.600000e-01	0.000000e+00	0.000000e+00	0.000000e+00	0.000000e+00	0.000000e+00	0.000000e+00
135	1.600000e-01	0.000000e+00	0.000000e+00	0.000000e+00	0.000000e+00	0.000000e+00	0.000000e+00
136	1.600000e-01	0.000000e+00	0.000000e+00	0.000000e+00	0.000000e+00	0.000000e+00	0.000000e+00
137	1.718750e-01	6.103516e-03	3.433228e-03	1.525879e-05	-3.492460e-09	-1.192093e-06	0.000000e+00
138	1.481481e-01	5.486968e-03	2.540263e-03	1.016105e-04	-5.162350e-08	-7.526706e-06	1.112441e-19
139	1.250000e-01	0.000000e+00	0.000000e+00	0.000000e+00	0.000000e+00	0.000000e+00	0.000000e+00
140	1.250000e-01	0.000000e+00	0.000000e+00	0.000000e+00	0.000000e+00	0.000000e+00	0.000000e+00
141	1.250000e-01	0.000000e+00	0.000000e+00	0.000000e+00	0.000000e+00	0.000000e+00	0.000000e+00
142	1.250000e-01	0.000000e+00	0.000000e+00	0.000000e+00	0.000000e+00	0.000000e+00	0.000000e+00
143	1.481481e-01	5.486968e-03	2.540263e-03	1.016105e-04	-5.162350e-08	-7.526706e-06	-4.283946e-21
144	1.481481e-01	5.486968e-03	2.540263e-03	1.016105e-04	-5.162350e-08	-7.526706e-06	-4.283946e-21
145	1.481481e-01	5.486968e-03	2.540263e-03	1.016105e-04	-5.162350e-08	-7.526706e-06	-4.283946e-21
146	1.481481e-01	5.486968e-03	2.540263e-03	1.016105e-04	-5.162350e-08	-7.526706e-06	1.254560e-20
147	1.481481e-01	5.486968e-03	2.540263e-03	1.016105e-04	-5.162350e-08	-7.526706e-06	1.254560e-20
148	1.481481e-01	5.486968e-03	2.540263e-03	1.016105e-04	-5.162350e-08	-7.526706e-06	1.254560e-20
149	1.718750e-01	6.103516e-03	3.433228e-03	1.525879e-05	-3.492460e-09	-1.192093e-06	-0.000000e+00
150	1.600000e-01	6.400000e-03	1.152000e-03	1.280000e-04	4.915200e-08	1.024000e-05	-7.130510e-21
151	1.600000e-01	6.400000e-03	1.152000e-03	1.280000e-04	4.915200e-08	1.024000e-05	-7.130510e-21
152	1.875000e-01	1.953125e-02	0.000000e+00	0.000000e+00	0.000000e+00	0.000000e+00	0.000000e+00
153	1.875000e-01	1.953125e-02	0.000000e+00	0.000000e+00	0.000000e+00	0.000000e+00	0.000000e+00
154	1.481481e-01	5.486968e-03	2.540263e-03	1.016105e-04	-5.162350e-08	-7.526706e-06	-8.781337e-20
155	1.718750e-01	6.103516e-03	3.433228e-03	1.525879e-05	-3.492460e-09	-1.192093e-06	0.000000e+00
156	1.718750e-01	6.103516e-03	3.433228e-03	1.525879e-05	-3.492460e-09	-1.192093e-06	0.000000e+00
157	1.481481e-01	5.486968e-03	2.540263e-03	1.016105e-04	-5.162350e-08	-7.526706e-06	-1.312550e-21
158	1.481481e-01	5.486968e-03	2.540263e-03	1.016105e-04	-5.162350e-08	-7.526706e-06	-1.312550e-21
159	1.481481e-01	5.486968e-03	2.540263e-03	1.016105e-04	-5.162350e-08	-7.526706e-06	-1.312550e-21
160	1.875000e-01	1.953125e-02	0.000000e+00	0.000000e+00	0.000000e+00	0.000000e+00	0.000000e+00
161	1.875000e-01	1.953125e-02	0.000000e+00	0.000000e+00	0.000000e+00	0.000000e+00	0.000000e+00
162	1.875000e-01	1.953125e-02	0.000000e+00	0.000000e+00	0.000000e+00	0.000000e+00	0.000000e+00
163	1.250000e-01	0.000000e+00	0.000000e+00	0.000000e+00	0.000000e+00	0.000000e+00	0.000000e+00
164	1.250000e-01	0.000000e+00	0.000000e+00	0.000000e+00	0.000000e+00	0.000000e+00	0.000000e+00
165	1.250000e-01	0.000000e+00	0.000000e+00	0.000000e+00	0.000000e+00	0.000000e+00	0.000000e+00
166	1.250000e-01	0.000000e+00	0.000000e+00	0.000000e+00	0.000000e+00	0.000000e+00	0.000000e+00
167	1.875000e-01	1.953125e-02	0.000000e+00	0.000000e+00	0.000000e+00	0.000000e+00	0.000000e+00
168	1.875000e-01	1.953125e-02	0.000000e+00	0.000000e+00	0.000000e+00	0.000000e+00	0.000000e+00
169	1.875000e-01	1.953125e-02	0.000000e+00	0.000000e+00	0.000000e+00	0.000000e+00	0.000000e+00
170	1.250000e-01	0.000000e+00	0.000000e+00	0.000000e+00	0.000000e+00	0.000000e+00	0.000000e+00
171	1.250000e-01	0.000000e+00	0.000000e+00	0.000000e+00	0.000000e+00	0.000000e+00	0.000000e+00
172	1.250000e-01	0.000000e+00	0.000000e+00	0.000000e+00	0.000000e+00	0.000000e+00	0.000000e+00
173	1.250000e-01	0.000000e+00	0.000000e+00	0.000000e+00	0.000000e+00	0.000000e+00	0.000000e+00
174	1.250000e-01	0.000000e+00	0.000000e+00	0.000000e+00	0.000000e+00	0.000000e+00	0.000000e+00
175	1.250000e-01	0.000000e+00	0.000000e+00	0.000000e+00	0.000000e+00	0.000000e+00	0.000000e+00
176	1.250000e-01	0.000000e+00	0.000000e+00	0.000000e+00	0.000000e+00	0.000000e+00	0.000000e+00
177	1.250000e-01	0.000000e+00	0.000000e+00	0.000000e+00	0.000000e+00	0.000000e+00	0.000000e+00
178	1.250000e-01	0.000000e+00	0.000000e+00	0.000000e+00	0.000000e+00	0.000000e+00	0.000000e+00
179	1.250000e-01	0.000000e+00	0.000000e+00	0.000000e+00	0.000000e+00	0.000000e+00	0.000000e+00
180	0.000000e+00	0.000000e+00	0.000000e+00	0.000000e+00	0.000000e+00	0.000000e+00	0.000000e+00
181	1.250000e-01	0.000000e+00	0.000000e+00	0.000000e+00	0.000000e+00	0.000000e+00	0.000000e+00
182	1.250000e-01	0.000000e+00	0.000000e+00	0.000000e+00	0.000000e+00	0.000000e+00	0.000000e+00
183	1.250000e-01	0.000000e+00	0.000000e+00	0.000000e+00	0.000000e+00	0.000000e+00	0.000000e+00
184	1.250000e-01	0.000000e+00	0.000000e+00	0.000000e+00	0.000000e+00	0.000000e+00	0.000000e+00
185	1.250000e-01	0.000000e+00	0.000000e+00	0.000000e+00	0.000000e+00	0.000000e+00	0.000000e+00
186	1.250000e-01	0.000000e+00	0.000000e+00	0.000000e+00	0.000000e+00	0.000000e+00	0.000000e+00
187	1.250000e-01	0.000000e+00	0.000000e+00	0.000000e+00	0.000000e+00	0.000000e+00	0.000000e+00
188	1.250000e-01	0.000000e+00	0.000000e+00	0.000000e+00	0.000000e+00	0.000000e+00	0.000000e+00
189	1.250000e-01	0.000000e+00	0.000000e+00	0.000000e+00	0.000000e+00	0.000000e+00	0.000000e+00
190	1.875000e-01	1.953125e-02	0.000000e+00	0.000000e+00	0.000000e+00	-0.000000e+00	0.000000e+00
191	1.875000e-01	1.953125e-02	0.000000e+00	0.000000e+00	0.000000e+00	-0.000000e+00	0.000000e+00
192	1.250000e-01	0.000000e+00	0.000000e+00	0.000000e+00	0.000000e+00	0.000000e+00	0.000000e+00
193	1.250000e-01	0.000000e+00	0.000000e+00	0.000000e+00	0.000000e+00	0.000000e+00	0.000000e+00
194	1.250000e-01	0.000000e+00	0.000000e+00	0.000000e+00	0.000000e+00	0.000000e+00	0.000000e+00
195	1.250000e-01	0.000000e+00	0.000000e+00	0.000000e+00	0.000000e+00	0.000000e+00	0.000000e+00
196	1.250000e-01	0.000000e+00	0.000000e+00	0.000000e+00	0.000000e+00	0.000000e+00	0.000000e+00
197	1.250000e-01	0.000000e+00	0.000000e+00	0.000000e+00	0.000000e+00	0.000000e+00	0.000000e+00
198	1.250000e-01	0.000000e+00	0.000000e+00	0.000000e+00	0.000000e+00	0.000000e+00	0.000000e+00
199	1.250000e-01	0.000000e+00	0.000000e+00	0.000000e+00	0.000000e+00	0.000000e+00	0.000000e+00
200	1.875000e-01	1.953125e-02	0.000000e+00	0.000000e+00	0.000000e+00	-0.000000e+00	0.000000e+00
201	1.875000e-01	1.953125e-02	0.000000e+00	0.000000e+00	0.000000e+00	-0.000000e+00	0.000000e+00
202	1.875000e-01	1.953125e-02	0.000000e+00	0.000000e+00	0.000000e+00	-0.000000e+00	0.000000e+00
203	1.600000e-01	6.400000e-03	1.152000e-03	1.280000e-04	4.915200e-08	1.024000e-05	1.611836e-20
204	1.600000e-01	6.400000e-03	1.152000e-03	1.280000e-04	4.915200e-08	1.024000e-05	1.611836e-20
205	1.250000e-01	0.000000e+00	0.000000e+00	0.000000e+00	0.000000e+00	0.000000e+00	0.000000e+00
206	1.250000e-01	0.000000e+00	0.000000e+00	0.000000e+00	0.000000e+00	0.000000e+00	0.000000e+00
207	1.250000e-01	0.000000e+00	0.000000e+00	0.000000e+00	0.000000e+00	0.000000e+00	0.000000e+00
208	1.250000e-01	0.000000e+00	0.000000e+00	0.000000e+00	0.000000e+00	0.000000e+00	0.000000e+00
209	1.250000e-01	0.000000e+00	0.000000e+00	0.000000e+00	0.000000e+00	0.000000e+00	0.000000e+00
210	1.481481e-01	5.486968e-03	2.540263e-03	1.016105e-04	-5.162350e-08	-7.526706e-06	-2.872063e-20
211	1.481481e-01	5.486968e-03	2.540263e-03	1.016105e-04	-5.162350e-08	-7.526706e-06	-2.872063e-20
212	1.481481e-01	5.486968e-03	2.540263e-03	1.016105e-04	-5.162350e-08	-7.526706e-06	-2.872063e-20
213	1.718750e-01	6.103516e-03	3.433228e-03	1.525879e-05	-3.492460e-09	-1.192093e-06	-0.000000e+00
214	1.718750e-01	6.103516e-03	3.433228e-03	1.525879e-05	-3.492460e-09	-1.192093e-06	-0.000000e+00
215	1.718750e-01	6.103516e-03	3.433228e-03	1.525879e-05	-3.492460e-09	-1.192093e-06	-0.000000e+00
216	1.481481e-01	5.486968e-03	2.540263e-03	1.016105e-04	-5.162350e-08	-7.526706e-06	7.228893e-20
217	1.481481e-01	5.486968e-03	2.540263e-03	1.016105e-04	-5.162350e-08	-7.526706e-06	7.228893e-20
218	1.250000e-01	0.000000e+00	0.000000e+00	0.000000e+00	0.000000e+00	0.000000e+00	0.000000e+00
219	1.481481e-01	5.486968e-03	2.540263e-03	1.016105e-04	-5.162350e-08	-7.526706e-06	-2.376705e-20
220	1.718750e-01	6.103516e-03	3.433228e-03	1.525879e-05	-3.492460e-09	-1.192093e-06	0.000000e+00
221	1.600000e-01	0.000000e+00	0.000000e+00	0.000000e+00	0.000000e+00	0.000000e+00	0.000000e+00
222	1.600000e-01	0.000000e+00	0.000000e+00	0.000000e+00	0.000000e+00	0.000000e+00	0.000000e+00
223	1.600000e-01	0.000000e+00	0.000000e+00	0.000000e+00	0.000000e+00	0.000000e+00	0.000000e+00
224	1.600000e-01	0.000000e+00	0.000000e+00	0.000000e+00	0.000000e+00	0.000000e+00	0.000000e+00
225	1.600000e-01	0.000000e+00	0.000000e+00	0.000000e+00	0.000000e+00	0.000000e+00	0.000000e+00
226	1.600000e-01	0.000000e+00	0.000000e+00	0.000000e+00	0.000000e+00	0.000000e+00	0.000000e+00
227	1.718750e-01	6.103516e-03	3.433228e-03	1.525879e-05	-3.492460e-09	-1.192093e-06	0.000000e+00
228	1.481481e-01	5.486968e-03	2.540263e-03	1.016105e-04	-5.162350e-08	-7.526706e-06	4.292384e-20
229	1.250000e-01	0.000000e+00	0.000000e+00	0.000000e+00	0.000000e+00	0.000000e+00	0.000000e+00
230	1.250000e-01	0.000000e+00	0.000000e+00	0.000000e+00	0.000000e+00	0.000000e+00	0.000000e+00
231	1.250000e-01	0.000000e+00	0.000000e+00	0.000000e+00	0.000000e+00	0.000000e+00	0.000000e+00
232	1.250000e-01	0.000000e+00	0.000000e+00	0.000000e+00	0.000000e+00	0.000000e+00	0.000000e+00
233	1.481481e-01	5.486968e-03	2.540263e-03	1.016105e-04	-5.162350e-08	-7.526706e-06	-6.965673e-20
234	1.481481e-01	5.486968e-03	2.540263e-03	1.016105e-04	-5.162350e-08	-7.526706e-06	-6.965673e-20
235	1.481481e-01	5.486968e-03	2.540263e-03	1.016105e-04	-5.162350e-08	-7.526706e-06	-6.965673e-20
236	1.481481e-01	5.486968e-03	2.540263e-03	1.016105e-04	-5.162350e-08	-7.526706e-06	3.730343e-20
237	1.481481e-01	5.486968e-03	2.540263e-03	1.016105e-04	-5.162350e-08	-7.526706e-06	3.730343e-20
238	1.481481e-01	5.486968e-03	2.540263e-03	1.016105e-04	-5.162350e-08	-7.526706e-06	3.730343e-20
239	1.718750e-01	6.103516e-03	3.433228e-03	1.525879e-05	-3.492460e-09	-1.192093e-06	0.000000e+00
240	1.600000e-01	6.400000e-03	1.152000e-03	1.280000e-04	4.915200e-08	1.024000e-05	2.563587e-20
241	1.600000e-01	6.400000e-03	1.152000e-03	1.280000e-04	4.915200e-08	1.024000e-05	2.563587e-20
242	1.875000e-01	1.953125e-02	0.000000e+00	0.000000e+00	0.000000e+00	0.000000e+00	0.000000e+00
243	1.875000e-01	1.953125e-02	0.000000e+00	0.000000e+00	0.000000e+00	0.000000e+00	0.000000e+00
244	1.481481e-01	5.486968e-03	2.540263e-03	1.016105e-04	-5.162350e-08	-7.526706e-06	-6.593389e-22
245	1.718750e-01	6.103516e-03	3.433228e-03	1.525879e-05	-3.492460e-09	-1.192093e-06	0.000000e+00
246	1.718750e-01	6.103516e-03	3.433228e-03	1.525879e-05	-3.492460e-09	-1.192093e-06	0.000000e+00
247	1.481481e-01	5.486968e-03	2.540263e-03	1.016105e-04	-5.162350e-08	-7.526706e-06	-6.272284e-20
248	1.481481e-01	5.486968e-03	2.540263e-03	1.016105e-04	-5.162350e-08	-7.526706e-06	-6.272284e-20
249	1.481481e-01	5.486968e-03	2.540263e-03	1.016105e-04	-5.162350e-08	-7.526706e-06	-6.272284e-20
250	1.875000e-01	1.953125e-02	0.000000e+00	0.000000e+00	0.000000e+00	0.000000e+00	0.000000e+00
251	1.875000e-01	1.953125e-02	0.000000e+00	0.000000e+00	0.000000e+00	0.000000e+00	0.000000e+00
252	1.875000e-01	1.953125e-02	0.000000e+00	0.000000e+00	0.000000e+00	0.000000e+00	0.000000e+00
253	1.250000e-01	0.000000e+00	0.000000e+00	0.000000e+00	0.000000e+00	0.000000e+00	0.000000e+00
254	1.250000e-01	0.000000e+00	0.000000e+00	0.000000e+00	0.000000e+00	0.000000e+00	0.000000e+00
255	1.250000e-01	0.000000e+00	0.000000e+00	0.000000e+00	0.000000e+00	0.000000e+00	0.000000e+00
256	1.250000e-01	0.000000e+00	0.000000e+00	0.000000e+00	0.000000e+00	0.000000e+00	0.000000e+00
257	1.875000e-01	1.953125e-02	0.000000e+00	0.000000e+00	0.000000e+00	0.000000e+00	0.000000e+00
258	1.875000e-01	1.953125e-02	0.000000e+00	0.000000e+00	0.000000e+00	0.000000e+00	0.000000e+00
259	1.875000e-01	1.953125e-02	0.000000e+00	0.000000e+00	0.000000e+00	0.000000e+00	0.000000e+00
260	1.250000e-01	0.000000e+00	0.000000e+00	0.000000e+00	0.000000e+00	0.000000e+00	0.000000e+00
261	1.250000e-01	0.000000e+00	0.000000e+00	0.000000e+00	0.000000e+00	0.000000e+00	0.000000e+00
262	1.250000e-01	0.000000e+00	0.000000e+00	0.000000e+00	0.000000e+00	0.000000e+00	0.000000e+00
263	1.250000e-01	0.000000e+00	0.000000e+00	0.000000e+00	0.000000e+00	0.000000e+00	0.000000e+00
264	1.250000e-01	0.000000e+00	0.000000e+00	0.000000e+00	0.000000e+00	0.000000e+00	0.000000e+00
265	1.250000e-01	0.000000e+00	0.000000e+00	0.000000e+00	0.000000e+00	0.000000e+00	0.000000e+00
266	1.250000e-01	0.000000e+00	0.000000e+00	0.000000e+00	0.000000e+00	0.000000e+00	0.000000e+00
267	1.250000e-01	0.000000e+00	0.000000e+00	0.000000e+00	0.000000e+00	0.000000e+00	0.000000e+00
268	1.250000e-01	0.000000e+00	0.000000e+00	0.000000e+00	0.000000e+00	0.000000e+00	0.000000e+00
269	1.250000e-01	0.000000e+00	0.000000e+00	0.000000e+00	0.000000e+00	0.000000e+00	0.000000e+00
270	0.000000e+00	0.000000e+00	0.000000e+00	0.000000e+00	0.000000e+00	0.000000e+00	0.000000e+00
271	1.250000e-01	0.000000e+00	0.000000e+00	0.000000e+00	0.000000e+00	0.000000e+00	0.000000e+00
272	1.250000e-01	0.000000e+00	0.000000e+00	0.000000e+00	0.000000e+00	0.000000e+00	0.000000e+00
273	1.250000e-01	0.000000e+00	0.000000e+00	0.000000e+00	0.000000e+00	0.000000e+00	0.000000e+00
274	1.250000e-01	0.000000e+00	0.000000e+00	0.000000e+00	0.000000e+00	0.000000e+00	0.000000e+00
275	1.250000e-01	0.000000e+00	0.000000e+00	0.000000e+00	0.000000e+00	0.000000e+00	0.000000e+00
276	1.250000e-01	0.000000e+00	0.000000e+00	0.000000e+00	0.000000e+00	0.000000e+00	0.000000e+00
277	1.250000e-01	0.000000e+00	0.000000e+00	0.000000e+00	0.000000e+00	0.000000e+00	0.000000e+00
278	1.250000e-01	0.000000e+00	0.000000e+00	0.000000e+00	0.000000e+00	0.000000e+00	0.000000e+00
279	1.250000e-01	0.000000e+00	0.000000e+00	0.000000e+00	0.000000e+00	0.000000e+00	0.000000e+00
280	1.875000e-01	1.953125e-02	0.000000e+00	0.000000e+00	0.000000e+00	0.000000e+00	0.000000e+00
281	1.875000e-01	1.953125e-02	0.000000e+00	0.000000e+00	0.000000e+00	0.000000e+00	0.000000e+00
282	1.250000e-01	0.000000e+00	0.000000e+00	0.000000e+00	0.000000e+00	0.000000e+00	0.000000e+00
283	1.250000e-01	0.000000e+00	0.000000e+00	0.000000e+00	0.000000e+00	0.000000e+00	0.000000e+00
284	1.250000e-01	0.000000e+00	0.000000e+00	0.000000e+00	0.000000e+00	0.000000e+00	0.000000e+00
285	1.250000e-01	0.000000e+00	0.000000e+00	0.000000e+00	0.000000e+00	0.000000e+00	0.000000e+00
286	1.250000e-01	0.000000e+00	0.000000e+00	0.000000e+00	0.000000e+00	0.000000e+00	0.000000e+00
287	1.250000e-01	0.000000e+00	0.000000e+00	0.000000e+00	0.000000e+00	0.000000e+00	0.000000e+00
288	1.250000e-01	0.000000e+00	0.000000e+00	0.000000e+00	0.000000e+00	0.000000e+00	0.000000e+00
289	1.250000e-01	0.000000e+00	0.000000e+00	0.000000e+00	0.000000e+00	0.000000e+00	0.000000e+00
290	1.875000e-01	1.953125e-02	0.000000e+00	0.000000e+00	0.000000e+00	0.000000e+00	0.000000e+00
291	1.875000e-01	1.953125e-02	0.000000e+00	0.000000e+00	0.000000e+00	0.000000e+00	0.000000e+00
292	1.875000e-01	1.953125e-02	0.000000e+00	0.000000e+00	0.000000e+00	0.000000e+00	0.000000e+00
293	1.600000e-01	6.400000e-03	1.152000e-03	1.280000e-04	4.915200e-08	1.024000e-05	-2.080673e-20
294	1.600000e-01	6.400000e-03	1.152000e-03	1.280000e-04	4.915200e-08	1.024000e-05	-2.080673e-20
295	1.250000e-01	0.000000e+00	0.000000e+00	0.000000e+00	0.000000e+00	0.000000e+00	0.000000e+00
296	1.250000e-01	0.000000e+00	0.000000e+00	0.000000e+00	0.000000e+00	0.000000e+00	0.000000e+00
297	1.250000e-01	0.000000e+00	0.000000e+00	0.000000e+00	0.000000e+00	0.000000e+00	0.000000e+00
298	1.250000e-01	0.000000e+00	0.000000e+00	0.000000e+00	0.000000e+00	0.000000e+00	0.000000e+00
299	1.250000e-01	0.000000e+00	0.000000e+00	0.000000e+00	0.000000e+00	0.000000e+00	0.000000e+00
300	1.481481e-01	5.486968e-03	2.540263e-03	1.016105e-04	-5.162350e-08	-7.526706e-06	6.845112e-21
301	1.481481e-01	5.486968e-03	2.540263e-03	1.016105e-04	-5.162350e-08	-7.526706e-06	6.845112e-21
302	1.481481e-01	5.486968e-03	2.540263e-03	1.016105e-04	-5.162350e-08	-7.526706e-06	6.845112e-21
303	1.718750e-01	6.103516e-03	3.433228e-03	1.525879e-05	-3.492460e-09	-1.192093e-06	0.000000e+00
304	1.718750e-01	6.103516e-03	3.433228e-03	1.525879e-05	-3.492460e-09	-1.192093e-06	0.000000e+00
305	1.718750e-01	6.103516e-03	3.433228e-03	1.525879e-05	-3.492460e-09	-1.192093e-06	0.000000e+00
306	1.481481e-01	5.486968e-03	2.540263e-03	1.016105e-04	-5.162350e-08	-7.526706e-06	9.001077e-21
307	1.481481e-01	5.486968e-03	2.540263e-03	1.016105e-04	-5.162350e-08	-7.526706e-06	9.001077e-21
308	1.250000e-01	0.000000e+00	0.000000e+00	0.000000e+00	0.000000e+00	0.000000e+00	0.000000e+00
309	1.481481e-01	5.486968e-03	2.540263e-03	1.016105e-04	-5.162350e-08	-7.526706e-06	-1.077983e-21
310	1.718750e-01	6.103516e-03	3.433228e-03	1.525879e-05	-3.492460e-09	-1.192093e-06	-0.000000e+00
311	1.718750e-01	6.103516e-03	3.433228e-03	1.525879e-05	-3.492460e-09	-1.192093e-06	-0.000000e+00
312	1.600000e-01	0.000000e+00	0.000000e+00	0.000000e+00	0.000000e+00	0.000000e+00	0.000000e+00
313	1.600000e-01	0.000000e+00	0.000000e+00	0.000000e+00	0.000000e+00	0.000000e+00	0.000000e+00
314	1.600000e-01	0.000000e+00	0.000000e+00	0.000000e+00	0.000000e+00	0.000000e+00	0.000000e+00
315	1.600000e-01	0.000000e+00	0.000000e+00	0.000000e+00	0.000000e+00	0.000000e+00	0.000000e+00
316	1.600000e-01	0.000000e+00	0.000000e+00	0.000000e+00	0.000000e+00	0.000000e+00	0.000000e+00
317	1.718750e-01	6.103516e-03	3.433228e-03	1.525879e-05	-3.492460e-09	-1.192093e-06	0.000000e+00
318	1.481481e-01	5.486968e-03	2.540263e-03	1.016105e-04	-5.162350e-08	-7.526706e-06	1.901199e-21
319	1.250000e-01	0.000000e+00	0.000000e+00	0.000000e+00	0.000000e+00	0.000000e+00	0.000000e+00
320	1.250000e-01	0.000000e+00	0.000000e+00	0.000000e+00	0.000000e+00	0.000000e+00	0.000000e+00
321	1.250000e-01	0.000000e+00	0.000000e+00	0.000000e+00	0.000000e+00	0.000000e+00	0.000000e+00
322	1.250000e-01	0.000000e+00	0.000000e+00	0.000000e+00	0.000000e+00	0.000000e+00	0.000000e+00
323	1.481481e-01	5.486968e-03	2.540263e-03	1.016105e-04	-5.162350e-08	-7.526706e-06	-5.861806e-21
324	1.481481e-01	5.486968e-03	2.540263e-03	1.016105e-04	-5.162350e-08	-7.526706e-06	-5.861806e-21
325	1.481481e-01	5.486968e-03	2.540263e-03	1.016105e-04	-5.162350e-08	-7.526706e-06	-5.861806e-21
326	1.481481e-01	5.486968e-03	2.540263e-03	1.016105e-04	-5.162350e-08	-7.526706e-06	-5.606716e-21
327	1.481481e-01	5.486968e-03	2.540263e-03	1.016105e-04	-5.162350e-08	-7.526706e-06	-5.606716e-21
328	1.481481e-01	5.486968e-03	2.540263e-03	1.016105e-04	-5.162350e-08	-7.526706e-06	-5.606716e-21
329	1.718750e-01	6.103516e-03	3.433228e-03	1.525879e-05	-3.492460e-09	-1.192093e-06	0.000000e+00
330	1.600000e-01	6.400000e-03	1.152000e-03	1.280000e-04	4.915200e-08	1.024000e-05	1.266282e-20
331	1.600000e-01	6.400000e-03	1.152000e-03	1.280000e-04	4.915200e-08	1.024000e-05	1.266282e-20
332	1.875000e-01	1.953125e-02	0.000000e+00	0.000000e+00	0.000000e+00	0.000000e+00	0.000000e+00
333	1.875000e-01	1.953125e-02	0.000000e+00	0.000000e+00	0.000000e+00	0.000000e+00	0.000000e+00
334	1.481481e-01	5.486968e-03	2.540263e-03	1.016105e-04	-5.162350e-08	-7.526706e-06	1.749230e-20
335	1.718750e-01	6.103516e-03	3.433228e-03	1.525879e-05	-3.492460e-09	-1.192093e-06	-0.000000e+00
336	1.718750e-01	6.103516e-03	3.433228e-03	1.525879e-05	-3.492460e-09	-1.192093e-06	-0.000000e+00
337	1.481481e-01	5.486968e-03	2.540263e-03	1.016105e-04	-5.162350e-08	-7.526706e-06	8.228912e-22
338	1.481481e-01	5.486968e-03	2.540263e-03	1.016105e-04	-5.162350e-08	-7.526706e-06	8.228912e-22
339	1.481481e-01	5.486968e-03	2.540263e-03	1.016105e-04	-5.162350e-08	-7.526706e-06	8.228912e-22
340	1.875000e-01	1.953125e-02	0.000000e+00	0.000000e+00	0.000000e+00	0.000000e+00	0.000000e+00
341	1.875000e-01	1.953125e-02	0.000000e+00	0.000000e+00	0.000000e+00	0.000000e+00	0.000000e+00
342	1.875000e-01	1.953125e-02	0.000000e+00	0.000000e+00	0.000000e+00	0.000000e+00	0.000000e+00
343	1.250000e-01	0.000000e+00	0.000000e+00	0.000000e+00	0.000000e+00	0.000000e+00	0.000000e+00
344	1.250000e-01	0.000000e+00	0.000000e+00	0.000000e+00	0.000000e+00	0.000000e+00	0.000000e+00
345	1.250000e-01	0.000000e+00	0.000000e+00	0.000000e+00	0.000000e+00	0.000000e+00	0.000000e+00
346	1.250000e-01	0.000000e+00	0.000000e+00	0.000000e+00	0.000000e+00	0.000000e+00	0.000000e+00
347	1.875000e-01	1.953125e-02	0.000000e+00	0.000000e+00	0.000000e+00	0.000000e+00	0.000000e+00
348	1.875000e-01	1.953125e-02	0.000000e+00	0.000000e+00	0.000000e+00	0.000000e+00	0.000000e+00
349	1.875000e-01	1.953125e-02	0.000000e+00	0.000000e+00	0.000000e+00	0.000000e+00	0.000000e+00
350	1.250000e-01	0.000000e+00	0.000000e+00	0.000000e+00	0.000000e+00	0.000000e+00	0.000000e+00
351	1.250000e-01	0.000000e+00	0.000000e+00	0.000000e+00	0.000000e+00	0.000000e+00	0.000000e+00
352	1.250000e-01	0.000000e+00	0.000000e+00	0.000000e+00	0.000000e+00	0.000000e+00	0.000000e+00
353	1.250000e-01	0.000000e+00	0.000000e+00	0.000000e+00	0.000000e+00	0.000000e+00	0.000000e+00
354	1.250000e-01	0.000000e+00	0.000000e+00	0.000000e+00	0.000000e+00	0.000000e+00	0.000000e+00
355	1.250000e-01	0.000000e+00	0.000000e+00	0.000000e+00	0.000000e+00	0.000000e+00	0.000000e+00
356	1.250000e-01	0.000000e+00	0.000000e+00	0.000000e+00	0.000000e+00	0.000000e+00	0.000000e+00
357	1.250000e-01	0.000000e+00	0.000000e+00	0.000000e+00	0.000000e+00	0.000000e+00	0.000000e+00
358	1.250000e-01	0.000000e+00	0.000000e+00	0.000000e+00	0.000000e+00	0.000000e+00	0.000000e+00
359	1.250000e-01	0.000000e+00	0.000000e+00	0.000000e+00	0.000000e+00	0.000000e+00	0.000000e+00
