0	2.400000e-01	3.200000e-02	4.608000e-03	5.120000e-04	7.864320e-07	8.192000e-05	-1.556370e-19
1	2.000000e-01	1.280000e-02	1.872000e-03	8.000000e-05	2.227200e-08	1.280000e-06	2.150400e-08
2	1.908340e-01	8.004240e-03	1.838896e-03	2.436865e-05	-5.158081e-09	-1.926694e-06	-6.784179e-11
3	1.886574e-01	1.067521e-02	9.775610e-04	5.845210e-05	1.108559e-08	3.328989e-06	-8.505213e-09
4	1.886574e-01	1.067521e-02	9.775610e-04	5.845210e-05	1.108559e-08	3.328989e-06	-8.505213e-09
5	1.886574e-01	1.067521e-02	9.775610e-04	5.845210e-05	1.108559e-08	3.328989e-06	-8.505213e-09
6	1.886574e-01	1.067521e-02	9.775610e-04	5.845210e-05	1.108559e-08	3.328989e-06	-8.505213e-09
7	1.886574e-01	1.067521e-02	9.775610e-04	5.845210e-05	1.108559e-08	3.328989e-06	-8.505213e-09
8	1.886574e-01	1.067521e-02	9.775610e-04	5.845210e-05	1.108559e-08	3.328989e-06	-8.505213e-09
9	1.886574e-01	1.067521e-02	9.775610e-04	5.845210e-05	1.108559e-08	3.328989e-06	-8.505213e-09
10	1.886574e-01	1.067521e-02	9.775610e-04	5.845210e-05	1.108559e-08	3.328989e-06	-8.505213e-09
11	1.886574e-01	1.067521e-02	9.775610e-04	5.845210e-05	1.108559e-08	3.328989e-06	-8.505213e-09
12	1.932870e-01	1.109316e-02	1.006989e-04	9.013097e-05	6.820649e-09	8.488037e-06	5.216240e-09
13	1.932870e-01	1.109316e-02	1.006989e-04	9.013097e-05	6.820649e-09	8.488037e-06	5.216240e-09
14	1.932870e-01	1.443678e-02	2.632360e-04	3.714267e-05	2.655677e-09	2.214557e-06	-2.536909e-09
15	1.932870e-01	1.443678e-02	2.632360e-04	3.714267e-05	2.655677e-09	2.214557e-06	-2.536909e-09
16	1.932870e-01	1.443678e-02	2.632360e-04	3.714267e-05	2.655677e-09	2.214557e-06	-2.536909e-09
17	1.932870e-01	1.443678e-02	2.632360e-04	3.714267e-05	2.655677e-09	2.214557e-06	-2.536909e-09
18	1.932870e-01	1.443678e-02	2.632360e-04	3.714267e-05	2.655677e-09	2.214557e-06	-2.536909e-09
19	2.193839e-01	2.326762e-02	9.789912e-04	9.143290e-05	-1.918248e-08	-1.033254e-05	-1.950258e-08
20	2.193839e-01	2.326762e-02	9.789912e-04	9.143290e-05	-1.918248e-08	-1.033254e-05	-1.950258e-08
21	2.193839e-01	2.326762e-02	9.789912e-04	9.143290e-05	-1.918248e-08	-1.033254e-05	-1.950258e-08
22	1.938657e-01	7.266281e-03	2.663249e-03	2.315176e-04	1.813533e-07	1.710065e-05	-1.266468e-08
23	1.938657e-01	7.266281e-03	2.663249e-03	2.315176e-04	1.813533e-07	1.710065e-05	-1.266468e-08
24	1.938657e-01	7.266281e-03	2.663249e-03	2.315176e-04	1.813533e-07	1.710065e-05	-1.266468e-08
25	1.911698e-01	7.932363e-03	9.329210e-04	5.953473e-05	1.323503e-08	3.156049e-06	-4.657599e-09
26	1.911698e-01	7.932363e-03	9.329210e-04	5.953473e-05	1.323503e-08	3.156049e-06	-4.657599e-09
27	2.223892e-01	1.627491e-02	2.774321e-03	2.351774e-04	7.049930e-08	3.005122e-07	-1.763980e-07
28	2.223892e-01	1.627491e-02	2.774321e-03	2.351774e-04	7.049930e-08	3.005122e-07	-1.763980e-07
29	2.223892e-01	1.627491e-02	2.774321e-03	2.351774e-04	7.049930e-08	3.005122e-07	-1.763980e-07
30	1.902594e-01	6.507819e-03	2.540963e-03	1.262445e-04	-5.353183e-08	-6.359416e-06	-4.740121e-08
31	1.811561e-01	7.134320e-03	3.863266e-04	1.836202e-05	9.642146e-10	-3.411013e-07	1.209149e-09
32	1.811561e-01	7.134320e-03	3.863266e-04	1.836202e-05	9.642146e-10	-3.411013e-07	1.209149e-09
33	1.811561e-01	7.134320e-03	3.863266e-04	1.836202e-05	9.642146e-10	-3.411013e-07	1.209149e-09
34	2.008102e-01	1.187180e-02	1.364263e-03	7.579935e-05	-2.312228e-08	-8.245157e-06	7.714166e-09
35	2.008102e-01	1.187180e-02	1.364263e-03	7.579935e-05	-2.312228e-08	-8.245157e-06	7.714166e-09
36	2.008102e-01	1.187180e-02	1.364263e-03	7.579935e-05	-2.312228e-08	-8.245157e-06	7.714166e-09
37	2.320000e-01	1.902400e-02	2.932128e-03	3.977280e-04	4.294269e-07	4.714330e-05	-8.319283e-09
38	2.028550e-01	1.320869e-02	1.657480e-03	9.695635e-05	-9.848754e-09	-4.887383e-06	-3.759917e-08
39	2.028550e-01	1.320869e-02	1.657480e-03	9.695635e-05	-9.848754e-09	-4.887383e-06	-3.759917e-08
40	2.071759e-01	1.591569e-02	3.424952e-04	1.742090e-05	-1.345653e-09	-2.197775e-06	-2.286763e-23
41	2.071759e-01	1.591569e-02	3.424952e-04	1.742090e-05	-1.345653e-09	-2.197775e-06	-2.286763e-23
42	2.011834e-01	8.036780e-03	1.487366e-03	1.354614e-05	1.217933e-09	4.500557e-07	-1.487873e-09
43	1.884111e-01	6.983830e-03	1.344199e-03	9.909972e-05	3.380373e-08	7.085373e-06	-1.286578e-08
44	1.884111e-01	6.983830e-03	1.344199e-03	9.909972e-05	3.380373e-08	7.085373e-06	-1.286578e-08
45	2.050000e-01	1.482500e-02	1.872000e-03	4.000000e-04	3.371520e-07	4.864000e-05	7.833600e-08
46	2.050000e-01	1.482500e-02	1.872000e-03	4.000000e-04	3.371520e-07	4.864000e-05	7.833600e-08
47	1.923366e-01	1.292645e-02	4.551628e-04	3.866498e-05	5.023938e-09	3.735264e-06	-1.034409e-09
48	1.923366e-01	1.292645e-02	4.551628e-04	3.866498e-05	5.023938e-09	3.735264e-06	-1.034409e-09
49	1.923366e-01	1.292645e-02	4.551628e-04	3.866498e-05	5.023938e-09	3.735264e-06	-1.034409e-09
50	1.923366e-01	1.292645e-02	4.551628e-04	3.866498e-05	5.023938e-09	3.735264e-06	-1.034409e-09
51	1.923366e-01	1.292645e-02	4.551628e-04	3.866498e-05	5.023938e-09	3.735264e-06	-1.034409e-09
52	1.923366e-01	1.292645e-02	4.551628e-04	3.866498e-05	5.023938e-09	3.735264e-06	-1.034409e-09
53	2.010000e-01	1.448100e-02	1.420416e-03	3.375360e-04	2.337150e-07	3.869338e-05	-5.971968e-10
54	2.010000e-01	1.448100e-02	1.420416e-03	3.375360e-04	2.337150e-07	3.869338e-05	-5.971968e-10
55	2.010000e-01	1.448100e-02	1.420416e-03	3.375360e-04	2.337150e-07	3.869338e-05	-5.971968e-10
56	2.013889e-01	1.567323e-02	0.000000e+00	0.000000e+00	0.000000e+00	0.000000e+00	0.000000e+00
57	2.283997e-01	2.511909e-02	3.101214e-04	4.738443e-05	3.244392e-11	-1.993641e-06	-5.743973e-09
58	2.164352e-01	1.485473e-02	1.591541e-03	1.127800e-04	4.217666e-08	1.022644e-05	-2.245376e-08
59	1.793981e-01	6.752883e-03	5.769238e-04	6.326471e-05	1.208653e-08	5.198836e-06	1.498772e-22
60	1.793981e-01	6.752883e-03	5.769238e-04	6.326471e-05	1.208653e-08	5.198836e-06	1.498772e-22
61	1.793981e-01	6.752883e-03	5.769238e-04	6.326471e-05	1.208653e-08	5.198836e-06	1.498772e-22
62	1.911698e-01	8.675711e-03	3.456316e-04	1.069646e-04	1.783661e-08	7.190194e-06	1.023958e-08
63	1.911698e-01	8.675711e-03	3.456316e-04	1.069646e-04	1.783661e-08	7.190194e-06	1.023958e-08
64	2.178813e-01	1.915825e-02	3.469543e-04	2.972432e-04	9.149382e-08	3.949992e-05	2.721701e-08
65	2.178813e-01	1.915825e-02	3.469543e-04	2.972432e-04	9.149382e-08	3.949992e-05	2.721701e-08
66	2.178813e-01	1.915825e-02	3.469543e-04	2.972432e-04	9.149382e-08	3.949992e-05	2.721701e-08
67	1.938657e-01	1.350342e-02	3.653256e-05	3.377896e-05	1.186610e-09	3.379305e-06	2.897380e-12
68	1.938657e-01	1.350342e-02	3.653256e-05	3.377896e-05	1.186610e-09	3.379305e-06	2.897380e-12
69	1.915509e-01	1.016784e-02	1.708774e-03	1.925795e-04	6.965133e-08	1.103025e-05	8.574993e-08
70	1.915509e-01	1.016784e-02	1.708774e-03	1.925795e-04	6.965133e-08	1.103025e-05	8.574993e-08
71	1.828704e-01	5.985297e-03	8.970304e-04	1.158995e-04	-3.959986e-09	-1.550913e-06	3.715984e-08
72	2.013524e-01	1.170719e-02	5.321110e-04	8.941420e-05	5.848143e-09	3.128028e-06	1.860599e-08
73	2.013524e-01	1.170719e-02	5.321110e-04	8.941420e-05	5.848143e-09	3.128028e-06	1.860599e-08
74	2.013524e-01	1.170719e-02	5.321110e-04	8.941420e-05	5.848143e-09	3.128028e-06	1.860599e-08
75	1.886574e-01	5.724076e-03	6.649895e-04	8.822081e-05	1.219954e-08	5.348885e-06	1.754317e-08
76	2.058603e-01	8.997714e-03	2.232874e-03	3.478856e-04	3.051603e-07	3.248909e-05	2.978352e-08
77	2.058603e-01	8.997714e-03	2.232874e-03	3.478856e-04	3.051603e-07	3.248909e-05	2.978352e-08
78	2.058603e-01	8.997714e-03	2.232874e-03	3.478856e-04	3.051603e-07	3.248909e-05	2.978352e-08
79	1.848234e-01	7.733293e-03	2.227912e-03	1.778173e-04	9.732066e-08	1.002080e-05	-5.527134e-08
80	1.848234e-01	7.733293e-03	2.227912e-03	1.778173e-04	9.732066e-08	1.002080e-05	-5.527134e-08
81	1.886574e-01	1.067521e-02	9.775610e-04	5.845210e-05	1.108559e-08	3.328989e-06	-8.505213e-09
82	1.886574e-01	1.067521e-02	9.775610e-04	5.845210e-05	1.108559e-08	3.328989e-06	-8.505213e-09
83	1.886574e-01	1.067521e-02	9.775610e-04	5.845210e-05	1.108559e-08	3.328989e-06	-8.505213e-09
84	1.886574e-01	1.067521e-02	9.775610e-04	5.845210e-05	1.108559e-08	3.328989e-06	-8.505213e-09
85	1.886574e-01	1.067521e-02	9.775610e-04	5.845210e-05	1.108559e-08	3.328989e-06	-8.505213e-09
86	1.803156e-01	7.652009e-03	6.360217e-04	6.785307e-05	1.387958e-08	5.461586e-06	2.459552e-09
87	1.803156e-01	7.652009e-03	6.360217e-04	6.785307e-05	1.387958e-08	5.461586e-06	2.459552e-09
88	1.803156e-01	7.652009e-03	6.360217e-04	6.785307e-05	1.387958e-08	5.461586e-06	2.459552e-09
89	1.803156e-01	7.652009e-03	6.360217e-04	6.785307e-05	1.387958e-08	5.461586e-06	2.459552e-09
90	2.400000e-01	3.200000e-02	4.608000e-03	5.120000e-04	7.864320e-07	8.192000e-05	6.317199e-20
91	2.000000e-01	1.280000e-02	1.872000e-03	8.000000e-05	2.227200e-08	1.280000e-06	2.150400e-08
92	1.908340e-01	8.004240e-03	1.838896e-03	2.436865e-05	-5.158081e-09	-1.926694e-06	-6.784179e-11
93	1.886574e-01	1.067521e-02	9.775610e-04	5.845210e-05	1.108559e-08	3.328989e-06	-8.505213e-09
94	1.886574e-01	1.067521e-02	9.775610e-04	5.845210e-05	1.108559e-08	3.328989e-06	-8.505213e-09
95	1.886574e-01	1.067521e-02	9.775610e-04	5.845210e-05	1.108559e-08	3.328989e-06	-8.505213e-09
96	1.886574e-01	1.067521e-02	9.775610e-04	5.845210e-05	1.108559e-08	3.328989e-06	-8.505213e-09
97	1.886574e-01	1.067521e-02	9.775610e-04	5.845210e-05	1.108559e-08	3.328989e-06	-8.505213e-09
98	1.886574e-01	1.067521e-02	9.775610e-04	5.845210e-05	1.108559e-08	3.328989e-06	-8.505213e-09
99	1.886574e-01	1.067521e-02	9.775610e-04	5.845210e-05	1.108559e-08	3.328989e-06	-8.505213e-09
100	1.886574e-01	1.067521e-02	9.775610e-04	5.845210e-05	1.108559e-08	3.328989e-06	-8.505213e-09
101	1.886574e-01	1.067521e-02	9.775610e-04	5.845210e-05	1.108559e-08	3.328989e-06	-8.505213e-09
102	1.932870e-01	1.109316e-02	1.006989e-04	9.013097e-05	6.820649e-09	8.488037e-06	5.216240e-09
103	1.932870e-01	1.109316e-02	1.006989e-04	9.013097e-05	6.820649e-09	8.488037e-06	5.216240e-09
104	1.932870e-01	1.443678e-02	2.632360e-04	3.714267e-05	2.655677e-09	2.214557e-06	-2.536909e-09
105	1.932870e-01	1.443678e-02	2.632360e-04	3.714267e-05	2.655677e-09	2.214557e-06	-2.536909e-09
106	1.932870e-01	1.443678e-02	2.632360e-04	3.714267e-05	2.655677e-09	2.214557e-06	-2.536909e-09
107	1.932870e-01	1.443678e-02	2.632360e-04	3.714267e-05	2.655677e-09	2.214557e-06	-2.536909e-09
108	1.932870e-01	1.443678e-02	2.632360e-04	3.714267e-05	2.655677e-09	2.214557e-06	-2.536909e-09
109	2.193839e-01	2.326762e-02	9.789912e-04	9.143290e-05	-1.918248e-08	-1.033254e-05	-1.950258e-08
110	2.193839e-01	2.326762e-02	9.789912e-04	9.143290e-05	-1.918248e-08	-1.033254e-05	-1.950258e-08
111	2.193839e-01	2.326762e-02	9.789912e-04	9.143290e-05	-1.918248e-08	-1.033254e-05	-1.950258e-08
112	1.938657e-01	7.266281e-03	2.663249e-03	2.315176e-04	1.813533e-07	1.710065e-05	-1.266468e-08
113	1.938657e-01	7.266281e-03	2.663249e-03	2.315176e-04	1.813533e-07	1.710065e-05	-1.266468e-08
114	1.938657e-01	7.266281e-03	2.663249e-03	2.315176e-04	1.813533e-07	1.710065e-05	-1.266468e-08
115	1.911698e-01	7.932363e-03	9.329210e-04	5.953473e-05	1.323503e-08	3.156049e-06	-4.657599e-09
116	1.911698e-01	7.932363e-03	9.329210e-04	5.953473e-05	1.323503e-08	3.156049e-06	-4.657599e-09
117	2.223892e-01	1.627491e-02	2.774321e-03	2.351774e-04	7.049930e-08	3.005122e-07	-1.763980e-07
118	2.223892e-01	1.627491e-02	2.774321e-03	2.351774e-04	7.049930e-08	3.005122e-07	-1.763980e-07
119	2.223892e-01	1.627491e-02	2.774321e-03	2.351774e-04	7.049930e-08	3.005122e-07	-1.763980e-07
120	1.902594e-01	6.507819e-03	2.540963e-03	1.262445e-04	-5.353183e-08	-6.359416e-06	-4.740121e-08
121	1.811561e-01	7.134320e-03	3.863266e-04	1.836202e-05	9.642146e-10	-3.411013e-07	1.209149e-09
122	1.811561e-01	7.134320e-03	3.863266e-04	1.836202e-05	9.642146e-10	-3.411013e-07	1.209149e-09
123	1.811561e-01	7.134320e-03	3.863266e-04	1.836202e-05	9.642146e-10	-3.411013e-07	1.209149e-09
124	2.008102e-01	1.187180e-02	1.364263e-03	7.579935e-05	-2.312228e-08	-8.245157e-06	7.714166e-09
125	2.008102e-01	1.187180e-02	1.364263e-03	7.579935e-05	-2.312228e-08	-8.245157e-06	7.714166e-09
126	2.008102e-01	1.187180e-02	1.364263e-03	7.579935e-05	-2.312228e-08	-8.245157e-06	7.714166e-09
127	2.320000e-01	1.902400e-02	2.932128e-03	3.977280e-04	4.294269e-07	4.714330e-05	-8.319283e-09
128	2.028550e-01	1.320869e-02	1.657480e-03	9.695635e-05	-9.848754e-09	-4.887383e-06	-3.759917e-08
129	2.028550e-01	1.320869e-02	1.657480e-03	9.695635e-05	-9.848754e-09	-4.887383e-06	-3.759917e-08
130	2.071759e-01	1.591569e-02	3.424952e-04	1.742090e-05	-1.345653e-09	-2.197775e-06	5.333109e-23
131	2.071759e-01	1.591569e-02	3.424952e-04	1.742090e-05	-1.345653e-09	-2.197775e-06	5.333109e-23
132	2.011834e-01	8.036780e-03	1.487366e-03	1.354614e-05	1.217933e-09	4.500557e-07	-1.487873e-09
133	1.884111e-01	6.983830e-03	1.344199e-03	9.909972e-05	3.380373e-08	7.085373e-06	-1.286578e-08
134	1.884111e-01	6.983830e-03	1.344199e-03	9.909972e-05	3.380373e-08	7.085373e-06	-1.286578e-08
135	2.050000e-01	1.482500e-02	1.872000e-03	4.000000e-04	3.371520e-07	4.864000e-05	7.833600e-08
136	2.050000e-01	1.482500e-02	1.872000e-03	4.000000e-04	3.371520e-07	4.864000e-05	7.833600e-08
137	1.923366e-01	1.292645e-02	4.551628e-04	3.866498e-05	5.023938e-09	3.735264e-06	-1.034409e-09
138	1.923366e-01	1.292645e-02	4.551628e-04	3.866498e-05	5.023938e-09	3.735264e-06	-1.034409e-09
139	1.923366e-01	1.292645e-02	4.551628e-04	3.866498e-05	5.023938e-09	3.735264e-06	-1.034409e-09
140	1.923366e-01	1.292645e-02	4.551628e-04	3.866498e-05	5.023938e-09	3.735264e-06	-1.034409e-09
141	1.923366e-01	1.292645e-02	4.551628e-04	3.866498e-05	5.023938e-09	3.735264e-06	-1.034409e-09
142	1.923366e-01	1.292645e-02	4.551628e-04	3.866498e-05	5.023938e-09	3.735264e-06	-1.034409e-09
143	2.010000e-01	1.448100e-02	1.420416e-03	3.375360e-04	2.337150e-07	3.869338e-05	-5.971968e-10
144	2.010000e-01	1.448100e-02	1.420416e-03	3.375360e-04	2.337150e-07	3.869338e-05	-5.971968e-10
145	2.010000e-01	1.448100e-02	1.420416e-03	3.375360e-04	2.337150e-07	3.869338e-05	-5.971968e-10
146	2.013889e-01	1.567323e-02	0.000000e+00	0.000000e+00	0.000000e+00	-0.000000e+00	0.000000e+00
147	2.283997e-01	2.511909e-02	3.101214e-04	4.738443e-05	3.244392e-11	-1.993641e-06	-5.743973e-09
148	2.164352e-01	1.485473e-02	1.591541e-03	1.127800e-04	4.217666e-08	1.022644e-05	-2.245376e-08
149	1.793981e-01	6.752883e-03	5.769238e-04	6.326471e-05	1.208653e-08	5.198836e-06	2.670497e-21
150	1.793981e-01	6.752883e-03	5.769238e-04	6.326471e-05	1.208653e-08	5.198836e-06	2.670497e-21
151	1.793981e-01	6.752883e-03	5.769238e-04	6.326471e-05	1.208653e-08	5.198836e-06	2.670497e-21
152	1.911698e-01	8.675711e-03	3.456316e-04	1.069646e-04	1.783661e-08	7.190194e-06	1.023958e-08
153	1.911698e-01	8.675711e-03	3.456316e-04	1.069646e-04	1.783661e-08	7.190194e-06	1.023958e-08
154	2.178813e-01	1.915825e-02	3.469543e-04	2.972432e-04	9.149382e-08	3.949992e-05	2.721701e-08
155	2.178813e-01	1.915825e-02	3.469543e-04	2.972432e-04	9.149382e-08	3.949992e-05	2.721701e-08
156	2.178813e-01	1.915825e-02	3.469543e-04	2.972432e-04	9.149382e-08	3.949992e-05	2.721701e-08
157	1.938657e-01	1.350342e-02	3.653256e-05	3.377896e-05	1.186610e-09	3.379305e-06	2.897380e-12
158	1.938657e-01	1.350342e-02	3.653256e-05	3.377896e-05	1.186610e-09	3.379305e-06	2.897380e-12
159	1.915509e-01	1.016784e-02	1.708774e-03	1.925795e-04	6.965133e-08	1.103025e-05	8.574993e-08
160	1.915509e-01	1.016784e-02	1.708774e-03	1.925795e-04	6.965133e-08	1.103025e-05	8.574993e-08
161	1.828704e-01	5.985297e-03	8.970304e-04	1.158995e-04	-3.959986e-09	-1.550913e-06	3.715984e-08
162	2.013524e-01	1.170719e-02	5.321110e-04	8.941420e-05	5.848143e-09	3.128028e-06	1.860599e-08
163	2.013524e-01	1.170719e-02	5.321110e-04	8.941420e-05	5.848143e-09	3.128028e-06	1.860599e-08
164	2.013524e-01	1.170719e-02	5.321110e-04	8.941420e-05	5.848143e-09	3.128028e-06	1.860599e-08
165	1.886574e-01	5.724076e-03	6.649895e-04	8.822081e-05	1.219954e-08	5.348885e-06	1.754317e-08
166	2.058603e-01	8.997714e-03	2.232874e-03	3.478856e-04	3.051603e-07	3.248909e-05	2.978352e-08
167	2.058603e-01	8.997714e-03	2.232874e-03	3.478856e-04	3.051603e-07	3.248909e-05	2.978352e-08
168	2.058603e-01	8.997714e-03	2.232874e-03	3.478856e-04	3.051603e-07	3.248909e-05	2.978352e-08
169	1.848234e-01	7.733293e-03	2.227912e-03	1.778173e-04	9.732066e-08	1.002080e-05	-5.527134e-08
170	1.848234e-01	7.733293e-03	2.227912e-03	1.778173e-04	9.732066e-08	1.002080e-05	-5.527134e-08
171	1.886574e-01	1.067521e-02	9.775610e-04	5.845210e-05	1.108559e-08	3.328989e-06	-8.505213e-09
172	1.886574e-01	1.067521e-02	9.775610e-04	5.845210e-05	1.108559e-08	3.328989e-06	-8.505213e-09
173	1.886574e-01	1.067521e-02	9.775610e-04	5.845210e-05	1.108559e-08	3.328989e-06	-8.505213e-09
174	1.886574e-01	1.067521e-02	9.775610e-04	5.845210e-05	1.108559e-08	3.328989e-06	-8.505213e-09
175	1.886574e-01	1.067521e-02	9.775610e-04	5.845210e-05	1.108559e-08	3.328989e-06	-8.505213e-09
176	1.803156e-01	7.652009e-03	6.360217e-04	6.785307e-05	1.387958e-08	5.461586e-06	2.459552e-09
177	1.803156e-01	7.652009e-03	6.360217e-04	6.785307e-05	1.387958e-08	5.461586e-06	2.459552e-09
178	1.803156e-01	7.652009e-03	6.360217e-04	6.785307e-05	1.387958e-08	5.461586e-06	2.459552e-09
179	1.803156e-01	7.652009e-03	6.360217e-04	6.785307e-05	1.387958e-08	5.461586e-06	2.459552e-09
180	2.400000e-01	3.200000e-02	4.608000e-03	5.120000e-04	7.864320e-07	8.192000e-05	1.873501e-19
181	2.000000e-01	1.280000e-02	1.872000e-03	8.000000e-05	2.227200e-08	1.280000e-06	2.150400e-08
182	1.908340e-01	8.004240e-03	1.838896e-03	2.436865e-05	-5.158081e-09	-1.926694e-06	-6.784179e-11
183	1.886574e-01	1.067521e-02	9.775610e-04	5.845210e-05	1.108559e-08	3.328989e-06	-8.505213e-09
184	1.886574e-01	1.067521e-02	9.775610e-04	5.845210e-05	1.108559e-08	3.328989e-06	-8.505213e-09
185	1.886574e-01	1.067521e-02	9.775610e-04	5.845210e-05	1.108559e-08	3.328989e-06	-8.505213e-09
186	1.886574e-01	1.067521e-02	9.775610e-04	5.845210e-05	1.108559e-08	3.328989e-06	-8.505213e-09
187	1.886574e-01	1.067521e-02	9.775610e-04	5.845210e-05	1.108559e-08	3.328989e-06	-8.505213e-09
188	1.886574e-01	1.067521e-02	9.775610e-04	5.845210e-05	1.108559e-08	3.328989e-06	-8.505213e-09
189	1.886574e-01	1.067521e-02	9.775610e-04	5.845210e-05	1.108559e-08	3.328989e-06	-8.505213e-09
190	1.886574e-01	1.067521e-02	9.775610e-04	5.845210e-05	1.108559e-08	3.328989e-06	-8.505213e-09
191	1.886574e-01	1.067521e-02	9.775610e-04	5.845210e-05	1.108559e-08	3.328989e-06	-8.505213e-09
192	1.932870e-01	1.109316e-02	1.006989e-04	9.013097e-05	6.820649e-09	8.488037e-06	5.216240e-09
193	1.932870e-01	1.109316e-02	1.006989e-04	9.013097e-05	6.820649e-09	8.488037e-06	5.216240e-09
194	1.932870e-01	1.443678e-02	2.632360e-04	3.714267e-05	2.655677e-09	2.214557e-06	-2.536909e-09
195	1.932870e-01	1.443678e-02	2.632360e-04	3.714267e-05	2.655677e-09	2.214557e-06	-2.536909e-09
196	1.932870e-01	1.443678e-02	2.632360e-04	3.714267e-05	2.655677e-09	2.214557e-06	-2.536909e-09
197	1.932870e-01	1.443678e-02	2.632360e-04	3.714267e-05	2.655677e-09	2.214557e-06	-2.536909e-09
198	1.932870e-01	1.443678e-02	2.632360e-04	3.714267e-05	2.655677e-09	2.214557e-06	-2.536909e-09
199	2.193839e-01	2.326762e-02	9.789912e-04	9.143290e-05	-1.918248e-08	-1.033254e-05	-1.950258e-08
200	2.193839e-01	2.326762e-02	9.789912e-04	9.143290e-05	-1.918248e-08	-1.033254e-05	-1.950258e-08
201	2.193839e-01	2.326762e-02	9.789912e-04	9.143290e-05	-1.918248e-08	-1.033254e-05	-1.950258e-08
202	1.938657e-01	7.266281e-03	2.663249e-03	2.315176e-04	1.813533e-07	1.710065e-05	-1.266468e-08
203	1.938657e-01	7.266281e-03	2.663249e-03	2.315176e-04	1.813533e-07	1.710065e-05	-1.266468e-08
204	1.938657e-01	7.266281e-03	2.663249e-03	2.315176e-04	1.813533e-07	1.710065e-05	-1.266468e-08
205	1.911698e-01	7.932363e-03	9.329210e-04	5.953473e-05	1.323503e-08	3.156049e-06	-4.657599e-09
206	1.911698e-01	7.932363e-03	9.329210e-04	5.953473e-05	1.323503e-08	3.156049e-06	-4.657599e-09
207	2.223892e-01	1.627491e-02	2.774321e-03	2.351774e-04	7.049930e-08	3.005122e-07	-1.763980e-07
208	2.223892e-01	1.627491e-02	2.774321e-03	2.351774e-04	7.049930e-08	3.005122e-07	-1.763980e-07
209	2.223892e-01	1.627491e-02	2.774321e-03	2.351774e-04	7.049930e-08	3.005122e-07	-1.763980e-07
210	1.902594e-01	6.507819e-03	2.540963e-03	1.262445e-04	-5.353183e-08	-6.359416e-06	-4.740121e-08
211	1.811561e-01	7.134320e-03	3.863266e-04	1.836202e-05	9.642146e-10	-3.411013e-07	1.209149e-09
212	1.811561e-01	7.134320e-03	3.863266e-04	1.836202e-05	9.642146e-10	-3.411013e-07	1.209149e-09
213	1.811561e-01	7.134320e-03	3.863266e-04	1.836202e-05	9.642146e-10	-3.411013e-07	1.209149e-09
214	2.008102e-01	1.187180e-02	1.364263e-03	7.579935e-05	-2.312228e-08	-8.245157e-06	7.714166e-09
215	2.008102e-01	1.187180e-02	1.364263e-03	7.579935e-05	-2.312228e-08	-8.245157e-06	7.714166e-09
216	2.008102e-01	1.187180e-02	1.364263e-03	7.579935e-05	-2.312228e-08	-8.245157e-06	7.714166e-09
217	2.320000e-01	1.902400e-02	2.932128e-03	3.977280e-04	4.294269e-07	4.714330e-05	-8.319283e-09
218	2.028550e-01	1.320869e-02	1.657480e-03	9.695635e-05	-9.848754e-09	-4.887383e-06	-3.759917e-08
219	2.028550e-01	1.320869e-02	1.657480e-03	9.695635e-05	-9.848754e-09	-4.887383e-06	-3.759917e-08
220	2.071759e-01	1.591569e-02	3.424952e-04	1.742090e-05	-1.345653e-09	-2.197775e-06	-8.104414e-22
221	2.071759e-01	1.591569e-02	3.424952e-04	1.742090e-05	-1.345653e-09	-2.197775e-06	-8.104414e-22
222	2.011834e-01	8.036780e-03	1.487366e-03	1.354614e-05	1.217933e-09	4.500557e-07	-1.487873e-09
223	1.884111e-01	6.983830e-03	1.344199e-03	9.909972e-05	3.380373e-08	7.085373e-06	-1.286578e-08
224	1.884111e-01	6.983830e-03	1.344199e-03	9.909972e-05	3.380373e-08	7.085373e-06	-1.286578e-08
225	2.050000e-01	1.482500e-02	1.872000e-03	4.000000e-04	3.371520e-07	4.864000e-05	7.833600e-08
226	2.050000e-01	1.482500e-02	1.872000e-03	4.000000e-04	3.371520e-07	4.864000e-05	7.833600e-08
227	1.923366e-01	1.292645e-02	4.551628e-04	3.866498e-05	5.023938e-09	3.735264e-06	-1.034409e-09
228	1.923366e-01	1.292645e-02	4.551628e-04	3.866498e-05	5.023938e-09	3.735264e-06	-1.034409e-09
229	1.923366e-01	1.292645e-02	4.551628e-04	3.866498e-05	5.023938e-09	3.735264e-06	-1.034409e-09
230	1.923366e-01	1.292645e-02	4.551628e-04	3.866498e-05	5.023938e-09	3.735264e-06	-1.034409e-09
231	1.923366e-01	1.292645e-02	4.551628e-04	3.866498e-05	5.023938e-09	3.735264e-06	-1.034409e-09
232	1.923366e-01	1.292645e-02	4.551628e-04	3.866498e-05	5.023938e-09	3.735264e-06	-1.034409e-09
233	2.010000e-01	1.448100e-02	1.420416e-03	3.375360e-04	2.337150e-07	3.869338e-05	-5.971968e-10
234	2.010000e-01	1.448100e-02	1.420416e-03	3.375360e-04	2.337150e-07	3.869338e-05	-5.971968e-10
235	2.010000e-01	1.448100e-02	1.420416e-03	3.375360e-04	2.337150e-07	3.869338e-05	-5.971968e-10
236	2.013889e-01	1.567323e-02	0.000000e+00	0.000000e+00	0.000000e+00	0.000000e+00	0.000000e+00
237	2.283997e-01	2.511909e-02	3.101214e-04	4.738443e-05	3.244392e-11	-1.993641e-06	-5.743973e-09
238	2.164352e-01	1.485473e-02	1.591541e-03	1.127800e-04	4.217666e-08	1.022644e-05	-2.245376e-08
239	1.793981e-01	6.752883e-03	5.769238e-04	6.326471e-05	1.208653e-08	5.198836e-06	1.496474e-22
240	1.793981e-01	6.752883e-03	5.769238e-04	6.326471e-05	1.208653e-08	5.198836e-06	1.496474e-22
241	1.793981e-01	6.752883e-03	5.769238e-04	6.326471e-05	1.208653e-08	5.198836e-06	1.496474e-22
242	1.911698e-01	8.675711e-03	3.456316e-04	1.069646e-04	1.783661e-08	7.190194e-06	1.023958e-08
243	1.911698e-01	8.675711e-03	3.456316e-04	1.069646e-04	1.783661e-08	7.190194e-06	1.023958e-08
244	2.178813e-01	1.915825e-02	3.469543e-04	2.972432e-04	9.149382e-08	3.949992e-05	2.721701e-08
245	2.178813e-01	1.915825e-02	3.469543e-04	2.972432e-04	9.149382e-08	3.949992e-05	2.721701e-08
246	2.178813e-01	1.915825e-02	3.469543e-04	2.972432e-04	9.149382e-08	3.949992e-05	2.721701e-08
247	1.938657e-01	1.350342e-02	3.653256e-05	3.377896e-05	1.186610e-09	3.379305e-06	2.897380e-12
248	1.938657e-01	1.350342e-02	3.653256e-05	3.377896e-05	1.186610e-09	3.379305e-06	2.897380e-12
249	1.915509e-01	1.016784e-02	1.708774e-03	1.925795e-04	6.965133e-08	1.103025e-05	8.574993e-08
250	1.915509e-01	1.016784e-02	1.708774e-03	1.925795e-04	6.965133e-08	1.103025e-05	8.574993e-08
251	1.828704e-01	5.985297e-03	8.970304e-04	1.158995e-04	-3.959986e-09	-1.550913e-06	3.715984e-08
252	2.013524e-01	1.170719e-02	5.321110e-04	8.941420e-05	5.848143e-09	3.128028e-06	1.860599e-08
253	2.013524e-01	1.170719e-02	5.321110e-04	8.941420e-05	5.848143e-09	3.128028e-06	1.860599e-08
254	2.013524e-01	1.170719e-02	5.321110e-04	8.941420e-05	5.848143e-09	3.128028e-06	1.860599e-08
255	1.886574e-01	5.724076e-03	6.649895e-04	8.822081e-05	1.219954e-08	5.348885e-06	1.754317e-08
256	2.058603e-01	8.997714e-03	2.232874e-03	3.478856e-04	3.051603e-07	3.248909e-05	2.978352e-08
257	2.058603e-01	8.997714e-03	2.232874e-03	3.478856e-04	3.051603e-07	3.248909e-05	2.978352e-08
258	2.058603e-01	8.997714e-03	2.232874e-03	3.478856e-04	3.051603e-07	3.248909e-05	2.978352e-08
259	1.848234e-01	7.733293e-03	2.227912e-03	1.778173e-04	9.732066e-08	1.002080e-05	-5.527134e-08
260	1.848234e-01	7.733293e-03	2.227912e-03	1.778173e-04	9.732066e-08	1.002080e-05	-5.527134e-08
261	1.886574e-01	1.067521e-02	9.775610e-04	5.845210e-05	1.108559e-08	3.328989e-06	-8.505213e-09
262	1.886574e-01	1.067521e-02	9.775610e-04	5.845210e-05	1.108559e-08	3.328989e-06	-8.505213e-09
263	1.886574e-01	1.067521e-02	9.775610e-04	5.845210e-05	1.108559e-08	3.328989e-06	-8.505213e-09
264	1.886574e-01	1.067521e-02	9.775610e-04	5.845210e-05	1.108559e-08	3.328989e-06	-8.505213e-09
265	1.886574e-01	1.067521e-02	9.775610e-04	5.845210e-05	1.108559e-08	3.328989e-06	-8.505213e-09
266	1.803156e-01	7.652009e-03	6.360217e-04	6.785307e-05	1.387958e-08	5.461586e-06	2.459552e-09
267	1.803156e-01	7.652009e-03	6.360217e-04	6.785307e-05	1.387958e-08	5.461586e-06	2.459552e-09
268	1.803156e-01	7.652009e-03	6.360217e-04	6.785307e-05	1.387958e-08	5.461586e-06	2.459552e-09
269	1.803156e-01	7.652009e-03	6.360217e-04	6.785307e-05	1.387958e-08	5.461586e-06	2.459552e-09
270	2.400000e-01	3.200000e-02	4.608000e-03	5.120000e-04	7.864320e-07	8.192000e-05	-2.055466e-21
271	2.000000e-01	1.280000e-02	1.872000e-03	8.000000e-05	2.227200e-08	1.280000e-06	2.150400e-08
272	1.908340e-01	8.004240e-03	1.838896e-03	2.436865e-05	-5.158081e-09	-1.926694e-06	-6.784179e-11
273	1.886574e-01	1.067521e-02	9.775610e-04	5.845210e-05	1.108559e-08	3.328989e-06	-8.505213e-09
274	1.886574e-01	1.067521e-02	9.775610e-04	5.845210e-05	1.108559e-08	3.328989e-06	-8.505213e-09
275	1.886574e-01	1.067521e-02	9.775610e-04	5.845210e-05	1.108559e-08	3.328989e-06	-8.505213e-09
276	1.886574e-01	1.067521e-02	9.775610e-04	5.845210e-05	1.108559e-08	3.328989e-06	-8.505213e-09
277	1.886574e-01	1.067521e-02	9.775610e-04	5.845210e-05	1.108559e-08	3.328989e-06	-8.505213e-09
278	1.886574e-01	1.067521e-02	9.775610e-04	5.845210e-05	1.108559e-08	3.328989e-06	-8.505213e-09
279	1.886574e-01	1.067521e-02	9.775610e-04	5.845210e-05	1.108559e-08	3.328989e-06	-8.505213e-09
280	1.886574e-01	1.067521e-02	9.775610e-04	5.845210e-05	1.108559e-08	3.328989e-06	-8.505213e-09
281	1.886574e-01	1.067521e-02	9.775610e-04	5.845210e-05	1.108559e-08	3.328989e-06	-8.505213e-09
282	1.932870e-01	1.109316e-02	1.006989e-04	9.013097e-05	6.820649e-09	8.488037e-06	5.216240e-09
283	1.932870e-01	1.109316e-02	1.006989e-04	9.013097e-05	6.820649e-09	8.488037e-06	5.216240e-09
284	1.932870e-01	1.443678e-02	2.632360e-04	3.714267e-05	2.655677e-09	2.214557e-06	-2.536909e-09
285	1.932870e-01	1.443678e-02	2.632360e-04	3.714267e-05	2.655677e-09	2.214557e-06	-2.536909e-09
286	1.932870e-01	1.443678e-02	2.632360e-04	3.714267e-05	2.655677e-09	2.214557e-06	-2.536909e-09
287	1.932870e-01	1.443678e-02	2.632360e-04	3.714267e-05	2.655677e-09	2.214557e-06	-2.536909e-09
288	1.932870e-01	1.443678e-02	2.632360e-04	3.714267e-05	2.655677e-09	2.214557e-06	-2.536909e-09
289	2.193839e-01	2.326762e-02	9.789912e-04	9.143290e-05	-1.918248e-08	-1.033254e-05	-1.950258e-08
290	2.193839e-01	2.326762e-02	9.789912e-04	9.143290e-05	-1.918248e-08	-1.033254e-05	-1.950258e-08
291	2.193839e-01	2.326762e-02	9.789912e-04	9.143290e-05	-1.918248e-08	-1.033254e-05	-1.950258e-08
292	1.938657e-01	7.266281e-03	2.663249e-03	2.315176e-04	1.813533e-07	1.710065e-05	-1.266468e-08
293	1.938657e-01	7.266281e-03	2.663249e-03	2.315176e-04	1.813533e-07	1.710065e-05	-1.266468e-08
294	1.938657e-01	7.266281e-03	2.663249e-03	2.315176e-04	1.813533e-07	1.710065e-05	-1.266468e-08
295	1.911698e-01	7.932363e-03	9.329210e-04	5.953473e-05	1.323503e-08	3.156049e-06	-4.657599e-09
296	1.911698e-01	7.932363e-03	9.329210e-04	5.953473e-05	1.323503e-08	3.156049e-06	-4.657599e-09
297	2.223892e-01	1.627491e-02	2.774321e-03	2.351774e-04	7.049930e-08	3.005122e-07	-1.763980e-07
298	2.223892e-01	1.627491e-02	2.774321e-03	2.351774e-04	7.049930e-08	3.005122e-07	-1.763980e-07
299	2.223892e-01	1.627491e-02	2.774321e-03	2.351774e-04	7.049930e-08	3.005122e-07	-1.763980e-07
300	1.902594e-01	6.507819e-03	2.540963e-03	1.262445e-04	-5.353183e-08	-6.359416e-06	-4.740121e-08
301	1.811561e-01	7.134320e-03	3.863266e-04	1.836202e-05	9.642146e-10	-3.411013e-07	1.209149e-09
302	1.811561e-01	7.134320e-03	3.863266e-04	1.836202e-05	9.642146e-10	-3.411013e-07	1.209149e-09
303	1.811561e-01	7.134320e-03	3.863266e-04	1.836202e-05	9.642146e-10	-3.411013e-07	1.209149e-09
304	2.008102e-01	1.187180e-02	1.364263e-03	7.579935e-05	-2.312228e-08	-8.245157e-06	7.714166e-09
305	2.008102e-01	1.187180e-02	1.364263e-03	7.579935e-05	-2.312228e-08	-8.245157e-06	7.714166e-09
306	2.008102e-01	1.187180e-02	1.364263e-03	7.579935e-05	-2.312228e-08	-8.245157e-06	7.714166e-09
307	2.320000e-01	1.902400e-02	2.932128e-03	3.977280e-04	4.294269e-07	4.714330e-05	-8.319283e-09
308	2.028550e-01	1.320869e-02	1.657480e-03	9.695635e-05	-9.848754e-09	-4.887383e-06	-3.759917e-08
309	2.028550e-01	1.320869e-02	1.657480e-03	9.695635e-05	-9.848754e-09	-4.887383e-06	-3.759917e-08
310	2.071759e-01	1.591569e-02	3.424952e-04	1.742090e-05	-1.345653e-09	-2.197775e-06	-3.222204e-22
311	2.071759e-01	1.591569e-02	3.424952e-04	1.742090e-05	-1.345653e-09	-2.197775e-06	-3.222204e-22
312	2.011834e-01	8.036780e-03	1.487366e-03	1.354614e-05	1.217933e-09	4.500557e-07	-1.487873e-09
313	1.884111e-01	6.983830e-03	1.344199e-03	9.909972e-05	3.380373e-08	7.085373e-06	-1.286578e-08
314	1.884111e-01	6.983830e-03	1.344199e-03	9.909972e-05	3.380373e-08	7.085373e-06	-1.286578e-08
315	2.050000e-01	1.482500e-02	1.872000e-03	4.000000e-04	3.371520e-07	4.864000e-05	7.833600e-08
316	2.050000e-01	1.482500e-02	1.872000e-03	4.000000e-04	3.371520e-07	4.864000e-05	7.833600e-08
317	1.923366e-01	1.292645e-02	4.551628e-04	3.866498e-05	5.023938e-09	3.735264e-06	-1.034409e-09
318	1.923366e-01	1.292645e-02	4.551628e-04	3.866498e-05	5.023938e-09	3.735264e-06	-1.034409e-09
319	1.923366e-01	1.292645e-02	4.551628e-04	3.866498e-05	5.023938e-09	3.735264e-06	-1.034409e-09
320	1.923366e-01	1.292645e-02	4.551628e-04	3.866498e-05	5.023938e-09	3.735264e-06	-1.034409e-09
321	1.923366e-01	1.292645e-02	4.551628e-04	3.866498e-05	5.023938e-09	3.735264e-06	-1.034409e-09
322	1.923366e-01	1.292645e-02	4.551628e-04	3.866498e-05	5.023938e-09	3.735264e-06	-1.034409e-09
323	2.010000e-01	1.448100e-02	1.420416e-03	3.375360e-04	2.337150e-07	3.869338e-05	-5.971968e-10
324	2.010000e-01	1.448100e-02	1.420416e-03	3.375360e-04	2.337150e-07	3.869338e-05	-5.971968e-10
325	2.010000e-01	1.448100e-02	1.420416e-03	3.375360e-04	2.337150e-07	3.869338e-05	-5.971968e-10
326	2.013889e-01	1.567323e-02	0.000000e+00	0.000000e+00	0.000000e+00	-0.000000e+00	0.000000e+00
327	2.283997e-01	2.511909e-02	3.101214e-04	4.738443e-05	3.244392e-11	-1.993641e-06	-5.743973e-09
328	2.164352e-01	1.485473e-02	1.591541e-03	1.127800e-04	4.217666e-08	1.022644e-05	-2.245376e-08
329	1.793981e-01	6.752883e-03	5.769238e-04	6.326471e-05	1.208653e-08	5.198836e-06	-1.337698e-22
330	1.793981e-01	6.752883e-03	5.769238e-04	6.326471e-05	1.208653e-08	5.198836e-06	-1.337698e-22
331	1.793981e-01	6.752883e-03	5.769238e-04	6.326471e-05	1.208653e-08	5.198836e-06	-1.337698e-22
332	1.911698e-01	8.675711e-03	3.456316e-04	1.069646e-04	1.783661e-08	7.190194e-06	1.023958e-08
333	1.911698e-01	8.675711e-03	3.456316e-04	1.069646e-04	1.783661e-08	7.190194e-06	1.023958e-08
334	2.178813e-01	1.915825e-02	3.469543e-04	2.972432e-04	9.149382e-08	3.949992e-05	2.721701e-08
335	2.178813e-01	1.915825e-02	3.469543e-04	2.972432e-04	9.149382e-08	3.949992e-05	2.721701e-08
336	2.178813e-01	1.915825e-02	3.469543e-04	2.972432e-04	9.149382e-08	3.949992e-05	2.721701e-08
337	1.938657e-01	1.350342e-02	3.653256e-05	3.377896e-05	1.186610e-09	3.379305e-06	2.897380e-12
338	1.938657e-01	1.350342e-02	3.653256e-05	3.377896e-05	1.186610e-09	3.379305e-06	2.897380e-12
339	1.915509e-01	1.016784e-02	1.708774e-03	1.925795e-04	6.965133e-08	1.103025e-05	8.574993e-08
340	1.915509e-01	1.016784e-02	1.708774e-03	1.925795e-04	6.965133e-08	1.103025e-05	8.574993e-08
341	1.828704e-01	5.985297e-03	8.970304e-04	1.158995e-04	-3.959986e-09	-1.550913e-06	3.715984e-08
342	2.013524e-01	1.170719e-02	5.321110e-04	8.941420e-05	5.848143e-09	3.128028e-06	1.860599e-08
343	2.013524e-01	1.170719e-02	5.321110e-04	8.941420e-05	5.848143e-09	3.128028e-06	1.860599e-08
344	2.013524e-01	1.170719e-02	5.321110e-04	8.941420e-05	5.848143e-09	3.128028e-06	1.860599e-08
345	1.886574e-01	5.724076e-03	6.649895e-04	8.822081e-05	1.219954e-08	5.348885e-06	1.754317e-08
346	2.058603e-01	8.997714e-03	2.232874e-03	3.478856e-04	3.051603e-07	3.248909e-05	2.978352e-08
347	2.058603e-01	8.997714e-03	2.232874e-03	3.478856e-04	3.051603e-07	3.248909e-05	2.978352e-08
348	2.058603e-01	8.997714e-03	2.232874e-03	3.478856e-04	3.051603e-07	3.248909e-05	2.978352e-08
349	1.848234e-01	7.733293e-03	2.227912e-03	1.778173e-04	9.732066e-08	1.002080e-05	-5.527134e-08
350	1.848234e-01	7.733293e-03	2.227912e-03	1.778173e-04	9.732066e-08	1.002080e-05	-5.527134e-08
351	1.886574e-01	1.067521e-02	9.775610e-04	5.845210e-05	1.108559e-08	3.328989e-06	-8.505213e-09
352	1.886574e-01	1.067521e-02	9.775610e-04	5.845210e-05	1.108559e-08	3.328989e-06	-8.505213e-09
353	1.886574e-01	1.067521e-02	9.775610e-04	5.845210e-05	1.108559e-08	3.328989e-06	-8.505213e-09
354	1.886574e-01	1.067521e-02	9.775610e-04	5.845210e-05	1.108559e-08	3.328989e-06	-8.505213e-09
355	1.886574e-01	1.067521e-02	9.775610e-04	5.845210e-05	1.108559e-08	3.328989e-06	-8.505213e-09
356	1.803156e-01	7.652009e-03	6.360217e-04	6.785307e-05	1.387958e-08	5.461586e-06	2.459552e-09
357	1.803156e-01	7.652009e-03	6.360217e-04	6.785307e-05	1.387958e-08	5.461586e-06	2.459552e-09
358	1.803156e-01	7.652009e-03	6.360217e-04	6.785307e-05	1.387958e-08	5.461586e-06	2.459552e-09
359	1.803156e-01	7.652009e-03	6.360217e-04	6.785307e-05	1.387958e-08	5.461586e-06	2.459552e-09
