0	1.749271e-01	3.943935e-03	4.460568e-04	5.749176e-05	-4.397900e-09	-1.724695e-06	8.088363e-09
1	1.776620e-01	2.982266e-03	1.319455e-03	1.441123e-04	4.615048e-08	5.179963e-06	4.265248e-08
2	1.720528e-01	2.152146e-03	4.259098e-04	5.872979e-05	2.718928e-09	-8.046491e-07	8.881667e-09
3	1.723761e-01	4.099190e-03	3.582394e-04	2.917335e-05	-2.574291e-09	-1.496673e-06	1.505905e-09
4	1.723761e-01	4.099190e-03	3.582394e-04	2.917335e-05	-2.574291e-09	-1.496673e-06	1.505905e-09
5	1.777778e-01	5.056790e-03	9.291852e-04	5.267490e-05	-1.165351e-08	-3.745770e-06	4.660710e-22
6	1.777778e-01	5.056790e-03	9.291852e-04	5.267490e-05	-1.165351e-08	-3.745770e-06	4.660710e-22
7	1.777778e-01	5.056790e-03	9.291852e-04	5.267490e-05	-1.165351e-08	-3.745770e-06	4.660710e-22
8	1.777778e-01	5.056790e-03	9.291852e-04	5.267490e-05	-1.165351e-08	-3.745770e-06	4.660710e-22
9	1.777778e-01	5.056790e-03	9.291852e-04	5.267490e-05	-1.165351e-08	-3.745770e-06	4.660710e-22
10	1.777778e-01	5.056790e-03	9.291852e-04	5.267490e-05	-1.165351e-08	-3.745770e-06	4.660710e-22
11	1.777778e-01	5.056790e-03	9.291852e-04	5.267490e-05	-1.165351e-08	-3.745770e-06	4.660710e-22
12	1.767493e-01	3.751758e-03	4.928927e-04	7.186470e-06	5.116391e-11	-3.794987e-07	-4.246390e-10
13	1.767493e-01	3.751758e-03	4.928927e-04	7.186470e-06	5.116391e-11	-3.794987e-07	-4.246390e-10
14	1.765926e-01	2.445520e-03	8.450384e-04	5.136804e-06	-4.778780e-12	2.395938e-07	3.384032e-10
15	1.767493e-01	6.845707e-03	2.899369e-04	1.239047e-05	-1.731747e-10	1.228209e-07	-7.221753e-10
16	1.767493e-01	6.845707e-03	2.899369e-04	1.239047e-05	-1.731747e-10	1.228209e-07	-7.221753e-10
17	1.720117e-01	4.419927e-03	3.062459e-04	2.505972e-06	1.782637e-11	1.587822e-07	-6.709459e-11
18	1.720117e-01	4.419927e-03	3.062459e-04	2.505972e-06	1.782637e-11	1.587822e-07	-6.709459e-11
19	1.720117e-01	4.419927e-03	3.062459e-04	2.505972e-06	1.782637e-11	1.587822e-07	-6.709459e-11
20	1.720117e-01	4.419927e-03	3.062459e-04	2.505972e-06	1.782637e-11	1.587822e-07	-6.709459e-11
21	1.720117e-01	4.419927e-03	3.062459e-04	2.505972e-06	1.782637e-11	1.587822e-07	-6.709459e-11
22	1.629630e-01	9.305898e-04	1.221602e-04	1.603008e-05	5.081214e-10	4.804567e-07	4.949829e-10
23	1.629630e-01	9.305898e-04	1.221602e-04	1.603008e-05	5.081214e-10	4.804567e-07	4.949829e-10
24	1.629630e-01	9.305898e-04	1.221602e-04	1.603008e-05	5.081214e-10	4.804567e-07	4.949829e-10
25	1.599121e-01	1.249373e-03	6.207323e-06	2.303219e-06	8.662953e-12	-5.857160e-09	-8.917866e-13
26	1.599121e-01	1.249373e-03	6.207323e-06	2.303219e-06	8.662953e-12	-5.857160e-09	-8.917866e-13
27	1.694815e-01	1.412038e-03	4.195414e-05	1.972923e-05	-4.774150e-10	-1.982308e-07	3.070179e-10
28	1.738338e-01	3.696509e-03	1.802139e-04	2.604553e-05	-8.657862e-11	-8.482714e-07	1.782306e-09
29	1.738338e-01	3.696509e-03	1.802139e-04	2.604553e-05	-8.657862e-11	-8.482714e-07	1.782306e-09
30	1.712593e-01	1.938787e-03	4.908674e-04	1.240766e-05	-5.628475e-10	-5.416925e-07	7.879321e-10
31	1.700741e-01	2.018853e-03	2.727191e-05	2.238993e-05	2.309017e-10	6.771275e-07	5.027839e-10
32	1.700741e-01	2.018853e-03	2.727191e-05	2.238993e-05	2.309017e-10	6.771275e-07	5.027839e-10
33	1.700741e-01	2.018853e-03	2.727191e-05	2.238993e-05	2.309017e-10	6.771275e-07	5.027839e-10
34	1.700741e-01	2.018853e-03	2.727191e-05	2.238993e-05	2.309017e-10	6.771275e-07	5.027839e-10
35	1.696777e-01	5.617738e-04	3.083624e-04	1.811754e-05	1.322875e-09	4.291182e-07	-2.895359e-10
36	1.748148e-01	1.984088e-03	9.068731e-04	3.379647e-05	5.685339e-09	1.174118e-06	1.638411e-09
37	1.829446e-01	1.830126e-03	8.414443e-04	1.266461e-05	-1.285829e-09	-2.482530e-07	2.363735e-10
38	1.829446e-01	1.830126e-03	8.414443e-04	1.266461e-05	-1.285829e-09	-2.482530e-07	2.363735e-10
39	1.829446e-01	1.830126e-03	8.414443e-04	1.266461e-05	-1.285829e-09	-2.482530e-07	2.363735e-10
40	1.822157e-01	7.023009e-03	1.628107e-04	2.403750e-05	1.456104e-09	2.013180e-06	3.755311e-10
41	1.822157e-01	7.023009e-03	1.628107e-04	2.403750e-05	1.456104e-09	2.013180e-06	3.755311e-10
42	1.735840e-01	2.390921e-03	1.561889e-04	2.639979e-05	3.936023e-10	1.290578e-06	-1.648892e-09
43	1.608368e-01	1.117833e-03	1.904020e-04	6.857213e-06	-1.386284e-10	-1.830837e-07	2.053644e-10
44	1.608368e-01	1.117833e-03	1.904020e-04	6.857213e-06	-1.386284e-10	-1.830837e-07	2.053644e-10
45	1.718519e-01	1.299314e-03	5.586010e-04	3.481746e-05	-2.854828e-09	-1.198261e-06	-3.927746e-09
46	1.840379e-01	2.632964e-03	4.070268e-04	2.331886e-05	2.219095e-09	4.394461e-07	-4.865656e-10
47	1.718519e-01	1.299314e-03	5.586010e-04	3.481746e-05	-2.854828e-09	-1.198261e-06	-3.927746e-09
48	1.718519e-01	1.299314e-03	5.586010e-04	3.481746e-05	-2.854828e-09	-1.198261e-06	-3.927746e-09
49	1.680029e-01	1.033928e-03	2.252587e-04	2.264977e-05	-9.689602e-10	-4.621499e-07	-1.295582e-09
50	1.675011e-01	4.107890e-03	1.461540e-04	1.254128e-05	2.548243e-11	-6.380439e-09	5.363256e-10
51	1.675011e-01	4.107890e-03	1.461540e-04	1.254128e-05	2.548243e-11	-6.380439e-09	5.363256e-10
52	1.675011e-01	4.107890e-03	1.461540e-04	1.254128e-05	2.548243e-11	-6.380439e-09	5.363256e-10
53	1.776620e-01	4.203974e-03	4.461043e-05	3.128893e-05	1.168545e-09	-4.352203e-07	-3.160014e-11
54	1.720528e-01	1.204108e-03	3.936933e-04	2.631713e-05	9.750754e-10	-4.733216e-07	-2.495011e-09
55	1.720528e-01	1.204108e-03	3.936933e-04	2.631713e-05	9.750754e-10	-4.733216e-07	-2.495011e-09
56	1.854956e-01	4.361623e-03	5.156416e-04	2.160897e-05	8.554092e-10	6.422091e-07	2.114529e-09
57	1.854956e-01	4.361623e-03	5.156416e-04	2.160897e-05	8.554092e-10	6.422091e-07	2.114529e-09
58	1.745605e-01	3.768504e-03	2.260625e-04	2.027751e-05	1.332684e-09	6.332977e-07	-3.298255e-10
59	1.647407e-01	3.156631e-03	2.020444e-04	9.461868e-06	1.045182e-10	-1.345546e-07	-4.002826e-10
60	1.647407e-01	3.156631e-03	2.020444e-04	9.461868e-06	1.045182e-10	-1.345546e-07	-4.002826e-10
61	1.647407e-01	3.156631e-03	2.020444e-04	9.461868e-06	1.045182e-10	-1.345546e-07	-4.002826e-10
62	1.674805e-01	2.529383e-03	2.725166e-04	1.211185e-06	-2.200454e-11	6.091409e-08	0.000000e+00
63	1.674805e-01	2.529383e-03	2.725166e-04	1.211185e-06	-2.200454e-11	6.091409e-08	0.000000e+00
64	1.765926e-01	4.041569e-03	8.526306e-04	8.721038e-06	-4.982698e-10	-1.230509e-07	5.632673e-10
65	1.727405e-01	4.611705e-03	3.743532e-04	5.910252e-06	1.244163e-10	1.339471e-07	-2.486088e-10
66	1.659259e-01	1.910343e-03	1.494666e-04	2.882162e-06	5.878369e-11	1.232189e-07	1.108901e-11
67	1.659259e-01	1.910343e-03	1.494666e-04	2.882162e-06	5.878369e-11	1.232189e-07	1.108901e-11
68	1.659259e-01	1.910343e-03	1.494666e-04	2.882162e-06	5.878369e-11	1.232189e-07	1.108901e-11
69	1.718519e-01	1.636433e-03	3.840481e-04	3.228126e-06	1.088032e-10	-4.053139e-08	3.288000e-11
70	1.718519e-01	1.636433e-03	3.840481e-04	3.228126e-06	1.088032e-10	-4.053139e-08	3.288000e-11
71	1.682963e-01	4.059479e-04	9.081301e-04	1.154218e-06	-3.565207e-11	-9.500877e-09	-1.119526e-11
72	1.682963e-01	4.059479e-04	9.081301e-04	1.154218e-06	-3.565207e-11	-9.500877e-09	-1.119526e-11
73	1.698251e-01	1.798252e-03	4.099541e-04	2.134258e-06	-1.048354e-11	-8.738349e-08	6.225376e-11
74	1.698251e-01	1.798252e-03	4.099541e-04	2.134258e-06	-1.048354e-11	-8.738349e-08	6.225376e-11
75	1.635556e-01	9.133827e-04	5.768533e-05	4.589037e-06	-7.466465e-11	1.386909e-07	3.642868e-24
76	1.635556e-01	9.133827e-04	5.768533e-05	4.589037e-06	-7.466465e-11	1.386909e-07	3.642868e-24
77	1.610787e-01	1.581505e-03	1.757742e-04	9.419852e-06	1.223129e-10	2.038376e-07	3.632654e-10
78	1.610787e-01	1.581505e-03	1.757742e-04	9.419852e-06	1.223129e-10	2.038376e-07	3.632654e-10
79	1.621720e-01	6.854340e-04	6.161159e-05	1.911229e-05	6.540070e-10	2.539865e-07	-4.905150e-11
80	1.621720e-01	6.854340e-04	6.161159e-05	1.911229e-05	6.540070e-10	2.539865e-07	-4.905150e-11
81	1.623704e-01	1.922985e-03	9.771602e-05	7.193232e-06	-1.676197e-11	1.700808e-08	-1.899700e-10
82	1.623704e-01	1.922985e-03	9.771602e-05	7.193232e-06	-1.676197e-11	1.700808e-08	-1.899700e-10
83	1.623704e-01	1.922985e-03	9.771602e-05	7.193232e-06	-1.676197e-11	1.700808e-08	-1.899700e-10
84	1.623704e-01	1.922985e-03	9.771602e-05	7.193232e-06	-1.676197e-11	1.700808e-08	-1.899700e-10
85	1.623704e-01	1.922985e-03	9.771602e-05	7.193232e-06	-1.676197e-11	1.700808e-08	-1.899700e-10
86	1.610787e-01	1.581505e-03	1.757742e-04	9.419852e-06	1.223129e-10	2.038376e-07	-3.632654e-10
87	1.610787e-01	1.581505e-03	1.757742e-04	9.419852e-06	1.223129e-10	2.038376e-07	-3.632654e-10
88	1.610787e-01	1.581505e-03	1.757742e-04	9.419852e-06	1.223129e-10	2.038376e-07	-3.632654e-10
89	1.656805e-01	2.240818e-03	3.729172e-05	4.143524e-06	1.442179e-11	-1.569145e-07	4.944612e-11
90	1.749271e-01	3.943935e-03	4.460568e-04	5.749176e-05	-4.397900e-09	-1.724695e-06	8.088363e-09
91	1.776620e-01	2.982266e-03	1.319455e-03	1.441123e-04	4.615048e-08	5.179963e-06	4.265248e-08
92	1.720528e-01	2.152146e-03	4.259098e-04	5.872979e-05	2.718928e-09	-8.046491e-07	8.881667e-09
93	1.723761e-01	4.099190e-03	3.582394e-04	2.917335e-05	-2.574291e-09	-1.496673e-06	1.505905e-09
94	1.723761e-01	4.099190e-03	3.582394e-04	2.917335e-05	-2.574291e-09	-1.496673e-06	1.505905e-09
95	1.777778e-01	5.056790e-03	9.291852e-04	5.267490e-05	-1.165351e-08	-3.745770e-06	1.804776e-21
96	1.777778e-01	5.056790e-03	9.291852e-04	5.267490e-05	-1.165351e-08	-3.745770e-06	1.804776e-21
97	1.777778e-01	5.056790e-03	9.291852e-04	5.267490e-05	-1.165351e-08	-3.745770e-06	1.804776e-21
98	1.777778e-01	5.056790e-03	9.291852e-04	5.267490e-05	-1.165351e-08	-3.745770e-06	1.804776e-21
99	1.777778e-01	5.056790e-03	9.291852e-04	5.267490e-05	-1.165351e-08	-3.745770e-06	1.804776e-21
100	1.777778e-01	5.056790e-03	9.291852e-04	5.267490e-05	-1.165351e-08	-3.745770e-06	1.804776e-21
101	1.777778e-01	5.056790e-03	9.291852e-04	5.267490e-05	-1.165351e-08	-3.745770e-06	1.804776e-21
102	1.767493e-01	3.751758e-03	4.928927e-04	7.186470e-06	5.116391e-11	-3.794987e-07	-4.246390e-10
103	1.767493e-01	3.751758e-03	4.928927e-04	7.186470e-06	5.116391e-11	-3.794987e-07	-4.246390e-10
104	1.765926e-01	2.445520e-03	8.450384e-04	5.136804e-06	-4.778780e-12	2.395938e-07	3.384032e-10
105	1.767493e-01	6.845707e-03	2.899369e-04	1.239047e-05	-1.731747e-10	1.228209e-07	-7.221753e-10
106	1.767493e-01	6.845707e-03	2.899369e-04	1.239047e-05	-1.731747e-10	1.228209e-07	-7.221753e-10
107	1.720117e-01	4.419927e-03	3.062459e-04	2.505972e-06	1.782637e-11	1.587822e-07	-6.709459e-11
108	1.720117e-01	4.419927e-03	3.062459e-04	2.505972e-06	1.782637e-11	1.587822e-07	-6.709459e-11
109	1.720117e-01	4.419927e-03	3.062459e-04	2.505972e-06	1.782637e-11	1.587822e-07	-6.709459e-11
110	1.720117e-01	4.419927e-03	3.062459e-04	2.505972e-06	1.782637e-11	1.587822e-07	-6.709459e-11
111	1.720117e-01	4.419927e-03	3.062459e-04	2.505972e-06	1.782637e-11	1.587822e-07	-6.709459e-11
112	1.629630e-01	9.305898e-04	1.221602e-04	1.603008e-05	5.081214e-10	4.804567e-07	4.949829e-10
113	1.629630e-01	9.305898e-04	1.221602e-04	1.603008e-05	5.081214e-10	4.804567e-07	4.949829e-10
114	1.629630e-01	9.305898e-04	1.221602e-04	1.603008e-05	5.081214e-10	4.804567e-07	4.949829e-10
115	1.599121e-01	1.249373e-03	6.207323e-06	2.303219e-06	8.662953e-12	-5.857160e-09	-8.917866e-13
116	1.599121e-01	1.249373e-03	6.207323e-06	2.303219e-06	8.662953e-12	-5.857160e-09	-8.917866e-13
117	1.694815e-01	1.412038e-03	4.195414e-05	1.972923e-05	-4.774150e-10	-1.982308e-07	3.070179e-10
118	1.738338e-01	3.696509e-03	1.802139e-04	2.604553e-05	-8.657862e-11	-8.482714e-07	1.782306e-09
119	1.738338e-01	3.696509e-03	1.802139e-04	2.604553e-05	-8.657862e-11	-8.482714e-07	1.782306e-09
120	1.712593e-01	1.938787e-03	4.908674e-04	1.240766e-05	-5.628475e-10	-5.416925e-07	7.879321e-10
121	1.700741e-01	2.018853e-03	2.727191e-05	2.238993e-05	2.309017e-10	6.771275e-07	5.027839e-10
122	1.700741e-01	2.018853e-03	2.727191e-05	2.238993e-05	2.309017e-10	6.771275e-07	5.027839e-10
123	1.700741e-01	2.018853e-03	2.727191e-05	2.238993e-05	2.309017e-10	6.771275e-07	5.027839e-10
124	1.700741e-01	2.018853e-03	2.727191e-05	2.238993e-05	2.309017e-10	6.771275e-07	5.027839e-10
125	1.696777e-01	5.617738e-04	3.083624e-04	1.811754e-05	1.322875e-09	4.291182e-07	-2.895359e-10
126	1.748148e-01	1.984088e-03	9.068731e-04	3.379647e-05	5.685339e-09	1.174118e-06	1.638411e-09
127	1.829446e-01	1.830126e-03	8.414443e-04	1.266461e-05	-1.285829e-09	-2.482530e-07	2.363735e-10
128	1.829446e-01	1.830126e-03	8.414443e-04	1.266461e-05	-1.285829e-09	-2.482530e-07	2.363735e-10
129	1.829446e-01	1.830126e-03	8.414443e-04	1.266461e-05	-1.285829e-09	-2.482530e-07	2.363735e-10
130	1.822157e-01	7.023009e-03	1.628107e-04	2.403750e-05	1.456104e-09	2.013180e-06	3.755311e-10
131	1.822157e-01	7.023009e-03	1.628107e-04	2.403750e-05	1.456104e-09	2.013180e-06	3.755311e-10
132	1.735840e-01	2.390921e-03	1.561889e-04	2.639979e-05	3.936023e-10	1.290578e-06	-1.648892e-09
133	1.608368e-01	1.117833e-03	1.904020e-04	6.857213e-06	-1.386284e-10	-1.830837e-07	2.053644e-10
134	1.608368e-01	1.117833e-03	1.904020e-04	6.857213e-06	-1.386284e-10	-1.830837e-07	2.053644e-10
135	1.718519e-01	1.299314e-03	5.586010e-04	3.481746e-05	-2.854828e-09	-1.198261e-06	-3.927746e-09
136	1.840379e-01	2.632964e-03	4.070268e-04	2.331886e-05	2.219095e-09	4.394461e-07	-4.865656e-10
137	1.718519e-01	1.299314e-03	5.586010e-04	3.481746e-05	-2.854828e-09	-1.198261e-06	-3.927746e-09
138	1.718519e-01	1.299314e-03	5.586010e-04	3.481746e-05	-2.854828e-09	-1.198261e-06	-3.927746e-09
139	1.680029e-01	1.033928e-03	2.252587e-04	2.264977e-05	-9.689602e-10	-4.621499e-07	-1.295582e-09
140	1.675011e-01	4.107890e-03	1.461540e-04	1.254128e-05	2.548243e-11	-6.380439e-09	5.363256e-10
141	1.675011e-01	4.107890e-03	1.461540e-04	1.254128e-05	2.548243e-11	-6.380439e-09	5.363256e-10
142	1.675011e-01	4.107890e-03	1.461540e-04	1.254128e-05	2.548243e-11	-6.380439e-09	5.363256e-10
143	1.776620e-01	4.203974e-03	4.461043e-05	3.128893e-05	1.168545e-09	-4.352203e-07	-3.160014e-11
144	1.720528e-01	1.204108e-03	3.936933e-04	2.631713e-05	9.750754e-10	-4.733216e-07	-2.495011e-09
145	1.720528e-01	1.204108e-03	3.936933e-04	2.631713e-05	9.750754e-10	-4.733216e-07	-2.495011e-09
146	1.854956e-01	4.361623e-03	5.156416e-04	2.160897e-05	8.554092e-10	6.422091e-07	2.114529e-09
147	1.854956e-01	4.361623e-03	5.156416e-04	2.160897e-05	8.554092e-10	6.422091e-07	2.114529e-09
148	1.745605e-01	3.768504e-03	2.260625e-04	2.027751e-05	1.332684e-09	6.332977e-07	-3.298255e-10
149	1.647407e-01	3.156631e-03	2.020444e-04	9.461868e-06	1.045182e-10	-1.345546e-07	-4.002826e-10
150	1.647407e-01	3.156631e-03	2.020444e-04	9.461868e-06	1.045182e-10	-1.345546e-07	-4.002826e-10
151	1.647407e-01	3.156631e-03	2.020444e-04	9.461868e-06	1.045182e-10	-1.345546e-07	-4.002826e-10
152	1.674805e-01	2.529383e-03	2.725166e-04	1.211185e-06	-2.200454e-11	6.091409e-08	0.000000e+00
153	1.674805e-01	2.529383e-03	2.725166e-04	1.211185e-06	-2.200454e-11	6.091409e-08	0.000000e+00
154	1.765926e-01	4.041569e-03	8.526306e-04	8.721038e-06	-4.982698e-10	-1.230509e-07	5.632673e-10
155	1.727405e-01	4.611705e-03	3.743532e-04	5.910252e-06	1.244163e-10	1.339471e-07	-2.486088e-10
156	1.659259e-01	1.910343e-03	1.494666e-04	2.882162e-06	5.878369e-11	1.232189e-07	1.108901e-11
157	1.659259e-01	1.910343e-03	1.494666e-04	2.882162e-06	5.878369e-11	1.232189e-07	1.108901e-11
158	1.659259e-01	1.910343e-03	1.494666e-04	2.882162e-06	5.878369e-11	1.232189e-07	1.108901e-11
159	1.718519e-01	1.636433e-03	3.840481e-04	3.228126e-06	1.088032e-10	-4.053139e-08	3.288000e-11
160	1.718519e-01	1.636433e-03	3.840481e-04	3.228126e-06	1.088032e-10	-4.053139e-08	3.288000e-11
161	1.682963e-01	4.059479e-04	9.081301e-04	1.154218e-06	-3.565207e-11	-9.500877e-09	-1.119526e-11
162	1.682963e-01	4.059479e-04	9.081301e-04	1.154218e-06	-3.565207e-11	-9.500877e-09	-1.119526e-11
163	1.698251e-01	1.798252e-03	4.099541e-04	2.134258e-06	-1.048354e-11	-8.738349e-08	6.225376e-11
164	1.698251e-01	1.798252e-03	4.099541e-04	2.134258e-06	-1.048354e-11	-8.738349e-08	6.225376e-11
165	1.635556e-01	9.133827e-04	5.768533e-05	4.589037e-06	-7.466465e-11	1.386909e-07	-2.527929e-23
166	1.635556e-01	9.133827e-04	5.768533e-05	4.589037e-06	-7.466465e-11	1.386909e-07	-2.527929e-23
167	1.610787e-01	1.581505e-03	1.757742e-04	9.419852e-06	1.223129e-10	2.038376e-07	3.632654e-10
168	1.610787e-01	1.581505e-03	1.757742e-04	9.419852e-06	1.223129e-10	2.038376e-07	3.632654e-10
169	1.621720e-01	6.854340e-04	6.161159e-05	1.911229e-05	6.540070e-10	2.539865e-07	-4.905150e-11
170	1.621720e-01	6.854340e-04	6.161159e-05	1.911229e-05	6.540070e-10	2.539865e-07	-4.905150e-11
171	1.623704e-01	1.922985e-03	9.771602e-05	7.193232e-06	-1.676197e-11	1.700808e-08	-1.899700e-10
172	1.623704e-01	1.922985e-03	9.771602e-05	7.193232e-06	-1.676197e-11	1.700808e-08	-1.899700e-10
173	1.623704e-01	1.922985e-03	9.771602e-05	7.193232e-06	-1.676197e-11	1.700808e-08	-1.899700e-10
174	1.623704e-01	1.922985e-03	9.771602e-05	7.193232e-06	-1.676197e-11	1.700808e-08	-1.899700e-10
175	1.623704e-01	1.922985e-03	9.771602e-05	7.193232e-06	-1.676197e-11	1.700808e-08	-1.899700e-10
176	1.610787e-01	1.581505e-03	1.757742e-04	9.419852e-06	1.223129e-10	2.038376e-07	-3.632654e-10
177	1.610787e-01	1.581505e-03	1.757742e-04	9.419852e-06	1.223129e-10	2.038376e-07	-3.632654e-10
178	1.610787e-01	1.581505e-03	1.757742e-04	9.419852e-06	1.223129e-10	2.038376e-07	-3.632654e-10
179	1.656805e-01	2.240818e-03	3.729172e-05	4.143524e-06	1.442179e-11	-1.569145e-07	4.944612e-11
180	1.749271e-01	3.943935e-03	4.460568e-04	5.749176e-05	-4.397900e-09	-1.724695e-06	8.088363e-09
181	1.776620e-01	2.982266e-03	1.319455e-03	1.441123e-04	4.615048e-08	5.179963e-06	4.265248e-08
182	1.720528e-01	2.152146e-03	4.259098e-04	5.872979e-05	2.718928e-09	-8.046491e-07	8.881667e-09
183	1.723761e-01	4.099190e-03	3.582394e-04	2.917335e-05	-2.574291e-09	-1.496673e-06	1.505905e-09
184	1.723761e-01	4.099190e-03	3.582394e-04	2.917335e-05	-2.574291e-09	-1.496673e-06	1.505905e-09
185	1.777778e-01	5.056790e-03	9.291852e-04	5.267490e-05	-1.165351e-08	-3.745770e-06	-4.326873e-21
186	1.777778e-01	5.056790e-03	9.291852e-04	5.267490e-05	-1.165351e-08	-3.745770e-06	-4.326873e-21
187	1.777778e-01	5.056790e-03	9.291852e-04	5.267490e-05	-1.165351e-08	-3.745770e-06	-4.326873e-21
188	1.777778e-01	5.056790e-03	9.291852e-04	5.267490e-05	-1.165351e-08	-3.745770e-06	-4.326873e-21
189	1.777778e-01	5.056790e-03	9.291852e-04	5.267490e-05	-1.165351e-08	-3.745770e-06	-4.326873e-21
190	1.777778e-01	5.056790e-03	9.291852e-04	5.267490e-05	-1.165351e-08	-3.745770e-06	-4.326873e-21
191	1.777778e-01	5.056790e-03	9.291852e-04	5.267490e-05	-1.165351e-08	-3.745770e-06	-4.326873e-21
192	1.767493e-01	3.751758e-03	4.928927e-04	7.186470e-06	5.116391e-11	-3.794987e-07	-4.246390e-10
193	1.767493e-01	3.751758e-03	4.928927e-04	7.186470e-06	5.116391e-11	-3.794987e-07	-4.246390e-10
194	1.765926e-01	2.445520e-03	8.450384e-04	5.136804e-06	-4.778780e-12	2.395938e-07	3.384032e-10
195	1.767493e-01	6.845707e-03	2.899369e-04	1.239047e-05	-1.731747e-10	1.228209e-07	-7.221753e-10
196	1.767493e-01	6.845707e-03	2.899369e-04	1.239047e-05	-1.731747e-10	1.228209e-07	-7.221753e-10
197	1.720117e-01	4.419927e-03	3.062459e-04	2.505972e-06	1.782637e-11	1.587822e-07	-6.709459e-11
198	1.720117e-01	4.419927e-03	3.062459e-04	2.505972e-06	1.782637e-11	1.587822e-07	-6.709459e-11
199	1.720117e-01	4.419927e-03	3.062459e-04	2.505972e-06	1.782637e-11	1.587822e-07	-6.709459e-11
200	1.720117e-01	4.419927e-03	3.062459e-04	2.505972e-06	1.782637e-11	1.587822e-07	-6.709459e-11
201	1.720117e-01	4.419927e-03	3.062459e-04	2.505972e-06	1.782637e-11	1.587822e-07	-6.709459e-11
202	1.629630e-01	9.305898e-04	1.221602e-04	1.603008e-05	5.081214e-10	4.804567e-07	4.949829e-10
203	1.629630e-01	9.305898e-04	1.221602e-04	1.603008e-05	5.081214e-10	4.804567e-07	4.949829e-10
204	1.629630e-01	9.305898e-04	1.221602e-04	1.603008e-05	5.081214e-10	4.804567e-07	4.949829e-10
205	1.599121e-01	1.249373e-03	6.207323e-06	2.303219e-06	8.662953e-12	-5.857160e-09	-8.917866e-13
206	1.599121e-01	1.249373e-03	6.207323e-06	2.303219e-06	8.662953e-12	-5.857160e-09	-8.917866e-13
207	1.694815e-01	1.412038e-03	4.195414e-05	1.972923e-05	-4.774150e-10	-1.982308e-07	3.070179e-10
208	1.738338e-01	3.696509e-03	1.802139e-04	2.604553e-05	-8.657862e-11	-8.482714e-07	1.782306e-09
209	1.738338e-01	3.696509e-03	1.802139e-04	2.604553e-05	-8.657862e-11	-8.482714e-07	1.782306e-09
210	1.712593e-01	1.938787e-03	4.908674e-04	1.240766e-05	-5.628475e-10	-5.416925e-07	7.879321e-10
211	1.700741e-01	2.018853e-03	2.727191e-05	2.238993e-05	2.309017e-10	6.771275e-07	5.027839e-10
212	1.700741e-01	2.018853e-03	2.727191e-05	2.238993e-05	2.309017e-10	6.771275e-07	5.027839e-10
213	1.700741e-01	2.018853e-03	2.727191e-05	2.238993e-05	2.309017e-10	6.771275e-07	5.027839e-10
214	1.700741e-01	2.018853e-03	2.727191e-05	2.238993e-05	2.309017e-10	6.771275e-07	5.027839e-10
215	1.696777e-01	5.617738e-04	3.083624e-04	1.811754e-05	1.322875e-09	4.291182e-07	-2.895359e-10
216	1.748148e-01	1.984088e-03	9.068731e-04	3.379647e-05	5.685339e-09	1.174118e-06	1.638411e-09
217	1.829446e-01	1.830126e-03	8.414443e-04	1.266461e-05	-1.285829e-09	-2.482530e-07	2.363735e-10
218	1.829446e-01	1.830126e-03	8.414443e-04	1.266461e-05	-1.285829e-09	-2.482530e-07	2.363735e-10
219	1.829446e-01	1.830126e-03	8.414443e-04	1.266461e-05	-1.285829e-09	-2.482530e-07	2.363735e-10
220	1.822157e-01	7.023009e-03	1.628107e-04	2.403750e-05	1.456104e-09	2.013180e-06	3.755311e-10
221	1.822157e-01	7.023009e-03	1.628107e-04	2.403750e-05	1.456104e-09	2.013180e-06	3.755311e-10
222	1.735840e-01	2.390921e-03	1.561889e-04	2.639979e-05	3.936023e-10	1.290578e-06	-1.648892e-09
223	1.608368e-01	1.117833e-03	1.904020e-04	6.857213e-06	-1.386284e-10	-1.830837e-07	2.053644e-10
224	1.608368e-01	1.117833e-03	1.904020e-04	6.857213e-06	-1.386284e-10	-1.830837e-07	2.053644e-10
225	1.718519e-01	1.299314e-03	5.586010e-04	3.481746e-05	-2.854828e-09	-1.198261e-06	-3.927746e-09
226	1.840379e-01	2.632964e-03	4.070268e-04	2.331886e-05	2.219095e-09	4.394461e-07	-4.865656e-10
227	1.718519e-01	1.299314e-03	5.586010e-04	3.481746e-05	-2.854828e-09	-1.198261e-06	-3.927746e-09
228	1.718519e-01	1.299314e-03	5.586010e-04	3.481746e-05	-2.854828e-09	-1.198261e-06	-3.927746e-09
229	1.680029e-01	1.033928e-03	2.252587e-04	2.264977e-05	-9.689602e-10	-4.621499e-07	-1.295582e-09
230	1.675011e-01	4.107890e-03	1.461540e-04	1.254128e-05	2.548243e-11	-6.380439e-09	5.363256e-10
231	1.675011e-01	4.107890e-03	1.461540e-04	1.254128e-05	2.548243e-11	-6.380439e-09	5.363256e-10
232	1.675011e-01	4.107890e-03	1.461540e-04	1.254128e-05	2.548243e-11	-6.380439e-09	5.363256e-10
233	1.776620e-01	4.203974e-03	4.461043e-05	3.128893e-05	1.168545e-09	-4.352203e-07	-3.160014e-11
234	1.720528e-01	1.204108e-03	3.936933e-04	2.631713e-05	9.750754e-10	-4.733216e-07	-2.495011e-09
235	1.720528e-01	1.204108e-03	3.936933e-04	2.631713e-05	9.750754e-10	-4.733216e-07	-2.495011e-09
236	1.854956e-01	4.361623e-03	5.156416e-04	2.160897e-05	8.554092e-10	6.422091e-07	2.114529e-09
237	1.854956e-01	4.361623e-03	5.156416e-04	2.160897e-05	8.554092e-10	6.422091e-07	2.114529e-09
238	1.745605e-01	3.768504e-03	2.260625e-04	2.027751e-05	1.332684e-09	6.332977e-07	-3.298255e-10
239	1.647407e-01	3.156631e-03	2.020444e-04	9.461868e-06	1.045182e-10	-1.345546e-07	-4.002826e-10
240	1.647407e-01	3.156631e-03	2.020444e-04	9.461868e-06	1.045182e-10	-1.345546e-07	-4.002826e-10
241	1.647407e-01	3.156631e-03	2.020444e-04	9.461868e-06	1.045182e-10	-1.345546e-07	-4.002826e-10
242	1.674805e-01	2.529383e-03	2.725166e-04	1.211185e-06	-2.200454e-11	6.091409e-08	0.000000e+00
243	1.674805e-01	2.529383e-03	2.725166e-04	1.211185e-06	-2.200454e-11	6.091409e-08	0.000000e+00
244	1.765926e-01	4.041569e-03	8.526306e-04	8.721038e-06	-4.982698e-10	-1.230509e-07	5.632673e-10
245	1.727405e-01	4.611705e-03	3.743532e-04	5.910252e-06	1.244163e-10	1.339471e-07	-2.486088e-10
246	1.659259e-01	1.910343e-03	1.494666e-04	2.882162e-06	5.878369e-11	1.232189e-07	1.108901e-11
247	1.659259e-01	1.910343e-03	1.494666e-04	2.882162e-06	5.878369e-11	1.232189e-07	1.108901e-11
248	1.659259e-01	1.910343e-03	1.494666e-04	2.882162e-06	5.878369e-11	1.232189e-07	1.108901e-11
249	1.718519e-01	1.636433e-03	3.840481e-04	3.228126e-06	1.088032e-10	-4.053139e-08	3.288000e-11
250	1.718519e-01	1.636433e-03	3.840481e-04	3.228126e-06	1.088032e-10	-4.053139e-08	3.288000e-11
251	1.682963e-01	4.059479e-04	9.081301e-04	1.154218e-06	-3.565207e-11	-9.500877e-09	-1.119526e-11
252	1.682963e-01	4.059479e-04	9.081301e-04	1.154218e-06	-3.565207e-11	-9.500877e-09	-1.119526e-11
253	1.698251e-01	1.798252e-03	4.099541e-04	2.134258e-06	-1.048354e-11	-8.738349e-08	6.225376e-11
254	1.698251e-01	1.798252e-03	4.099541e-04	2.134258e-06	-1.048354e-11	-8.738349e-08	6.225376e-11
255	1.635556e-01	9.133827e-04	5.768533e-05	4.589037e-06	-7.466465e-11	1.386909e-07	-7.786095e-24
256	1.635556e-01	9.133827e-04	5.768533e-05	4.589037e-06	-7.466465e-11	1.386909e-07	-7.786095e-24
257	1.610787e-01	1.581505e-03	1.757742e-04	9.419852e-06	1.223129e-10	2.038376e-07	3.632654e-10
258	1.610787e-01	1.581505e-03	1.757742e-04	9.419852e-06	1.223129e-10	2.038376e-07	3.632654e-10
259	1.621720e-01	6.854340e-04	6.161159e-05	1.911229e-05	6.540070e-10	2.539865e-07	-4.905150e-11
260	1.621720e-01	6.854340e-04	6.161159e-05	1.911229e-05	6.540070e-10	2.539865e-07	-4.905150e-11
261	1.623704e-01	1.922985e-03	9.771602e-05	7.193232e-06	-1.676197e-11	1.700808e-08	-1.899700e-10
262	1.623704e-01	1.922985e-03	9.771602e-05	7.193232e-06	-1.676197e-11	1.700808e-08	-1.899700e-10
263	1.623704e-01	1.922985e-03	9.771602e-05	7.193232e-06	-1.676197e-11	1.700808e-08	-1.899700e-10
264	1.623704e-01	1.922985e-03	9.771602e-05	7.193232e-06	-1.676197e-11	1.700808e-08	-1.899700e-10
265	1.623704e-01	1.922985e-03	9.771602e-05	7.193232e-06	-1.676197e-11	1.700808e-08	-1.899700e-10
266	1.610787e-01	1.581505e-03	1.757742e-04	9.419852e-06	1.223129e-10	2.038376e-07	-3.632654e-10
267	1.610787e-01	1.581505e-03	1.757742e-04	9.419852e-06	1.223129e-10	2.038376e-07	-3.632654e-10
268	1.610787e-01	1.581505e-03	1.757742e-04	9.419852e-06	1.223129e-10	2.038376e-07	-3.632654e-10
269	1.656805e-01	2.240818e-03	3.729172e-05	4.143524e-06	1.442179e-11	-1.569145e-07	4.944612e-11
270	1.749271e-01	3.943935e-03	4.460568e-04	5.749176e-05	-4.397900e-09	-1.724695e-06	8.088363e-09
271	1.776620e-01	2.982266e-03	1.319455e-03	1.441123e-04	4.615048e-08	5.179963e-06	4.265248e-08
272	1.720528e-01	2.152146e-03	4.259098e-04	5.872979e-05	2.718928e-09	-8.046491e-07	8.881667e-09
273	1.723761e-01	4.099190e-03	3.582394e-04	2.917335e-05	-2.574291e-09	-1.496673e-06	1.505905e-09
274	1.723761e-01	4.099190e-03	3.582394e-04	2.917335e-05	-2.574291e-09	-1.496673e-06	1.505905e-09
275	1.777778e-01	5.056790e-03	9.291852e-04	5.267490e-05	-1.165351e-08	-3.745770e-06	-3.489661e-21
276	1.777778e-01	5.056790e-03	9.291852e-04	5.267490e-05	-1.165351e-08	-3.745770e-06	-3.489661e-21
277	1.777778e-01	5.056790e-03	9.291852e-04	5.267490e-05	-1.165351e-08	-3.745770e-06	-3.489661e-21
278	1.777778e-01	5.056790e-03	9.291852e-04	5.267490e-05	-1.165351e-08	-3.745770e-06	-3.489661e-21
279	1.777778e-01	5.056790e-03	9.291852e-04	5.267490e-05	-1.165351e-08	-3.745770e-06	-3.489661e-21
280	1.777778e-01	5.056790e-03	9.291852e-04	5.267490e-05	-1.165351e-08	-3.745770e-06	-3.489661e-21
281	1.777778e-01	5.056790e-03	9.291852e-04	5.267490e-05	-1.165351e-08	-3.745770e-06	-3.489661e-21
282	1.767493e-01	3.751758e-03	4.928927e-04	7.186470e-06	5.116391e-11	-3.794987e-07	-4.246390e-10
283	1.767493e-01	3.751758e-03	4.928927e-04	7.186470e-06	5.116391e-11	-3.794987e-07	-4.246390e-10
284	1.765926e-01	2.445520e-03	8.450384e-04	5.136804e-06	-4.778780e-12	2.395938e-07	3.384032e-10
285	1.767493e-01	6.845707e-03	2.899369e-04	1.239047e-05	-1.731747e-10	1.228209e-07	-7.221753e-10
286	1.767493e-01	6.845707e-03	2.899369e-04	1.239047e-05	-1.731747e-10	1.228209e-07	-7.221753e-10
287	1.720117e-01	4.419927e-03	3.062459e-04	2.505972e-06	1.782637e-11	1.587822e-07	-6.709459e-11
288	1.720117e-01	4.419927e-03	3.062459e-04	2.505972e-06	1.782637e-11	1.587822e-07	-6.709459e-11
289	1.720117e-01	4.419927e-03	3.062459e-04	2.505972e-06	1.782637e-11	1.587822e-07	-6.709459e-11
290	1.720117e-01	4.419927e-03	3.062459e-04	2.505972e-06	1.782637e-11	1.587822e-07	-6.709459e-11
291	1.720117e-01	4.419927e-03	3.062459e-04	2.505972e-06	1.782637e-11	1.587822e-07	-6.709459e-11
292	1.629630e-01	9.305898e-04	1.221602e-04	1.603008e-05	5.081214e-10	4.804567e-07	4.949829e-10
293	1.629630e-01	9.305898e-04	1.221602e-04	1.603008e-05	5.081214e-10	4.804567e-07	4.949829e-10
294	1.629630e-01	9.305898e-04	1.221602e-04	1.603008e-05	5.081214e-10	4.804567e-07	4.949829e-10
295	1.599121e-01	1.249373e-03	6.207323e-06	2.303219e-06	8.662953e-12	-5.857160e-09	-8.917866e-13
296	1.599121e-01	1.249373e-03	6.207323e-06	2.303219e-06	8.662953e-12	-5.857160e-09	-8.917866e-13
297	1.694815e-01	1.412038e-03	4.195414e-05	1.972923e-05	-4.774150e-10	-1.982308e-07	3.070179e-10
298	1.738338e-01	3.696509e-03	1.802139e-04	2.604553e-05	-8.657862e-11	-8.482714e-07	1.782306e-09
299	1.738338e-01	3.696509e-03	1.802139e-04	2.604553e-05	-8.657862e-11	-8.482714e-07	1.782306e-09
300	1.712593e-01	1.938787e-03	4.908674e-04	1.240766e-05	-5.628475e-10	-5.416925e-07	7.879321e-10
301	1.700741e-01	2.018853e-03	2.727191e-05	2.238993e-05	2.309017e-10	6.771275e-07	5.027839e-10
302	1.700741e-01	2.018853e-03	2.727191e-05	2.238993e-05	2.309017e-10	6.771275e-07	5.027839e-10
303	1.700741e-01	2.018853e-03	2.727191e-05	2.238993e-05	2.309017e-10	6.771275e-07	5.027839e-10
304	1.700741e-01	2.018853e-03	2.727191e-05	2.238993e-05	2.309017e-10	6.771275e-07	5.027839e-10
305	1.696777e-01	5.617738e-04	3.083624e-04	1.811754e-05	1.322875e-09	4.291182e-07	-2.895359e-10
306	1.748148e-01	1.984088e-03	9.068731e-04	3.379647e-05	5.685339e-09	1.174118e-06	1.638411e-09
307	1.829446e-01	1.830126e-03	8.414443e-04	1.266461e-05	-1.285829e-09	-2.482530e-07	2.363735e-10
308	1.829446e-01	1.830126e-03	8.414443e-04	1.266461e-05	-1.285829e-09	-2.482530e-07	2.363735e-10
309	1.829446e-01	1.830126e-03	8.414443e-04	1.266461e-05	-1.285829e-09	-2.482530e-07	2.363735e-10
310	1.822157e-01	7.023009e-03	1.628107e-04	2.403750e-05	1.456104e-09	2.013180e-06	3.755311e-10
311	1.822157e-01	7.023009e-03	1.628107e-04	2.403750e-05	1.456104e-09	2.013180e-06	3.755311e-10
312	1.735840e-01	2.390921e-03	1.561889e-04	2.639979e-05	3.936023e-10	1.290578e-06	-1.648892e-09
313	1.608368e-01	1.117833e-03	1.904020e-04	6.857213e-06	-1.386284e-10	-1.830837e-07	2.053644e-10
314	1.608368e-01	1.117833e-03	1.904020e-04	6.857213e-06	-1.386284e-10	-1.830837e-07	2.053644e-10
315	1.718519e-01	1.299314e-03	5.586010e-04	3.481746e-05	-2.854828e-09	-1.198261e-06	-3.927746e-09
316	1.840379e-01	2.632964e-03	4.070268e-04	2.331886e-05	2.219095e-09	4.394461e-07	-4.865656e-10
317	1.718519e-01	1.299314e-03	5.586010e-04	3.481746e-05	-2.854828e-09	-1.198261e-06	-3.927746e-09
318	1.718519e-01	1.299314e-03	5.586010e-04	3.481746e-05	-2.854828e-09	-1.198261e-06	-3.927746e-09
319	1.680029e-01	1.033928e-03	2.252587e-04	2.264977e-05	-9.689602e-10	-4.621499e-07	-1.295582e-09
320	1.675011e-01	4.107890e-03	1.461540e-04	1.254128e-05	2.548243e-11	-6.380439e-09	5.363256e-10
321	1.675011e-01	4.107890e-03	1.461540e-04	1.254128e-05	2.548243e-11	-6.380439e-09	5.363256e-10
322	1.675011e-01	4.107890e-03	1.461540e-04	1.254128e-05	2.548243e-11	-6.380439e-09	5.363256e-10
323	1.776620e-01	4.203974e-03	4.461043e-05	3.128893e-05	1.168545e-09	-4.352203e-07	-3.160014e-11
324	1.720528e-01	1.204108e-03	3.936933e-04	2.631713e-05	9.750754e-10	-4.733216e-07	-2.495011e-09
325	1.720528e-01	1.204108e-03	3.936933e-04	2.631713e-05	9.750754e-10	-4.733216e-07	-2.495011e-09
326	1.854956e-01	4.361623e-03	5.156416e-04	2.160897e-05	8.554092e-10	6.422091e-07	2.114529e-09
327	1.854956e-01	4.361623e-03	5.156416e-04	2.160897e-05	8.554092e-10	6.422091e-07	2.114529e-09
328	1.745605e-01	3.768504e-03	2.260625e-04	2.027751e-05	1.332684e-09	6.332977e-07	-3.298255e-10
329	1.647407e-01	3.156631e-03	2.020444e-04	9.461868e-06	1.045182e-10	-1.345546e-07	-4.002826e-10
330	1.647407e-01	3.156631e-03	2.020444e-04	9.461868e-06	1.045182e-10	-1.345546e-07	-4.002826e-10
331	1.647407e-01	3.156631e-03	2.020444e-04	9.461868e-06	1.045182e-10	-1.345546e-07	-4.002826e-10
332	1.674805e-01	2.529383e-03	2.725166e-04	1.211185e-06	-2.200454e-11	6.091409e-08	0.000000e+00
333	1.674805e-01	2.529383e-03	2.725166e-04	1.211185e-06	-2.200454e-11	6.091409e-08	0.000000e+00
334	1.765926e-01	4.041569e-03	8.526306e-04	8.721038e-06	-4.982698e-10	-1.230509e-07	5.632673e-10
335	1.727405e-01	4.611705e-03	3.743532e-04	5.910252e-06	1.244163e-10	1.339471e-07	-2.486088e-10
336	1.659259e-01	1.910343e-03	1.494666e-04	2.882162e-06	5.878369e-11	1.232189e-07	1.108901e-11
337	1.659259e-01	1.910343e-03	1.494666e-04	2.882162e-06	5.878369e-11	1.232189e-07	1.108901e-11
338	1.659259e-01	1.910343e-03	1.494666e-04	2.882162e-06	5.878369e-11	1.232189e-07	1.108901e-11
339	1.718519e-01	1.636433e-03	3.840481e-04	3.228126e-06	1.088032e-10	-4.053139e-08	3.288000e-11
340	1.718519e-01	1.636433e-03	3.840481e-04	3.228126e-06	1.088032e-10	-4.053139e-08	3.288000e-11
341	1.682963e-01	4.059479e-04	9.081301e-04	1.154218e-06	-3.565207e-11	-9.500877e-09	-1.119526e-11
342	1.682963e-01	4.059479e-04	9.081301e-04	1.154218e-06	-3.565207e-11	-9.500877e-09	-1.119526e-11
343	1.698251e-01	1.798252e-03	4.099541e-04	2.134258e-06	-1.048354e-11	-8.738349e-08	6.225376e-11
344	1.698251e-01	1.798252e-03	4.099541e-04	2.134258e-06	-1.048354e-11	-8.738349e-08	6.225376e-11
345	1.635556e-01	9.133827e-04	5.768533e-05	4.589037e-06	-7.466465e-11	1.386909e-07	4.014704e-23
346	1.635556e-01	9.133827e-04	5.768533e-05	4.589037e-06	-7.466465e-11	1.386909e-07	4.014704e-23
347	1.610787e-01	1.581505e-03	1.757742e-04	9.419852e-06	1.223129e-10	2.038376e-07	3.632654e-10
348	1.610787e-01	1.581505e-03	1.757742e-04	9.419852e-06	1.223129e-10	2.038376e-07	3.632654e-10
349	1.621720e-01	6.854340e-04	6.161159e-05	1.911229e-05	6.540070e-10	2.539865e-07	-4.905150e-11
350	1.621720e-01	6.854340e-04	6.161159e-05	1.911229e-05	6.540070e-10	2.539865e-07	-4.905150e-11
351	1.623704e-01	1.922985e-03	9.771602e-05	7.193232e-06	-1.676197e-11	1.700808e-08	-1.899700e-10
352	1.623704e-01	1.922985e-03	9.771602e-05	7.193232e-06	-1.676197e-11	1.700808e-08	-1.899700e-10
353	1.623704e-01	1.922985e-03	9.771602e-05	7.193232e-06	-1.676197e-11	1.700808e-08	-1.899700e-10
354	1.623704e-01	1.922985e-03	9.771602e-05	7.193232e-06	-1.676197e-11	1.700808e-08	-1.899700e-10
355	1.623704e-01	1.922985e-03	9.771602e-05	7.193232e-06	-1.676197e-11	1.700808e-08	-1.899700e-10
356	1.610787e-01	1.581505e-03	1.757742e-04	9.419852e-06	1.223129e-10	2.038376e-07	-3.632654e-10
357	1.610787e-01	1.581505e-03	1.757742e-04	9.419852e-06	1.223129e-10	2.038376e-07	-3.632654e-10
358	1.610787e-01	1.581505e-03	1.757742e-04	9.419852e-06	1.223129e-10	2.038376e-07	-3.632654e-10
359	1.656805e-01	2.240818e-03	3.729172e-05	4.143524e-06	1.442179e-11	-1.569145e-07	4.944612e-11
