0.00	+1.592e-01	+0.000e+00	+0.000e+00	+0.000e+00	+0.000e+00	+0.000e+00	+0.000e+00
1.00	+1.592e-01	+1.302e-38	+8.553e-39	+1.356e-38	-9.274e-77	+1.333e-57	-1.128e-76
2.00	+1.592e-01	+1.302e-38	+8.553e-39	+1.356e-38	-9.274e-77	+1.333e-57	-1.128e-76
3.00	+1.592e-01	+1.302e-38	+8.553e-39	+1.356e-38	-9.274e-77	+1.333e-57	-1.128e-76
4.00	+1.592e-01	+1.488e-15	+3.640e-09	+4.833e-12	+6.411e-22	-1.864e-19	+1.479e-33
5.00	+1.592e-01	+0.000e+00	+0.000e+00	+0.000e+00	+0.000e+00	+0.000e+00	+0.000e+00
6.00	+1.592e-01	+1.302e-38	+8.553e-39	+1.356e-38	-9.274e-77	+1.333e-57	-1.128e-76
7.00	+1.592e-01	+0.000e+00	+0.000e+00	+0.000e+00	+0.000e+00	+0.000e+00	+0.000e+00
8.00	+1.592e-01	+1.302e-38	+8.553e-39	+1.356e-38	-9.274e-77	+1.333e-57	-1.128e-76
9.00	+1.592e-01	+1.302e-38	+8.553e-39	+1.356e-38	-9.274e-77	+1.333e-57	-1.128e-76
10.00	+1.592e-01	+1.302e-38	+8.553e-39	+1.356e-38	-9.274e-77	+1.333e-57	-1.128e-76
11.00	+1.592e-01	+1.302e-38	+8.553e-39	+1.356e-38	-9.274e-77	+1.333e-57	-1.128e-76
12.00	+1.592e-01	+0.000e+00	+0.000e+00	+0.000e+00	+0.000e+00	+0.000e+00	+0.000e+00
13.00	+1.592e-01	+0.000e+00	+0.000e+00	+0.000e+00	+0.000e+00	+0.000e+00	+0.000e+00
14.00	+1.592e-01	+0.000e+00	+0.000e+00	+0.000e+00	+0.000e+00	+0.000e+00	+0.000e+00
15.00	+1.592e-01	+0.000e+00	+0.000e+00	+0.000e+00	+0.000e+00	+0.000e+00	+0.000e+00
16.00	+1.592e-01	+0.000e+00	+0.000e+00	+0.000e+00	+0.000e+00	+0.000e+00	+0.000e+00
17.00	+1.592e-01	+1.302e-38	+8.553e-39	+1.356e-38	-9.274e-77	+1.333e-57	-1.128e-76
18.00	+1.592e-01	+0.000e+00	+0.000e+00	+0.000e+00	+0.000e+00	+0.000e+00	+0.000e+00
19.00	+1.592e-01	+0.000e+00	+0.000e+00	+0.000e+00	+0.000e+00	+0.000e+00	+0.000e+00
20.00	+1.592e-01	+0.000e+00	+0.000e+00	+0.000e+00	+0.000e+00	+0.000e+00	+0.000e+00
21.00	+1.592e-01	+1.302e-38	+8.553e-39	+1.356e-38	-9.274e-77	+1.333e-57	-1.128e-76
22.00	+1.592e-01	+0.000e+00	+0.000e+00	+0.000e+00	+0.000e+00	+0.000e+00	+0.000e+00
23.00	+1.592e-01	+0.000e+00	+0.000e+00	+0.000e+00	+0.000e+00	+0.000e+00	+0.000e+00
24.00	+1.592e-01	+0.000e+00	+0.000e+00	+0.000e+00	+0.000e+00	+0.000e+00	+0.000e+00
25.00	+1.592e-01	+0.000e+00	+0.000e+00	+0.000e+00	+0.000e+00	+0.000e+00	+0.000e+00
26.00	+1.592e-01	+1.276e-38	+8.342e-39	+1.323e-38	-8.822e-77	-1.287e-57	-1.073e-76
27.00	+1.592e-01	+1.693e-15	+4.383e-09	+2.631e-12	-2.825e-22	-1.082e-19	-2.983e-34
28.00	+1.592e-01	+6.226e-09	+1.084e-08	+1.744e-12	+1.308e-22	-4.143e-17	+2.009e-22
29.00	+1.592e-01	+1.317e-38	+8.683e-39	+1.377e-38	-9.557e-77	-1.361e-57	-1.163e-76
30.00	+1.592e-01	+1.302e-38	+8.553e-39	+1.356e-38	-9.274e-77	+1.333e-57	-1.128e-76
31.00	+1.592e-01	+0.000e+00	+0.000e+00	+0.000e+00	+0.000e+00	+0.000e+00	+0.000e+00
32.00	+1.592e-01	+0.000e+00	+0.000e+00	+0.000e+00	+0.000e+00	+0.000e+00	+0.000e+00
33.00	+1.592e-01	+1.302e-38	+8.553e-39	+1.356e-38	-9.274e-77	+1.333e-57	-1.128e-76
34.00	+1.592e-01	+0.000e+00	+0.000e+00	+0.000e+00	+0.000e+00	+0.000e+00	+0.000e+00
35.00	+1.592e-01	+1.323e-38	+8.727e-39	+1.383e-38	-9.654e-77	-1.371e-57	-1.174e-76
36.00	+1.592e-01	+0.000e+00	+0.000e+00	+0.000e+00	+0.000e+00	+0.000e+00	+0.000e+00
37.00	+1.592e-01	+1.323e-38	+8.727e-39	+1.383e-38	-9.654e-77	-1.371e-57	-1.174e-76
38.00	+1.592e-01	+6.681e-09	+2.177e-09	+1.079e-12	+5.231e-23	-8.821e-17	-9.319e-35
39.00	+1.592e-01	+1.286e-38	+8.426e-39	+1.336e-38	-9.000e-77	+1.305e-57	-1.095e-76
40.00	+1.592e-01	+0.000e+00	+0.000e+00	+0.000e+00	+0.000e+00	+0.000e+00	+0.000e+00
41.00	+1.592e-01	+0.000e+00	+0.000e+00	+0.000e+00	+0.000e+00	+0.000e+00	+0.000e+00
42.00	+1.592e-01	+0.000e+00	+0.000e+00	+0.000e+00	+0.000e+00	+0.000e+00	+0.000e+00
43.00	+1.592e-01	+0.000e+00	+0.000e+00	+0.000e+00	+0.000e+00	+0.000e+00	+0.000e+00
44.00	+1.592e-01	+0.000e+00	+0.000e+00	+0.000e+00	+0.000e+00	+0.000e+00	+0.000e+00
45.00	+1.592e-01	+1.323e-38	+8.727e-39	+1.383e-38	-9.654e-77	-1.371e-57	-1.174e-76
46.00	+1.592e-01	+0.000e+00	+0.000e+00	+0.000e+00	+0.000e+00	+0.000e+00	+0.000e+00
47.00	+1.592e-01	+0.000e+00	+0.000e+00	+0.000e+00	+0.000e+00	+0.000e+00	+0.000e+00
48.00	+1.592e-01	+0.000e+00	+0.000e+00	+0.000e+00	+0.000e+00	+0.000e+00	+0.000e+00
49.00	+1.592e-01	+0.000e+00	+0.000e+00	+0.000e+00	+0.000e+00	+0.000e+00	+0.000e+00
50.00	+1.592e-01	+0.000e+00	+0.000e+00	+0.000e+00	+0.000e+00	+0.000e+00	+0.000e+00
51.00	+1.592e-01	+1.286e-38	+8.426e-39	+1.336e-38	-9.000e-77	+1.305e-57	-1.095e-76
52.00	+1.592e-01	+6.681e-09	+2.177e-09	+1.079e-12	+5.231e-23	-8.821e-17	+8.936e-35
53.00	+1.592e-01	+1.323e-38	+8.727e-39	+1.383e-38	-9.654e-77	-1.371e-57	-1.174e-76
54.00	+1.592e-01	+0.000e+00	+0.000e+00	+0.000e+00	+0.000e+00	+0.000e+00	+0.000e+00
55.00	+1.592e-01	+1.323e-38	+8.727e-39	+1.383e-38	-9.654e-77	-1.371e-57	-1.174e-76
56.00	+1.592e-01	+0.000e+00	+0.000e+00	+0.000e+00	+0.000e+00	+0.000e+00	+0.000e+00
57.00	+1.592e-01	+1.302e-38	+8.553e-39	+1.356e-38	-9.274e-77	+1.333e-57	-1.128e-76
58.00	+1.592e-01	+0.000e+00	+0.000e+00	+0.000e+00	+0.000e+00	+0.000e+00	+0.000e+00
59.00	+1.592e-01	+0.000e+00	+0.000e+00	+0.000e+00	+0.000e+00	+0.000e+00	+0.000e+00
60.00	+1.592e-01	+1.302e-38	+8.553e-39	+1.356e-38	-9.274e-77	+1.333e-57	-1.128e-76
61.00	+1.592e-01	+1.317e-38	+8.683e-39	+1.377e-38	-9.557e-77	-1.361e-57	-1.163e-76
62.00	+1.592e-01	+6.226e-09	+1.084e-08	+1.744e-12	+1.308e-22	-4.143e-17	-2.009e-22
63.00	+1.592e-01	+1.693e-15	+4.383e-09	+2.631e-12	-2.825e-22	-1.082e-19	+2.644e-34
64.00	+1.592e-01	+1.276e-38	+8.342e-39	+1.323e-38	-8.822e-77	-1.287e-57	-1.073e-76
65.00	+1.592e-01	+0.000e+00	+0.000e+00	+0.000e+00	+0.000e+00	+0.000e+00	+0.000e+00
66.00	+1.592e-01	+0.000e+00	+0.000e+00	+0.000e+00	+0.000e+00	+0.000e+00	+0.000e+00
67.00	+1.592e-01	+0.000e+00	+0.000e+00	+0.000e+00	+0.000e+00	+0.000e+00	+0.000e+00
68.00	+1.592e-01	+0.000e+00	+0.000e+00	+0.000e+00	+0.000e+00	+0.000e+00	+0.000e+00
69.00	+1.592e-01	+1.302e-38	+8.553e-39	+1.356e-38	-9.274e-77	+1.333e-57	-1.128e-76
70.00	+1.592e-01	+0.000e+00	+0.000e+00	+0.000e+00	+0.000e+00	+0.000e+00	+0.000e+00
71.00	+1.592e-01	+0.000e+00	+0.000e+00	+0.000e+00	+0.000e+00	+0.000e+00	+0.000e+00
72.00	+1.592e-01	+0.000e+00	+0.000e+00	+0.000e+00	+0.000e+00	+0.000e+00	+0.000e+00
73.00	+1.592e-01	+1.302e-38	+8.553e-39	+1.356e-38	-9.274e-77	+1.333e-57	-1.128e-76
74.00	+1.592e-01	+0.000e+00	+0.000e+00	+0.000e+00	+0.000e+00	+0.000e+00	+0.000e+00
75.00	+1.592e-01	+0.000e+00	+0.000e+00	+0.000e+00	+0.000e+00	+0.000e+00	+0.000e+00
76.00	+1.592e-01	+0.000e+00	+0.000e+00	+0.000e+00	+0.000e+00	+0.000e+00	+0.000e+00
77.00	+1.592e-01	+0.000e+00	+0.000e+00	+0.000e+00	+0.000e+00	+0.000e+00	+0.000e+00
78.00	+1.592e-01	+0.000e+00	+0.000e+00	+0.000e+00	+0.000e+00	+0.000e+00	+0.000e+00
79.00	+1.592e-01	+1.302e-38	+8.553e-39	+1.356e-38	-9.274e-77	+1.333e-57	-1.128e-76
80.00	+1.592e-01	+1.302e-38	+8.553e-39	+1.356e-38	-9.274e-77	+1.333e-57	-1.128e-76
81.00	+1.592e-01	+1.302e-38	+8.553e-39	+1.356e-38	-9.274e-77	+1.333e-57	-1.128e-76
82.00	+1.592e-01	+1.302e-38	+8.553e-39	+1.356e-38	-9.274e-77	+1.333e-57	-1.128e-76
83.00	+1.592e-01	+0.000e+00	+0.000e+00	+0.000e+00	+0.000e+00	+0.000e+00	+0.000e+00
84.00	+1.592e-01	+1.302e-38	+8.553e-39	+1.356e-38	-9.274e-77	+1.333e-57	-1.128e-76
85.00	+1.592e-01	+0.000e+00	+0.000e+00	+0.000e+00	+0.000e+00	+0.000e+00	+0.000e+00
86.00	+1.592e-01	+1.488e-15	+3.640e-09	+4.833e-12	+6.411e-22	-1.864e-19	-1.402e-33
87.00	+1.592e-01	+1.302e-38	+8.553e-39	+1.356e-38	-9.274e-77	+1.333e-57	-1.128e-76
88.00	+1.592e-01	+1.302e-38	+8.553e-39	+1.356e-38	-9.274e-77	+1.333e-57	-1.128e-76
89.00	+1.592e-01	+1.302e-38	+8.553e-39	+1.356e-38	-9.274e-77	+1.333e-57	-1.128e-76
90.00	+1.592e-01	+0.000e+00	+0.000e+00	+0.000e+00	+0.000e+00	+0.000e+00	+0.000e+00
91.00	+1.592e-01	+1.302e-38	+8.553e-39	+1.356e-38	-9.274e-77	+1.333e-57	-1.128e-76
92.00	+1.592e-01	+1.302e-38	+8.553e-39	+1.356e-38	-9.274e-77	+1.333e-57	-1.128e-76
93.00	+1.592e-01	+1.302e-38	+8.553e-39	+1.356e-38	-9.274e-77	+1.333e-57	-1.128e-76
94.00	+1.592e-01	+1.488e-15	+3.640e-09	+4.833e-12	+6.411e-22	-1.864e-19	+1.801e-33
95.00	+1.592e-01	+0.000e+00	+0.000e+00	+0.000e+00	+0.000e+00	+0.000e+00	+0.000e+00
96.00	+1.592e-01	+1.302e-38	+8.553e-39	+1.356e-38	-9.274e-77	+1.333e-57	-1.128e-76
97.00	+1.592e-01	+0.000e+00	+0.000e+00	+0.000e+00	+0.000e+00	+0.000e+00	+0.000e+00
98.00	+1.592e-01	+1.302e-38	+8.553e-39	+1.356e-38	-9.274e-77	+1.333e-57	-1.128e-76
99.00	+1.592e-01	+1.302e-38	+8.553e-39	+1.356e-38	-9.274e-77	+1.333e-57	-1.128e-76
100.00	+1.592e-01	+1.302e-38	+8.553e-39	+1.356e-38	-9.274e-77	+1.333e-57	-1.128e-76
101.00	+1.592e-01	+1.302e-38	+8.553e-39	+1.356e-38	-9.274e-77	+1.333e-57	-1.128e-76
102.00	+1.592e-01	+0.000e+00	+0.000e+00	+0.000e+00	+0.000e+00	+0.000e+00	+0.000e+00
103.00	+1.592e-01	+0.000e+00	+0.000e+00	+0.000e+00	+0.000e+00	+0.000e+00	+0.000e+00
104.00	+1.592e-01	+0.000e+00	+0.000e+00	+0.000e+00	+0.000e+00	+0.000e+00	+0.000e+00
105.00	+1.592e-01	+0.000e+00	+0.000e+00	+0.000e+00	+0.000e+00	+0.000e+00	+0.000e+00
106.00	+1.592e-01	+0.000e+00	+0.000e+00	+0.000e+00	+0.000e+00	+0.000e+00	+0.000e+00
107.00	+1.592e-01	+1.302e-38	+8.553e-39	+1.356e-38	-9.274e-77	+1.333e-57	-1.128e-76
108.00	+1.592e-01	+0.000e+00	+0.000e+00	+0.000e+00	+0.000e+00	+0.000e+00	+0.000e+00
109.00	+1.592e-01	+0.000e+00	+0.000e+00	+0.000e+00	+0.000e+00	+0.000e+00	+0.000e+00
110.00	+1.592e-01	+0.000e+00	+0.000e+00	+0.000e+00	+0.000e+00	+0.000e+00	+0.000e+00
111.00	+1.592e-01	+1.302e-38	+8.553e-39	+1.356e-38	-9.274e-77	+1.333e-57	-1.128e-76
112.00	+1.592e-01	+0.000e+00	+0.000e+00	+0.000e+00	+0.000e+00	+0.000e+00	+0.000e+00
113.00	+1.592e-01	+0.000e+00	+0.000e+00	+0.000e+00	+0.000e+00	+0.000e+00	+0.000e+00
114.00	+1.592e-01	+0.000e+00	+0.000e+00	+0.000e+00	+0.000e+00	+0.000e+00	+0.000e+00
115.00	+1.592e-01	+0.000e+00	+0.000e+00	+0.000e+00	+0.000e+00	+0.000e+00	+0.000e+00
116.00	+1.592e-01	+1.276e-38	+8.342e-39	+1.323e-38	-8.822e-77	-1.287e-57	-1.073e-76
117.00	+1.592e-01	+1.693e-15	+4.383e-09	+2.631e-12	-2.825e-22	-1.082e-19	+2.159e-34
118.00	+1.592e-01	+1.542e-15	+3.857e-09	+9.848e-13	+6.070e-23	-3.868e-20	+1.763e-35
119.00	+1.592e-01	+1.317e-38	+8.683e-39	+1.377e-38	-9.557e-77	-1.361e-57	-1.163e-76
120.00	+1.592e-01	+1.302e-38	+8.553e-39	+1.356e-38	-9.274e-77	+1.333e-57	-1.128e-76
121.00	+1.592e-01	+0.000e+00	+0.000e+00	+0.000e+00	+0.000e+00	+0.000e+00	+0.000e+00
122.00	+1.592e-01	+0.000e+00	+0.000e+00	+0.000e+00	+0.000e+00	+0.000e+00	+0.000e+00
123.00	+1.592e-01	+1.302e-38	+8.553e-39	+1.356e-38	-9.274e-77	+1.333e-57	-1.128e-76
124.00	+1.592e-01	+0.000e+00	+0.000e+00	+0.000e+00	+0.000e+00	+0.000e+00	+0.000e+00
125.00	+1.592e-01	+1.323e-38	+8.727e-39	+1.383e-38	-9.654e-77	-1.371e-57	-1.174e-76
126.00	+1.592e-01	+0.000e+00	+0.000e+00	+0.000e+00	+0.000e+00	+0.000e+00	+0.000e+00
127.00	+1.592e-01	+1.323e-38	+8.727e-39	+1.383e-38	-9.654e-77	-1.371e-57	-1.174e-76
128.00	+1.592e-01	+6.681e-09	+2.177e-09	+1.079e-12	+5.231e-23	-8.821e-17	+4.740e-36
129.00	+1.592e-01	+1.286e-38	+8.426e-39	+1.336e-38	-9.000e-77	+1.305e-57	-1.095e-76
130.00	+1.592e-01	+0.000e+00	+0.000e+00	+0.000e+00	+0.000e+00	+0.000e+00	+0.000e+00
131.00	+1.592e-01	+0.000e+00	+0.000e+00	+0.000e+00	+0.000e+00	+0.000e+00	+0.000e+00
132.00	+1.592e-01	+0.000e+00	+0.000e+00	+0.000e+00	+0.000e+00	+0.000e+00	+0.000e+00
133.00	+1.592e-01	+0.000e+00	+0.000e+00	+0.000e+00	+0.000e+00	+0.000e+00	+0.000e+00
134.00	+1.592e-01	+0.000e+00	+0.000e+00	+0.000e+00	+0.000e+00	+0.000e+00	+0.000e+00
135.00	+1.592e-01	+1.323e-38	+8.727e-39	+1.383e-38	-9.654e-77	-1.371e-57	-1.174e-76
136.00	+1.592e-01	+0.000e+00	+0.000e+00	+0.000e+00	+0.000e+00	+0.000e+00	+0.000e+00
137.00	+1.592e-01	+0.000e+00	+0.000e+00	+0.000e+00	+0.000e+00	+0.000e+00	+0.000e+00
138.00	+1.592e-01	+0.000e+00	+0.000e+00	+0.000e+00	+0.000e+00	+0.000e+00	+0.000e+00
139.00	+1.592e-01	+0.000e+00	+0.000e+00	+0.000e+00	+0.000e+00	+0.000e+00	+0.000e+00
140.00	+1.592e-01	+0.000e+00	+0.000e+00	+0.000e+00	+0.000e+00	+0.000e+00	+0.000e+00
141.00	+1.592e-01	+1.286e-38	+8.426e-39	+1.336e-38	-9.000e-77	+1.305e-57	-1.095e-76
142.00	+1.592e-01	+1.685e-15	+4.353e-09	+2.162e-12	-2.098e-22	-8.876e-20	-4.767e-34
143.00	+1.592e-01	+1.323e-38	+8.727e-39	+1.383e-38	-9.654e-77	-1.371e-57	-1.174e-76
144.00	+1.592e-01	+0.000e+00	+0.000e+00	+0.000e+00	+0.000e+00	+0.000e+00	+0.000e+00
145.00	+1.592e-01	+1.323e-38	+8.727e-39	+1.383e-38	-9.654e-77	-1.371e-57	-1.174e-76
146.00	+1.592e-01	+0.000e+00	+0.000e+00	+0.000e+00	+0.000e+00	+0.000e+00	+0.000e+00
147.00	+1.592e-01	+1.302e-38	+8.553e-39	+1.356e-38	-9.274e-77	+1.333e-57	-1.128e-76
148.00	+1.592e-01	+0.000e+00	+0.000e+00	+0.000e+00	+0.000e+00	+0.000e+00	+0.000e+00
149.00	+1.592e-01	+0.000e+00	+0.000e+00	+0.000e+00	+0.000e+00	+0.000e+00	+0.000e+00
150.00	+1.592e-01	+1.302e-38	+8.553e-39	+1.356e-38	-9.274e-77	+1.333e-57	-1.128e-76
151.00	+1.592e-01	+1.317e-38	+8.683e-39	+1.377e-38	-9.557e-77	-1.361e-57	-1.163e-76
152.00	+1.592e-01	+1.542e-15	+3.857e-09	+9.848e-13	+6.070e-23	-3.868e-20	+1.950e-35
153.00	+1.592e-01	+1.693e-15	+4.383e-09	+2.631e-12	-2.825e-22	-1.082e-19	+5.752e-34
154.00	+1.592e-01	+1.276e-38	+8.342e-39	+1.323e-38	-8.822e-77	-1.287e-57	-1.073e-76
155.00	+1.592e-01	+0.000e+00	+0.000e+00	+0.000e+00	+0.000e+00	+0.000e+00	+0.000e+00
156.00	+1.592e-01	+0.000e+00	+0.000e+00	+0.000e+00	+0.000e+00	+0.000e+00	+0.000e+00
157.00	+1.592e-01	+0.000e+00	+0.000e+00	+0.000e+00	+0.000e+00	+0.000e+00	+0.000e+00
158.00	+1.592e-01	+0.000e+00	+0.000e+00	+0.000e+00	+0.000e+00	+0.000e+00	+0.000e+00
159.00	+1.592e-01	+1.302e-38	+8.553e-39	+1.356e-38	-9.274e-77	+1.333e-57	-1.128e-76
160.00	+1.592e-01	+0.000e+00	+0.000e+00	+0.000e+00	+0.000e+00	+0.000e+00	+0.000e+00
161.00	+1.592e-01	+0.000e+00	+0.000e+00	+0.000e+00	+0.000e+00	+0.000e+00	+0.000e+00
162.00	+1.592e-01	+0.000e+00	+0.000e+00	+0.000e+00	+0.000e+00	+0.000e+00	+0.000e+00
163.00	+1.592e-01	+1.302e-38	+8.553e-39	+1.356e-38	-9.274e-77	+1.333e-57	-1.128e-76
164.00	+1.592e-01	+0.000e+00	+0.000e+00	+0.000e+00	+0.000e+00	+0.000e+00	+0.000e+00
165.00	+1.592e-01	+0.000e+00	+0.000e+00	+0.000e+00	+0.000e+00	+0.000e+00	+0.000e+00
166.00	+1.592e-01	+0.000e+00	+0.000e+00	+0.000e+00	+0.000e+00	+0.000e+00	+0.000e+00
167.00	+1.592e-01	+0.000e+00	+0.000e+00	+0.000e+00	+0.000e+00	+0.000e+00	+0.000e+00
168.00	+1.592e-01	+0.000e+00	+0.000e+00	+0.000e+00	+0.000e+00	+0.000e+00	+0.000e+00
169.00	+1.592e-01	+1.302e-38	+8.553e-39	+1.356e-38	-9.274e-77	+1.333e-57	-1.128e-76
170.00	+1.592e-01	+1.302e-38	+8.553e-39	+1.356e-38	-9.274e-77	+1.333e-57	-1.128e-76
171.00	+1.592e-01	+1.302e-38	+8.553e-39	+1.356e-38	-9.274e-77	+1.333e-57	-1.128e-76
172.00	+1.592e-01	+1.302e-38	+8.553e-39	+1.356e-38	-9.274e-77	+1.333e-57	-1.128e-76
173.00	+1.592e-01	+0.000e+00	+0.000e+00	+0.000e+00	+0.000e+00	+0.000e+00	+0.000e+00
174.00	+1.592e-01	+1.302e-38	+8.553e-39	+1.356e-38	-9.274e-77	+1.333e-57	-1.128e-76
175.00	+1.592e-01	+0.000e+00	+0.000e+00	+0.000e+00	+0.000e+00	+0.000e+00	+0.000e+00
176.00	+1.592e-01	+1.488e-15	+3.640e-09	+4.833e-12	+6.411e-22	-1.864e-19	+1.940e-33
177.00	+1.592e-01	+1.302e-38	+8.553e-39	+1.356e-38	-9.274e-77	+1.333e-57	-1.128e-76
178.00	+1.592e-01	+1.302e-38	+8.553e-39	+1.356e-38	-9.274e-77	+1.333e-57	-1.128e-76
179.00	+1.592e-01	+1.302e-38	+8.553e-39	+1.356e-38	-9.274e-77	+1.333e-57	-1.128e-76
180.00	+1.592e-01	+0.000e+00	+0.000e+00	+0.000e+00	+0.000e+00	+0.000e+00	+0.000e+00
181.00	+1.592e-01	+1.302e-38	+8.553e-39	+1.356e-38	-9.274e-77	+1.333e-57	-1.128e-76
182.00	+1.592e-01	+1.302e-38	+8.553e-39	+1.356e-38	-9.274e-77	+1.333e-57	-1.128e-76
183.00	+1.592e-01	+1.302e-38	+8.553e-39	+1.356e-38	-9.274e-77	+1.333e-57	-1.128e-76
184.00	+1.592e-01	+1.488e-15	+3.640e-09	+4.833e-12	+6.411e-22	-1.864e-19	+1.202e-34
185.00	+1.592e-01	+0.000e+00	+0.000e+00	+0.000e+00	+0.000e+00	+0.000e+00	+0.000e+00
186.00	+1.592e-01	+1.302e-38	+8.553e-39	+1.356e-38	-9.274e-77	+1.333e-57	-1.128e-76
187.00	+1.592e-01	+0.000e+00	+0.000e+00	+0.000e+00	+0.000e+00	+0.000e+00	+0.000e+00
188.00	+1.592e-01	+1.302e-38	+8.553e-39	+1.356e-38	-9.274e-77	+1.333e-57	-1.128e-76
189.00	+1.592e-01	+1.302e-38	+8.553e-39	+1.356e-38	-9.274e-77	+1.333e-57	-1.128e-76
190.00	+1.592e-01	+1.302e-38	+8.553e-39	+1.356e-38	-9.274e-77	+1.333e-57	-1.128e-76
191.00	+1.592e-01	+1.302e-38	+8.553e-39	+1.356e-38	-9.274e-77	+1.333e-57	-1.128e-76
192.00	+1.592e-01	+0.000e+00	+0.000e+00	+0.000e+00	+0.000e+00	+0.000e+00	+0.000e+00
193.00	+1.592e-01	+0.000e+00	+0.000e+00	+0.000e+00	+0.000e+00	+0.000e+00	+0.000e+00
194.00	+1.592e-01	+0.000e+00	+0.000e+00	+0.000e+00	+0.000e+00	+0.000e+00	+0.000e+00
195.00	+1.592e-01	+0.000e+00	+0.000e+00	+0.000e+00	+0.000e+00	+0.000e+00	+0.000e+00
196.00	+1.592e-01	+0.000e+00	+0.000e+00	+0.000e+00	+0.000e+00	+0.000e+00	+0.000e+00
197.00	+1.592e-01	+1.302e-38	+8.553e-39	+1.356e-38	-9.274e-77	+1.333e-57	-1.128e-76
198.00	+1.592e-01	+0.000e+00	+0.000e+00	+0.000e+00	+0.000e+00	+0.000e+00	+0.000e+00
199.00	+1.592e-01	+0.000e+00	+0.000e+00	+0.000e+00	+0.000e+00	+0.000e+00	+0.000e+00
200.00	+1.592e-01	+0.000e+00	+0.000e+00	+0.000e+00	+0.000e+00	+0.000e+00	+0.000e+00
201.00	+1.592e-01	+1.302e-38	+8.553e-39	+1.356e-38	-9.274e-77	+1.333e-57	-1.128e-76
202.00	+1.592e-01	+0.000e+00	+0.000e+00	+0.000e+00	+0.000e+00	+0.000e+00	+0.000e+00
203.00	+1.592e-01	+0.000e+00	+0.000e+00	+0.000e+00	+0.000e+00	+0.000e+00	+0.000e+00
204.00	+1.592e-01	+0.000e+00	+0.000e+00	+0.000e+00	+0.000e+00	+0.000e+00	+0.000e+00
205.00	+1.592e-01	+0.000e+00	+0.000e+00	+0.000e+00	+0.000e+00	+0.000e+00	+0.000e+00
206.00	+1.592e-01	+1.276e-38	+8.342e-39	+1.323e-38	-8.822e-77	-1.287e-57	-1.073e-76
207.00	+1.592e-01	+1.693e-15	+4.383e-09	+2.631e-12	-2.825e-22	-1.082e-19	-1.962e-34
208.00	+1.592e-01	+1.542e-15	+3.857e-09	+9.848e-13	+6.070e-23	-3.868e-20	-4.463e-34
209.00	+1.592e-01	+1.317e-38	+8.683e-39	+1.377e-38	-9.557e-77	-1.361e-57	-1.163e-76
210.00	+1.592e-01	+1.302e-38	+8.553e-39	+1.356e-38	-9.274e-77	+1.333e-57	-1.128e-76
211.00	+1.592e-01	+0.000e+00	+0.000e+00	+0.000e+00	+0.000e+00	+0.000e+00	+0.000e+00
212.00	+1.592e-01	+0.000e+00	+0.000e+00	+0.000e+00	+0.000e+00	+0.000e+00	+0.000e+00
213.00	+1.592e-01	+1.302e-38	+8.553e-39	+1.356e-38	-9.274e-77	+1.333e-57	-1.128e-76
214.00	+1.592e-01	+0.000e+00	+0.000e+00	+0.000e+00	+0.000e+00	+0.000e+00	+0.000e+00
215.00	+1.592e-01	+1.323e-38	+8.727e-39	+1.383e-38	-9.654e-77	-1.371e-57	-1.174e-76
216.00	+1.592e-01	+0.000e+00	+0.000e+00	+0.000e+00	+0.000e+00	+0.000e+00	+0.000e+00
217.00	+1.592e-01	+1.323e-38	+8.727e-39	+1.383e-38	-9.654e-77	-1.371e-57	-1.174e-76
218.00	+1.592e-01	+1.685e-15	+4.353e-09	+2.162e-12	-2.098e-22	-8.876e-20	+5.203e-34
219.00	+1.592e-01	+1.286e-38	+8.426e-39	+1.336e-38	-9.000e-77	+1.305e-57	-1.095e-76
220.00	+1.592e-01	+0.000e+00	+0.000e+00	+0.000e+00	+0.000e+00	+0.000e+00	+0.000e+00
221.00	+1.592e-01	+0.000e+00	+0.000e+00	+0.000e+00	+0.000e+00	+0.000e+00	+0.000e+00
222.00	+1.592e-01	+0.000e+00	+0.000e+00	+0.000e+00	+0.000e+00	+0.000e+00	+0.000e+00
223.00	+1.592e-01	+0.000e+00	+0.000e+00	+0.000e+00	+0.000e+00	+0.000e+00	+0.000e+00
224.00	+1.592e-01	+0.000e+00	+0.000e+00	+0.000e+00	+0.000e+00	+0.000e+00	+0.000e+00
225.00	+1.592e-01	+1.323e-38	+8.727e-39	+1.383e-38	-9.654e-77	-1.371e-57	-1.174e-76
226.00	+1.592e-01	+0.000e+00	+0.000e+00	+0.000e+00	+0.000e+00	+0.000e+00	+0.000e+00
227.00	+1.592e-01	+0.000e+00	+0.000e+00	+0.000e+00	+0.000e+00	+0.000e+00	+0.000e+00
228.00	+1.592e-01	+0.000e+00	+0.000e+00	+0.000e+00	+0.000e+00	+0.000e+00	+0.000e+00
229.00	+1.592e-01	+0.000e+00	+0.000e+00	+0.000e+00	+0.000e+00	+0.000e+00	+0.000e+00
230.00	+1.592e-01	+0.000e+00	+0.000e+00	+0.000e+00	+0.000e+00	+0.000e+00	+0.000e+00
231.00	+1.592e-01	+1.286e-38	+8.426e-39	+1.336e-38	-9.000e-77	+1.305e-57	-1.095e-76
232.00	+1.592e-01	+1.685e-15	+4.353e-09	+2.162e-12	-2.098e-22	-8.876e-20	-5.064e-34
233.00	+1.592e-01	+1.323e-38	+8.727e-39	+1.383e-38	-9.654e-77	-1.371e-57	-1.174e-76
234.00	+1.592e-01	+0.000e+00	+0.000e+00	+0.000e+00	+0.000e+00	+0.000e+00	+0.000e+00
235.00	+1.592e-01	+1.323e-38	+8.727e-39	+1.383e-38	-9.654e-77	-1.371e-57	-1.174e-76
236.00	+1.592e-01	+0.000e+00	+0.000e+00	+0.000e+00	+0.000e+00	+0.000e+00	+0.000e+00
237.00	+1.592e-01	+1.302e-38	+8.553e-39	+1.356e-38	-9.274e-77	+1.333e-57	-1.128e-76
238.00	+1.592e-01	+0.000e+00	+0.000e+00	+0.000e+00	+0.000e+00	+0.000e+00	+0.000e+00
239.00	+1.592e-01	+0.000e+00	+0.000e+00	+0.000e+00	+0.000e+00	+0.000e+00	+0.000e+00
240.00	+1.592e-01	+1.302e-38	+8.553e-39	+1.356e-38	-9.274e-77	+1.333e-57	-1.128e-76
241.00	+1.592e-01	+1.317e-38	+8.683e-39	+1.377e-38	-9.557e-77	-1.361e-57	-1.163e-76
242.00	+1.592e-01	+1.542e-15	+3.857e-09	+9.848e-13	+6.070e-23	-3.868e-20	+4.409e-34
243.00	+1.592e-01	+1.693e-15	+4.383e-09	+2.631e-12	-2.825e-22	-1.082e-19	+2.079e-34
244.00	+1.592e-01	+1.276e-38	+8.342e-39	+1.323e-38	-8.822e-77	-1.287e-57	-1.073e-76
245.00	+1.592e-01	+0.000e+00	+0.000e+00	+0.000e+00	+0.000e+00	+0.000e+00	+0.000e+00
246.00	+1.592e-01	+0.000e+00	+0.000e+00	+0.000e+00	+0.000e+00	+0.000e+00	+0.000e+00
247.00	+1.592e-01	+0.000e+00	+0.000e+00	+0.000e+00	+0.000e+00	+0.000e+00	+0.000e+00
248.00	+1.592e-01	+0.000e+00	+0.000e+00	+0.000e+00	+0.000e+00	+0.000e+00	+0.000e+00
249.00	+1.592e-01	+1.302e-38	+8.553e-39	+1.356e-38	-9.274e-77	+1.333e-57	-1.128e-76
250.00	+1.592e-01	+0.000e+00	+0.000e+00	+0.000e+00	+0.000e+00	+0.000e+00	+0.000e+00
251.00	+1.592e-01	+0.000e+00	+0.000e+00	+0.000e+00	+0.000e+00	+0.000e+00	+0.000e+00
252.00	+1.592e-01	+0.000e+00	+0.000e+00	+0.000e+00	+0.000e+00	+0.000e+00	+0.000e+00
253.00	+1.592e-01	+1.302e-38	+8.553e-39	+1.356e-38	-9.274e-77	+1.333e-57	-1.128e-76
254.00	+1.592e-01	+0.000e+00	+0.000e+00	+0.000e+00	+0.000e+00	+0.000e+00	+0.000e+00
255.00	+1.592e-01	+0.000e+00	+0.000e+00	+0.000e+00	+0.000e+00	+0.000e+00	+0.000e+00
256.00	+1.592e-01	+0.000e+00	+0.000e+00	+0.000e+00	+0.000e+00	+0.000e+00	+0.000e+00
257.00	+1.592e-01	+0.000e+00	+0.000e+00	+0.000e+00	+0.000e+00	+0.000e+00	+0.000e+00
258.00	+1.592e-01	+0.000e+00	+0.000e+00	+0.000e+00	+0.000e+00	+0.000e+00	+0.000e+00
259.00	+1.592e-01	+1.302e-38	+8.553e-39	+1.356e-38	-9.274e-77	+1.333e-57	-1.128e-76
260.00	+1.592e-01	+1.302e-38	+8.553e-39	+1.356e-38	-9.274e-77	+1.333e-57	-1.128e-76
261.00	+1.592e-01	+1.302e-38	+8.553e-39	+1.356e-38	-9.274e-77	+1.333e-57	-1.128e-76
262.00	+1.592e-01	+1.302e-38	+8.553e-39	+1.356e-38	-9.274e-77	+1.333e-57	-1.128e-76
263.00	+1.592e-01	+0.000e+00	+0.000e+00	+0.000e+00	+0.000e+00	+0.000e+00	+0.000e+00
264.00	+1.592e-01	+1.302e-38	+8.553e-39	+1.356e-38	-9.274e-77	+1.333e-57	-1.128e-76
265.00	+1.592e-01	+0.000e+00	+0.000e+00	+0.000e+00	+0.000e+00	+0.000e+00	+0.000e+00
266.00	+1.592e-01	+1.488e-15	+3.640e-09	+4.833e-12	+6.411e-22	-1.864e-19	-1.225e-34
267.00	+1.592e-01	+1.302e-38	+8.553e-39	+1.356e-38	-9.274e-77	+1.333e-57	-1.128e-76
268.00	+1.592e-01	+1.302e-38	+8.553e-39	+1.356e-38	-9.274e-77	+1.333e-57	-1.128e-76
269.00	+1.592e-01	+1.302e-38	+8.553e-39	+1.356e-38	-9.274e-77	+1.333e-57	-1.128e-76
270.00	+1.592e-01	+0.000e+00	+0.000e+00	+0.000e+00	+0.000e+00	+0.000e+00	+0.000e+00
271.00	+1.592e-01	+1.302e-38	+8.553e-39	+1.356e-38	-9.274e-77	+1.333e-57	-1.128e-76
272.00	+1.592e-01	+1.302e-38	+8.553e-39	+1.356e-38	-9.274e-77	+1.333e-57	-1.128e-76
273.00	+1.592e-01	+1.302e-38	+8.553e-39	+1.356e-38	-9.274e-77	+1.333e-57	-1.128e-76
274.00	+1.592e-01	+1.488e-15	+3.640e-09	+4.833e-12	+6.411e-22	-1.864e-19	-2.027e-33
275.00	+1.592e-01	+0.000e+00	+0.000e+00	+0.000e+00	+0.000e+00	+0.000e+00	+0.000e+00
276.00	+1.592e-01	+1.302e-38	+8.553e-39	+1.356e-38	-9.274e-77	+1.333e-57	-1.128e-76
277.00	+1.592e-01	+0.000e+00	+0.000e+00	+0.000e+00	+0.000e+00	+0.000e+00	+0.000e+00
278.00	+1.592e-01	+1.302e-38	+8.553e-39	+1.356e-38	-9.274e-77	+1.333e-57	-1.128e-76
279.00	+1.592e-01	+1.302e-38	+8.553e-39	+1.356e-38	-9.274e-77	+1.333e-57	-1.128e-76
280.00	+1.592e-01	+1.302e-38	+8.553e-39	+1.356e-38	-9.274e-77	+1.333e-57	-1.128e-76
281.00	+1.592e-01	+1.302e-38	+8.553e-39	+1.356e-38	-9.274e-77	+1.333e-57	-1.128e-76
282.00	+1.592e-01	+0.000e+00	+0.000e+00	+0.000e+00	+0.000e+00	+0.000e+00	+0.000e+00
283.00	+1.592e-01	+0.000e+00	+0.000e+00	+0.000e+00	+0.000e+00	+0.000e+00	+0.000e+00
284.00	+1.592e-01	+0.000e+00	+0.000e+00	+0.000e+00	+0.000e+00	+0.000e+00	+0.000e+00
285.00	+1.592e-01	+0.000e+00	+0.000e+00	+0.000e+00	+0.000e+00	+0.000e+00	+0.000e+00
286.00	+1.592e-01	+0.000e+00	+0.000e+00	+0.000e+00	+0.000e+00	+0.000e+00	+0.000e+00
287.00	+1.592e-01	+1.302e-38	+8.553e-39	+1.356e-38	-9.274e-77	+1.333e-57	-1.128e-76
288.00	+1.592e-01	+0.000e+00	+0.000e+00	+0.000e+00	+0.000e+00	+0.000e+00	+0.000e+00
289.00	+1.592e-01	+0.000e+00	+0.000e+00	+0.000e+00	+0.000e+00	+0.000e+00	+0.000e+00
290.00	+1.592e-01	+0.000e+00	+0.000e+00	+0.000e+00	+0.000e+00	+0.000e+00	+0.000e+00
291.00	+1.592e-01	+1.302e-38	+8.553e-39	+1.356e-38	-9.274e-77	+1.333e-57	-1.128e-76
292.00	+1.592e-01	+0.000e+00	+0.000e+00	+0.000e+00	+0.000e+00	+0.000e+00	+0.000e+00
293.00	+1.592e-01	+0.000e+00	+0.000e+00	+0.000e+00	+0.000e+00	+0.000e+00	+0.000e+00
294.00	+1.592e-01	+0.000e+00	+0.000e+00	+0.000e+00	+0.000e+00	+0.000e+00	+0.000e+00
295.00	+1.592e-01	+0.000e+00	+0.000e+00	+0.000e+00	+0.000e+00	+0.000e+00	+0.000e+00
296.00	+1.592e-01	+1.276e-38	+8.342e-39	+1.323e-38	-8.822e-77	-1.287e-57	-1.073e-76
297.00	+1.592e-01	+1.693e-15	+4.383e-09	+2.631e-12	-2.825e-22	-1.082e-19	-5.449e-34
298.00	+1.592e-01	+1.542e-15	+3.857e-09	+9.848e-13	+6.070e-23	-3.868e-20	-1.300e-35
299.00	+1.592e-01	+1.317e-38	+8.683e-39	+1.377e-38	-9.557e-77	-1.361e-57	-1.163e-76
300.00	+1.592e-01	+1.302e-38	+8.553e-39	+1.356e-38	-9.274e-77	+1.333e-57	-1.128e-76
301.00	+1.592e-01	+0.000e+00	+0.000e+00	+0.000e+00	+0.000e+00	+0.000e+00	+0.000e+00
302.00	+1.592e-01	+0.000e+00	+0.000e+00	+0.000e+00	+0.000e+00	+0.000e+00	+0.000e+00
303.00	+1.592e-01	+1.302e-38	+8.553e-39	+1.356e-38	-9.274e-77	+1.333e-57	-1.128e-76
304.00	+1.592e-01	+0.000e+00	+0.000e+00	+0.000e+00	+0.000e+00	+0.000e+00	+0.000e+00
305.00	+1.592e-01	+1.323e-38	+8.727e-39	+1.383e-38	-9.654e-77	-1.371e-57	-1.174e-76
306.00	+1.592e-01	+0.000e+00	+0.000e+00	+0.000e+00	+0.000e+00	+0.000e+00	+0.000e+00
307.00	+1.592e-01	+1.323e-38	+8.727e-39	+1.383e-38	-9.654e-77	-1.371e-57	-1.174e-76
308.00	+1.592e-01	+1.685e-15	+4.353e-09	+2.162e-12	-2.098e-22	-8.876e-20	+4.553e-34
309.00	+1.592e-01	+1.286e-38	+8.426e-39	+1.336e-38	-9.000e-77	+1.305e-57	-1.095e-76
310.00	+1.592e-01	+0.000e+00	+0.000e+00	+0.000e+00	+0.000e+00	+0.000e+00	+0.000e+00
311.00	+1.592e-01	+0.000e+00	+0.000e+00	+0.000e+00	+0.000e+00	+0.000e+00	+0.000e+00
312.00	+1.592e-01	+0.000e+00	+0.000e+00	+0.000e+00	+0.000e+00	+0.000e+00	+0.000e+00
313.00	+1.592e-01	+0.000e+00	+0.000e+00	+0.000e+00	+0.000e+00	+0.000e+00	+0.000e+00
314.00	+1.592e-01	+0.000e+00	+0.000e+00	+0.000e+00	+0.000e+00	+0.000e+00	+0.000e+00
315.00	+1.592e-01	+1.323e-38	+8.727e-39	+1.383e-38	-9.654e-77	-1.371e-57	-1.174e-76
316.00	+1.592e-01	+0.000e+00	+0.000e+00	+0.000e+00	+0.000e+00	+0.000e+00	+0.000e+00
317.00	+1.592e-01	+0.000e+00	+0.000e+00	+0.000e+00	+0.000e+00	+0.000e+00	+0.000e+00
318.00	+1.592e-01	+0.000e+00	+0.000e+00	+0.000e+00	+0.000e+00	+0.000e+00	+0.000e+00
319.00	+1.592e-01	+0.000e+00	+0.000e+00	+0.000e+00	+0.000e+00	+0.000e+00	+0.000e+00
320.00	+1.592e-01	+0.000e+00	+0.000e+00	+0.000e+00	+0.000e+00	+0.000e+00	+0.000e+00
321.00	+1.592e-01	+1.286e-38	+8.426e-39	+1.336e-38	-9.000e-77	+1.305e-57	-1.095e-76
322.00	+1.592e-01	+6.681e-09	+2.177e-09	+1.079e-12	+5.231e-23	-8.821e-17	-4.816e-36
323.00	+1.592e-01	+1.323e-38	+8.727e-39	+1.383e-38	-9.654e-77	-1.371e-57	-1.174e-76
324.00	+1.592e-01	+0.000e+00	+0.000e+00	+0.000e+00	+0.000e+00	+0.000e+00	+0.000e+00
325.00	+1.592e-01	+1.323e-38	+8.727e-39	+1.383e-38	-9.654e-77	-1.371e-57	-1.174e-76
326.00	+1.592e-01	+0.000e+00	+0.000e+00	+0.000e+00	+0.000e+00	+0.000e+00	+0.000e+00
327.00	+1.592e-01	+1.302e-38	+8.553e-39	+1.356e-38	-9.274e-77	+1.333e-57	-1.128e-76
328.00	+1.592e-01	+0.000e+00	+0.000e+00	+0.000e+00	+0.000e+00	+0.000e+00	+0.000e+00
329.00	+1.592e-01	+0.000e+00	+0.000e+00	+0.000e+00	+0.000e+00	+0.000e+00	+0.000e+00
330.00	+1.592e-01	+1.302e-38	+8.553e-39	+1.356e-38	-9.274e-77	+1.333e-57	-1.128e-76
331.00	+1.592e-01	+1.317e-38	+8.683e-39	+1.377e-38	-9.557e-77	-1.361e-57	-1.163e-76
332.00	+1.592e-01	+1.542e-15	+3.857e-09	+9.848e-13	+6.070e-23	-3.868e-20	-1.937e-35
333.00	+1.592e-01	+1.693e-15	+4.383e-09	+2.631e-12	-2.825e-22	-1.082e-19	-2.868e-34
334.00	+1.592e-01	+1.276e-38	+8.342e-39	+1.323e-38	-8.822e-77	-1.287e-57	-1.073e-76
335.00	+1.592e-01	+0.000e+00	+0.000e+00	+0.000e+00	+0.000e+00	+0.000e+00	+0.000e+00
336.00	+1.592e-01	+0.000e+00	+0.000e+00	+0.000e+00	+0.000e+00	+0.000e+00	+0.000e+00
337.00	+1.592e-01	+0.000e+00	+0.000e+00	+0.000e+00	+0.000e+00	+0.000e+00	+0.000e+00
338.00	+1.592e-01	+0.000e+00	+0.000e+00	+0.000e+00	+0.000e+00	+0.000e+00	+0.000e+00
339.00	+1.592e-01	+1.302e-38	+8.553e-39	+1.356e-38	-9.274e-77	+1.333e-57	-1.128e-76
340.00	+1.592e-01	+0.000e+00	+0.000e+00	+0.000e+00	+0.000e+00	+0.000e+00	+0.000e+00
341.00	+1.592e-01	+0.000e+00	+0.000e+00	+0.000e+00	+0.000e+00	+0.000e+00	+0.000e+00
342.00	+1.592e-01	+0.000e+00	+0.000e+00	+0.000e+00	+0.000e+00	+0.000e+00	+0.000e+00
343.00	+1.592e-01	+1.302e-38	+8.553e-39	+1.356e-38	-9.274e-77	+1.333e-57	-1.128e-76
344.00	+1.592e-01	+0.000e+00	+0.000e+00	+0.000e+00	+0.000e+00	+0.000e+00	+0.000e+00
345.00	+1.592e-01	+0.000e+00	+0.000e+00	+0.000e+00	+0.000e+00	+0.000e+00	+0.000e+00
346.00	+1.592e-01	+0.000e+00	+0.000e+00	+0.000e+00	+0.000e+00	+0.000e+00	+0.000e+00
347.00	+1.592e-01	+0.000e+00	+0.000e+00	+0.000e+00	+0.000e+00	+0.000e+00	+0.000e+00
348.00	+1.592e-01	+0.000e+00	+0.000e+00	+0.000e+00	+0.000e+00	+0.000e+00	+0.000e+00
349.00	+1.592e-01	+1.302e-38	+8.553e-39	+1.356e-38	-9.274e-77	+1.333e-57	-1.128e-76
350.00	+1.592e-01	+1.302e-38	+8.553e-39	+1.356e-38	-9.274e-77	+1.333e-57	-1.128e-76
351.00	+1.592e-01	+1.302e-38	+8.553e-39	+1.356e-38	-9.274e-77	+1.333e-57	-1.128e-76
352.00	+1.592e-01	+1.302e-38	+8.553e-39	+1.356e-38	-9.274e-77	+1.333e-57	-1.128e-76
353.00	+1.592e-01	+0.000e+00	+0.000e+00	+0.000e+00	+0.000e+00	+0.000e+00	+0.000e+00
354.00	+1.592e-01	+1.302e-38	+8.553e-39	+1.356e-38	-9.274e-77	+1.333e-57	-1.128e-76
355.00	+1.592e-01	+0.000e+00	+0.000e+00	+0.000e+00	+0.000e+00	+0.000e+00	+0.000e+00
356.00	+1.592e-01	+1.488e-15	+3.640e-09	+4.833e-12	+6.411e-22	-1.864e-19	-1.767e-33
357.00	+1.592e-01	+1.302e-38	+8.553e-39	+1.356e-38	-9.274e-77	+1.333e-57	-1.128e-76
358.00	+1.592e-01	+1.302e-38	+8.553e-39	+1.356e-38	-9.274e-77	+1.333e-57	-1.128e-76
359.00	+1.592e-01	+1.302e-38	+8.553e-39	+1.356e-38	-9.274e-77	+1.333e-57	-1.128e-76
