0	1.591799e-01	0.000000e+00	0.000000e+00	0.000000e+00	0.000000e+00	0.000000e+00	0.000000e+00
1	1.593091e-01	6.471646e-38	1.270127e-37	2.013616e-37	-2.045079e-74	4.413252e-56	-2.487491e-74
2	1.593091e-01	6.471646e-38	1.270127e-37	2.013616e-37	-2.045079e-74	4.413252e-56	-2.487491e-74
3	1.592375e-01	6.471646e-38	1.270127e-37	2.013616e-37	-2.045079e-74	4.413252e-56	-2.487491e-74
4	1.593076e-01	0.000000e+00	0.000000e+00	0.000000e+00	0.000000e+00	0.000000e+00	0.000000e+00
5	1.592966e-01	0.000000e+00	0.000000e+00	0.000000e+00	0.000000e+00	0.000000e+00	0.000000e+00
6	1.593695e-01	6.471646e-38	1.270127e-37	2.013616e-37	-2.045079e-74	4.413252e-56	-2.487491e-74
7	1.592699e-01	0.000000e+00	0.000000e+00	0.000000e+00	0.000000e+00	0.000000e+00	0.000000e+00
8	1.592610e-01	0.000000e+00	0.000000e+00	0.000000e+00	0.000000e+00	0.000000e+00	0.000000e+00
9	1.592581e-01	0.000000e+00	0.000000e+00	0.000000e+00	0.000000e+00	0.000000e+00	0.000000e+00
10	1.593180e-01	6.471646e-38	1.270127e-37	2.013616e-37	-2.045079e-74	4.413252e-56	-2.487491e-74
11	1.592979e-01	6.471646e-38	1.270127e-37	2.013616e-37	-2.045079e-74	4.413252e-56	-2.487491e-74
12	1.592688e-01	6.471646e-38	1.270127e-37	2.013616e-37	-2.045079e-74	4.413252e-56	-2.487491e-74
13	1.592581e-01	0.000000e+00	0.000000e+00	0.000000e+00	0.000000e+00	0.000000e+00	0.000000e+00
14	1.593055e-01	0.000000e+00	0.000000e+00	0.000000e+00	0.000000e+00	0.000000e+00	0.000000e+00
15	1.593302e-01	0.000000e+00	0.000000e+00	0.000000e+00	0.000000e+00	0.000000e+00	0.000000e+00
16	1.593967e-01	0.000000e+00	0.000000e+00	0.000000e+00	0.000000e+00	0.000000e+00	0.000000e+00
17	1.593214e-01	0.000000e+00	0.000000e+00	0.000000e+00	0.000000e+00	0.000000e+00	0.000000e+00
18	1.593678e-01	0.000000e+00	0.000000e+00	0.000000e+00	0.000000e+00	0.000000e+00	0.000000e+00
19	1.593035e-01	0.000000e+00	0.000000e+00	0.000000e+00	0.000000e+00	0.000000e+00	0.000000e+00
20	1.592988e-01	0.000000e+00	0.000000e+00	0.000000e+00	0.000000e+00	0.000000e+00	0.000000e+00
21	1.593500e-01	0.000000e+00	0.000000e+00	0.000000e+00	0.000000e+00	0.000000e+00	0.000000e+00
22	1.593811e-01	6.337482e-08	2.136269e-08	5.810766e-11	6.474079e-20	-1.462823e-14	1.131018e-32
23	1.592699e-01	0.000000e+00	0.000000e+00	0.000000e+00	0.000000e+00	0.000000e+00	0.000000e+00
24	1.593077e-01	0.000000e+00	0.000000e+00	0.000000e+00	0.000000e+00	0.000000e+00	0.000000e+00
25	1.592625e-01	0.000000e+00	0.000000e+00	0.000000e+00	0.000000e+00	0.000000e+00	0.000000e+00
26	1.592322e-01	0.000000e+00	0.000000e+00	0.000000e+00	0.000000e+00	0.000000e+00	0.000000e+00
27	1.592761e-01	0.000000e+00	0.000000e+00	0.000000e+00	0.000000e+00	0.000000e+00	0.000000e+00
28	1.592941e-01	0.000000e+00	0.000000e+00	0.000000e+00	0.000000e+00	0.000000e+00	0.000000e+00
29	1.593091e-01	6.471646e-38	1.270127e-37	2.013616e-37	-2.045079e-74	4.413252e-56	-2.487491e-74
30	1.592988e-01	0.000000e+00	0.000000e+00	0.000000e+00	0.000000e+00	0.000000e+00	0.000000e+00
31	1.592599e-01	6.471646e-38	1.270127e-37	2.013616e-37	-2.045079e-74	4.413252e-56	-2.487491e-74
32	1.593099e-01	0.000000e+00	0.000000e+00	0.000000e+00	0.000000e+00	0.000000e+00	0.000000e+00
33	1.593166e-01	0.000000e+00	0.000000e+00	0.000000e+00	0.000000e+00	0.000000e+00	0.000000e+00
34	1.593024e-01	6.471646e-38	1.270127e-37	2.013616e-37	-2.045079e-74	4.413252e-56	-2.487491e-74
35	1.593248e-01	6.471646e-38	1.270127e-37	2.013616e-37	-2.045079e-74	4.413252e-56	-2.487491e-74
36	1.593344e-01	0.000000e+00	0.000000e+00	0.000000e+00	0.000000e+00	0.000000e+00	0.000000e+00
37	1.593013e-01	0.000000e+00	0.000000e+00	0.000000e+00	0.000000e+00	0.000000e+00	0.000000e+00
38	1.593270e-01	6.471646e-38	1.270127e-37	2.013616e-37	-2.045079e-74	4.413252e-56	-2.487491e-74
39	1.592686e-01	0.000000e+00	0.000000e+00	0.000000e+00	0.000000e+00	0.000000e+00	0.000000e+00
40	1.592481e-01	0.000000e+00	0.000000e+00	0.000000e+00	0.000000e+00	0.000000e+00	0.000000e+00
41	1.592421e-01	0.000000e+00	0.000000e+00	0.000000e+00	0.000000e+00	0.000000e+00	0.000000e+00
42	1.593344e-01	0.000000e+00	0.000000e+00	0.000000e+00	0.000000e+00	0.000000e+00	0.000000e+00
43	1.592451e-01	1.316941e-13	3.704853e-08	3.830981e-13	-4.564051e-23	-1.390251e-19	-1.097370e-35
44	1.592632e-01	0.000000e+00	0.000000e+00	0.000000e+00	0.000000e+00	0.000000e+00	0.000000e+00
45	1.592899e-01	0.000000e+00	0.000000e+00	0.000000e+00	0.000000e+00	0.000000e+00	0.000000e+00
46	1.592632e-01	0.000000e+00	0.000000e+00	0.000000e+00	0.000000e+00	0.000000e+00	0.000000e+00
47	1.592451e-01	1.316941e-13	3.704853e-08	3.830981e-13	-4.564051e-23	-1.390251e-19	-1.035923e-34
48	1.593344e-01	0.000000e+00	0.000000e+00	0.000000e+00	0.000000e+00	0.000000e+00	0.000000e+00
49	1.592421e-01	0.000000e+00	0.000000e+00	0.000000e+00	0.000000e+00	0.000000e+00	0.000000e+00
50	1.592481e-01	0.000000e+00	0.000000e+00	0.000000e+00	0.000000e+00	0.000000e+00	0.000000e+00
51	1.592686e-01	0.000000e+00	0.000000e+00	0.000000e+00	0.000000e+00	0.000000e+00	0.000000e+00
52	1.593270e-01	6.471646e-38	1.270127e-37	2.013616e-37	-2.045079e-74	4.413252e-56	-2.487491e-74
53	1.593013e-01	0.000000e+00	0.000000e+00	0.000000e+00	0.000000e+00	0.000000e+00	0.000000e+00
54	1.593344e-01	0.000000e+00	0.000000e+00	0.000000e+00	0.000000e+00	0.000000e+00	0.000000e+00
55	1.593248e-01	6.471646e-38	1.270127e-37	2.013616e-37	-2.045079e-74	4.413252e-56	-2.487491e-74
56	1.593024e-01	6.471646e-38	1.270127e-37	2.013616e-37	-2.045079e-74	4.413252e-56	-2.487491e-74
57	1.593166e-01	0.000000e+00	0.000000e+00	0.000000e+00	0.000000e+00	0.000000e+00	0.000000e+00
58	1.593099e-01	0.000000e+00	0.000000e+00	0.000000e+00	0.000000e+00	0.000000e+00	0.000000e+00
59	1.592599e-01	6.471646e-38	1.270127e-37	2.013616e-37	-2.045079e-74	4.413252e-56	-2.487491e-74
60	1.592988e-01	0.000000e+00	0.000000e+00	0.000000e+00	0.000000e+00	0.000000e+00	0.000000e+00
61	1.593091e-01	6.471646e-38	1.270127e-37	2.013616e-37	-2.045079e-74	4.413252e-56	-2.487491e-74
62	1.592941e-01	0.000000e+00	0.000000e+00	0.000000e+00	0.000000e+00	0.000000e+00	0.000000e+00
63	1.592761e-01	0.000000e+00	0.000000e+00	0.000000e+00	0.000000e+00	0.000000e+00	0.000000e+00
64	1.592322e-01	0.000000e+00	0.000000e+00	0.000000e+00	0.000000e+00	0.000000e+00	0.000000e+00
65	1.592625e-01	0.000000e+00	0.000000e+00	0.000000e+00	0.000000e+00	0.000000e+00	0.000000e+00
66	1.593077e-01	0.000000e+00	0.000000e+00	0.000000e+00	0.000000e+00	0.000000e+00	0.000000e+00
67	1.592699e-01	0.000000e+00	0.000000e+00	0.000000e+00	0.000000e+00	0.000000e+00	0.000000e+00
68	1.593811e-01	6.337482e-08	2.136269e-08	5.810766e-11	6.474079e-20	-1.462823e-14	1.267447e-34
69	1.593500e-01	0.000000e+00	0.000000e+00	0.000000e+00	0.000000e+00	0.000000e+00	0.000000e+00
70	1.592988e-01	0.000000e+00	0.000000e+00	0.000000e+00	0.000000e+00	0.000000e+00	0.000000e+00
71	1.593035e-01	0.000000e+00	0.000000e+00	0.000000e+00	0.000000e+00	0.000000e+00	0.000000e+00
72	1.593678e-01	0.000000e+00	0.000000e+00	0.000000e+00	0.000000e+00	0.000000e+00	0.000000e+00
73	1.593214e-01	0.000000e+00	0.000000e+00	0.000000e+00	0.000000e+00	0.000000e+00	0.000000e+00
74	1.593967e-01	0.000000e+00	0.000000e+00	0.000000e+00	0.000000e+00	0.000000e+00	0.000000e+00
75	1.593302e-01	0.000000e+00	0.000000e+00	0.000000e+00	0.000000e+00	0.000000e+00	0.000000e+00
76	1.593055e-01	0.000000e+00	0.000000e+00	0.000000e+00	0.000000e+00	0.000000e+00	0.000000e+00
77	1.592581e-01	0.000000e+00	0.000000e+00	0.000000e+00	0.000000e+00	0.000000e+00	0.000000e+00
78	1.592688e-01	6.471646e-38	1.270127e-37	2.013616e-37	-2.045079e-74	4.413252e-56	-2.487491e-74
79	1.592979e-01	6.471646e-38	1.270127e-37	2.013616e-37	-2.045079e-74	4.413252e-56	-2.487491e-74
80	1.593180e-01	6.471646e-38	1.270127e-37	2.013616e-37	-2.045079e-74	4.413252e-56	-2.487491e-74
81	1.592581e-01	0.000000e+00	0.000000e+00	0.000000e+00	0.000000e+00	0.000000e+00	0.000000e+00
82	1.592610e-01	0.000000e+00	0.000000e+00	0.000000e+00	0.000000e+00	0.000000e+00	0.000000e+00
83	1.592699e-01	0.000000e+00	0.000000e+00	0.000000e+00	0.000000e+00	0.000000e+00	0.000000e+00
84	1.593695e-01	6.471646e-38	1.270127e-37	2.013616e-37	-2.045079e-74	4.413252e-56	-2.487491e-74
85	1.592966e-01	0.000000e+00	0.000000e+00	0.000000e+00	0.000000e+00	0.000000e+00	0.000000e+00
86	1.593076e-01	0.000000e+00	0.000000e+00	0.000000e+00	0.000000e+00	0.000000e+00	0.000000e+00
87	1.592375e-01	6.471646e-38	1.270127e-37	2.013616e-37	-2.045079e-74	4.413252e-56	-2.487491e-74
88	1.593091e-01	6.471646e-38	1.270127e-37	2.013616e-37	-2.045079e-74	4.413252e-56	-2.487491e-74
89	1.593091e-01	6.471646e-38	1.270127e-37	2.013616e-37	-2.045079e-74	4.413252e-56	-2.487491e-74
90	1.591799e-01	0.000000e+00	0.000000e+00	0.000000e+00	0.000000e+00	0.000000e+00	0.000000e+00
91	1.593091e-01	6.471646e-38	1.270127e-37	2.013616e-37	-2.045079e-74	4.413252e-56	-2.487491e-74
92	1.593091e-01	6.471646e-38	1.270127e-37	2.013616e-37	-2.045079e-74	4.413252e-56	-2.487491e-74
93	1.592375e-01	6.471646e-38	1.270127e-37	2.013616e-37	-2.045079e-74	4.413252e-56	-2.487491e-74
94	1.593076e-01	0.000000e+00	0.000000e+00	0.000000e+00	0.000000e+00	0.000000e+00	0.000000e+00
95	1.592966e-01	0.000000e+00	0.000000e+00	0.000000e+00	0.000000e+00	0.000000e+00	0.000000e+00
96	1.593695e-01	6.471646e-38	1.270127e-37	2.013616e-37	-2.045079e-74	4.413252e-56	-2.487491e-74
97	1.592699e-01	0.000000e+00	0.000000e+00	0.000000e+00	0.000000e+00	0.000000e+00	0.000000e+00
98	1.592610e-01	0.000000e+00	0.000000e+00	0.000000e+00	0.000000e+00	0.000000e+00	0.000000e+00
99	1.592581e-01	0.000000e+00	0.000000e+00	0.000000e+00	0.000000e+00	0.000000e+00	0.000000e+00
100	1.593180e-01	6.471646e-38	1.270127e-37	2.013616e-37	-2.045079e-74	4.413252e-56	-2.487491e-74
101	1.592979e-01	6.471646e-38	1.270127e-37	2.013616e-37	-2.045079e-74	4.413252e-56	-2.487491e-74
102	1.592688e-01	6.471646e-38	1.270127e-37	2.013616e-37	-2.045079e-74	4.413252e-56	-2.487491e-74
103	1.592581e-01	0.000000e+00	0.000000e+00	0.000000e+00	0.000000e+00	0.000000e+00	0.000000e+00
104	1.593055e-01	0.000000e+00	0.000000e+00	0.000000e+00	0.000000e+00	0.000000e+00	0.000000e+00
105	1.593302e-01	0.000000e+00	0.000000e+00	0.000000e+00	0.000000e+00	0.000000e+00	0.000000e+00
106	1.593967e-01	0.000000e+00	0.000000e+00	0.000000e+00	0.000000e+00	0.000000e+00	0.000000e+00
107	1.593214e-01	0.000000e+00	0.000000e+00	0.000000e+00	0.000000e+00	0.000000e+00	0.000000e+00
108	1.593678e-01	0.000000e+00	0.000000e+00	0.000000e+00	0.000000e+00	0.000000e+00	0.000000e+00
109	1.593035e-01	0.000000e+00	0.000000e+00	0.000000e+00	0.000000e+00	0.000000e+00	0.000000e+00
110	1.592988e-01	0.000000e+00	0.000000e+00	0.000000e+00	0.000000e+00	0.000000e+00	0.000000e+00
111	1.593500e-01	0.000000e+00	0.000000e+00	0.000000e+00	0.000000e+00	0.000000e+00	0.000000e+00
112	1.593811e-01	6.337482e-08	2.136269e-08	5.810766e-11	6.474079e-20	-1.462823e-14	1.131018e-32
113	1.592699e-01	0.000000e+00	0.000000e+00	0.000000e+00	0.000000e+00	0.000000e+00	0.000000e+00
114	1.593077e-01	0.000000e+00	0.000000e+00	0.000000e+00	0.000000e+00	0.000000e+00	0.000000e+00
115	1.592625e-01	0.000000e+00	0.000000e+00	0.000000e+00	0.000000e+00	0.000000e+00	0.000000e+00
116	1.592322e-01	0.000000e+00	0.000000e+00	0.000000e+00	0.000000e+00	0.000000e+00	0.000000e+00
117	1.592761e-01	0.000000e+00	0.000000e+00	0.000000e+00	0.000000e+00	0.000000e+00	0.000000e+00
118	1.592941e-01	0.000000e+00	0.000000e+00	0.000000e+00	0.000000e+00	0.000000e+00	0.000000e+00
119	1.593091e-01	6.471646e-38	1.270127e-37	2.013616e-37	-2.045079e-74	4.413252e-56	-2.487491e-74
120	1.592988e-01	0.000000e+00	0.000000e+00	0.000000e+00	0.000000e+00	0.000000e+00	0.000000e+00
121	1.592599e-01	6.471646e-38	1.270127e-37	2.013616e-37	-2.045079e-74	4.413252e-56	-2.487491e-74
122	1.593099e-01	0.000000e+00	0.000000e+00	0.000000e+00	0.000000e+00	0.000000e+00	0.000000e+00
123	1.593166e-01	0.000000e+00	0.000000e+00	0.000000e+00	0.000000e+00	0.000000e+00	0.000000e+00
124	1.593024e-01	6.471646e-38	1.270127e-37	2.013616e-37	-2.045079e-74	4.413252e-56	-2.487491e-74
125	1.593248e-01	6.471646e-38	1.270127e-37	2.013616e-37	-2.045079e-74	4.413252e-56	-2.487491e-74
126	1.593344e-01	0.000000e+00	0.000000e+00	0.000000e+00	0.000000e+00	0.000000e+00	0.000000e+00
127	1.593013e-01	0.000000e+00	0.000000e+00	0.000000e+00	0.000000e+00	0.000000e+00	0.000000e+00
128	1.593270e-01	6.471646e-38	1.270127e-37	2.013616e-37	-2.045079e-74	4.413252e-56	-2.487491e-74
129	1.592686e-01	0.000000e+00	0.000000e+00	0.000000e+00	0.000000e+00	0.000000e+00	0.000000e+00
130	1.592481e-01	0.000000e+00	0.000000e+00	0.000000e+00	0.000000e+00	0.000000e+00	0.000000e+00
131	1.592421e-01	0.000000e+00	0.000000e+00	0.000000e+00	0.000000e+00	0.000000e+00	0.000000e+00
132	1.593344e-01	0.000000e+00	0.000000e+00	0.000000e+00	0.000000e+00	0.000000e+00	0.000000e+00
133	1.592451e-01	1.316941e-13	3.704853e-08	3.830981e-13	-4.564051e-23	-1.390251e-19	1.384433e-33
134	1.592632e-01	0.000000e+00	0.000000e+00	0.000000e+00	0.000000e+00	0.000000e+00	0.000000e+00
135	1.592899e-01	0.000000e+00	0.000000e+00	0.000000e+00	0.000000e+00	0.000000e+00	0.000000e+00
136	1.592632e-01	0.000000e+00	0.000000e+00	0.000000e+00	0.000000e+00	0.000000e+00	0.000000e+00
137	1.592451e-01	1.316941e-13	3.704853e-08	3.830981e-13	-4.564051e-23	-1.390251e-19	7.646959e-34
138	1.593344e-01	0.000000e+00	0.000000e+00	0.000000e+00	0.000000e+00	0.000000e+00	0.000000e+00
139	1.592421e-01	0.000000e+00	0.000000e+00	0.000000e+00	0.000000e+00	0.000000e+00	0.000000e+00
140	1.592481e-01	0.000000e+00	0.000000e+00	0.000000e+00	0.000000e+00	0.000000e+00	0.000000e+00
141	1.592686e-01	0.000000e+00	0.000000e+00	0.000000e+00	0.000000e+00	0.000000e+00	0.000000e+00
142	1.593270e-01	6.471646e-38	1.270127e-37	2.013616e-37	-2.045079e-74	4.413252e-56	-2.487491e-74
143	1.593013e-01	0.000000e+00	0.000000e+00	0.000000e+00	0.000000e+00	0.000000e+00	0.000000e+00
144	1.593344e-01	0.000000e+00	0.000000e+00	0.000000e+00	0.000000e+00	0.000000e+00	0.000000e+00
145	1.593248e-01	6.471646e-38	1.270127e-37	2.013616e-37	-2.045079e-74	4.413252e-56	-2.487491e-74
146	1.593024e-01	6.471646e-38	1.270127e-37	2.013616e-37	-2.045079e-74	4.413252e-56	-2.487491e-74
147	1.593166e-01	0.000000e+00	0.000000e+00	0.000000e+00	0.000000e+00	0.000000e+00	0.000000e+00
148	1.593099e-01	0.000000e+00	0.000000e+00	0.000000e+00	0.000000e+00	0.000000e+00	0.000000e+00
149	1.592599e-01	6.471646e-38	1.270127e-37	2.013616e-37	-2.045079e-74	4.413252e-56	-2.487491e-74
150	1.592988e-01	0.000000e+00	0.000000e+00	0.000000e+00	0.000000e+00	0.000000e+00	0.000000e+00
151	1.593091e-01	6.471646e-38	1.270127e-37	2.013616e-37	-2.045079e-74	4.413252e-56	-2.487491e-74
152	1.592941e-01	0.000000e+00	0.000000e+00	0.000000e+00	0.000000e+00	0.000000e+00	0.000000e+00
153	1.592761e-01	0.000000e+00	0.000000e+00	0.000000e+00	0.000000e+00	0.000000e+00	0.000000e+00
154	1.592322e-01	0.000000e+00	0.000000e+00	0.000000e+00	0.000000e+00	0.000000e+00	0.000000e+00
155	1.592625e-01	0.000000e+00	0.000000e+00	0.000000e+00	0.000000e+00	0.000000e+00	0.000000e+00
156	1.593077e-01	0.000000e+00	0.000000e+00	0.000000e+00	0.000000e+00	0.000000e+00	0.000000e+00
157	1.592699e-01	0.000000e+00	0.000000e+00	0.000000e+00	0.000000e+00	0.000000e+00	0.000000e+00
158	1.593941e-01	6.471646e-38	1.270127e-37	2.013616e-37	-2.045079e-74	4.413252e-56	-2.487491e-74
159	1.593500e-01	0.000000e+00	0.000000e+00	0.000000e+00	0.000000e+00	0.000000e+00	0.000000e+00
160	1.592988e-01	0.000000e+00	0.000000e+00	0.000000e+00	0.000000e+00	0.000000e+00	0.000000e+00
161	1.593035e-01	0.000000e+00	0.000000e+00	0.000000e+00	0.000000e+00	0.000000e+00	0.000000e+00
162	1.593678e-01	0.000000e+00	0.000000e+00	0.000000e+00	0.000000e+00	0.000000e+00	0.000000e+00
163	1.593214e-01	0.000000e+00	0.000000e+00	0.000000e+00	0.000000e+00	0.000000e+00	0.000000e+00
164	1.593967e-01	0.000000e+00	0.000000e+00	0.000000e+00	0.000000e+00	0.000000e+00	0.000000e+00
165	1.593302e-01	0.000000e+00	0.000000e+00	0.000000e+00	0.000000e+00	0.000000e+00	0.000000e+00
166	1.593055e-01	0.000000e+00	0.000000e+00	0.000000e+00	0.000000e+00	0.000000e+00	0.000000e+00
167	1.592581e-01	0.000000e+00	0.000000e+00	0.000000e+00	0.000000e+00	0.000000e+00	0.000000e+00
168	1.592688e-01	6.471646e-38	1.270127e-37	2.013616e-37	-2.045079e-74	4.413252e-56	-2.487491e-74
169	1.592979e-01	6.471646e-38	1.270127e-37	2.013616e-37	-2.045079e-74	4.413252e-56	-2.487491e-74
170	1.593180e-01	6.471646e-38	1.270127e-37	2.013616e-37	-2.045079e-74	4.413252e-56	-2.487491e-74
171	1.592581e-01	0.000000e+00	0.000000e+00	0.000000e+00	0.000000e+00	0.000000e+00	0.000000e+00
172	1.592610e-01	0.000000e+00	0.000000e+00	0.000000e+00	0.000000e+00	0.000000e+00	0.000000e+00
173	1.592699e-01	0.000000e+00	0.000000e+00	0.000000e+00	0.000000e+00	0.000000e+00	0.000000e+00
174	1.593695e-01	6.471646e-38	1.270127e-37	2.013616e-37	-2.045079e-74	4.413252e-56	-2.487491e-74
175	1.592966e-01	0.000000e+00	0.000000e+00	0.000000e+00	0.000000e+00	0.000000e+00	0.000000e+00
176	1.593076e-01	0.000000e+00	0.000000e+00	0.000000e+00	0.000000e+00	0.000000e+00	0.000000e+00
177	1.592375e-01	6.471646e-38	1.270127e-37	2.013616e-37	-2.045079e-74	4.413252e-56	-2.487491e-74
178	1.593091e-01	6.471646e-38	1.270127e-37	2.013616e-37	-2.045079e-74	4.413252e-56	-2.487491e-74
179	1.593091e-01	6.471646e-38	1.270127e-37	2.013616e-37	-2.045079e-74	4.413252e-56	-2.487491e-74
180	1.591799e-01	0.000000e+00	0.000000e+00	0.000000e+00	0.000000e+00	0.000000e+00	0.000000e+00
181	1.593091e-01	6.471646e-38	1.270127e-37	2.013616e-37	-2.045079e-74	4.413252e-56	-2.487491e-74
182	1.593091e-01	6.471646e-38	1.270127e-37	2.013616e-37	-2.045079e-74	4.413252e-56	-2.487491e-74
183	1.592375e-01	6.471646e-38	1.270127e-37	2.013616e-37	-2.045079e-74	4.413252e-56	-2.487491e-74
184	1.593076e-01	0.000000e+00	0.000000e+00	0.000000e+00	0.000000e+00	0.000000e+00	0.000000e+00
185	1.592966e-01	0.000000e+00	0.000000e+00	0.000000e+00	0.000000e+00	0.000000e+00	0.000000e+00
186	1.593695e-01	6.471646e-38	1.270127e-37	2.013616e-37	-2.045079e-74	4.413252e-56	-2.487491e-74
187	1.592699e-01	0.000000e+00	0.000000e+00	0.000000e+00	0.000000e+00	0.000000e+00	0.000000e+00
188	1.592610e-01	0.000000e+00	0.000000e+00	0.000000e+00	0.000000e+00	0.000000e+00	0.000000e+00
189	1.592581e-01	0.000000e+00	0.000000e+00	0.000000e+00	0.000000e+00	0.000000e+00	0.000000e+00
190	1.593180e-01	6.471646e-38	1.270127e-37	2.013616e-37	-2.045079e-74	4.413252e-56	-2.487491e-74
191	1.592979e-01	6.471646e-38	1.270127e-37	2.013616e-37	-2.045079e-74	4.413252e-56	-2.487491e-74
192	1.592688e-01	6.471646e-38	1.270127e-37	2.013616e-37	-2.045079e-74	4.413252e-56	-2.487491e-74
193	1.592581e-01	0.000000e+00	0.000000e+00	0.000000e+00	0.000000e+00	0.000000e+00	0.000000e+00
194	1.593055e-01	0.000000e+00	0.000000e+00	0.000000e+00	0.000000e+00	0.000000e+00	0.000000e+00
195	1.593302e-01	0.000000e+00	0.000000e+00	0.000000e+00	0.000000e+00	0.000000e+00	0.000000e+00
196	1.593967e-01	0.000000e+00	0.000000e+00	0.000000e+00	0.000000e+00	0.000000e+00	0.000000e+00
197	1.593214e-01	0.000000e+00	0.000000e+00	0.000000e+00	0.000000e+00	0.000000e+00	0.000000e+00
198	1.593678e-01	0.000000e+00	0.000000e+00	0.000000e+00	0.000000e+00	0.000000e+00	0.000000e+00
199	1.593035e-01	0.000000e+00	0.000000e+00	0.000000e+00	0.000000e+00	0.000000e+00	0.000000e+00
200	1.592988e-01	0.000000e+00	0.000000e+00	0.000000e+00	0.000000e+00	0.000000e+00	0.000000e+00
201	1.593500e-01	0.000000e+00	0.000000e+00	0.000000e+00	0.000000e+00	0.000000e+00	0.000000e+00
202	1.593941e-01	6.471646e-38	1.270127e-37	2.013616e-37	-2.045079e-74	4.413252e-56	-2.487491e-74
203	1.592699e-01	0.000000e+00	0.000000e+00	0.000000e+00	0.000000e+00	0.000000e+00	0.000000e+00
204	1.593077e-01	0.000000e+00	0.000000e+00	0.000000e+00	0.000000e+00	0.000000e+00	0.000000e+00
205	1.592625e-01	0.000000e+00	0.000000e+00	0.000000e+00	0.000000e+00	0.000000e+00	0.000000e+00
206	1.592322e-01	0.000000e+00	0.000000e+00	0.000000e+00	0.000000e+00	0.000000e+00	0.000000e+00
207	1.592761e-01	0.000000e+00	0.000000e+00	0.000000e+00	0.000000e+00	0.000000e+00	0.000000e+00
208	1.592941e-01	0.000000e+00	0.000000e+00	0.000000e+00	0.000000e+00	0.000000e+00	0.000000e+00
209	1.593091e-01	6.471646e-38	1.270127e-37	2.013616e-37	-2.045079e-74	4.413252e-56	-2.487491e-74
210	1.592988e-01	0.000000e+00	0.000000e+00	0.000000e+00	0.000000e+00	0.000000e+00	0.000000e+00
211	1.592599e-01	6.471646e-38	1.270127e-37	2.013616e-37	-2.045079e-74	4.413252e-56	-2.487491e-74
212	1.593099e-01	0.000000e+00	0.000000e+00	0.000000e+00	0.000000e+00	0.000000e+00	0.000000e+00
213	1.593166e-01	0.000000e+00	0.000000e+00	0.000000e+00	0.000000e+00	0.000000e+00	0.000000e+00
214	1.593024e-01	6.471646e-38	1.270127e-37	2.013616e-37	-2.045079e-74	4.413252e-56	-2.487491e-74
215	1.593248e-01	6.471646e-38	1.270127e-37	2.013616e-37	-2.045079e-74	4.413252e-56	-2.487491e-74
216	1.593344e-01	0.000000e+00	0.000000e+00	0.000000e+00	0.000000e+00	0.000000e+00	0.000000e+00
217	1.593013e-01	0.000000e+00	0.000000e+00	0.000000e+00	0.000000e+00	0.000000e+00	0.000000e+00
218	1.593270e-01	6.471646e-38	1.270127e-37	2.013616e-37	-2.045079e-74	4.413252e-56	-2.487491e-74
219	1.592686e-01	0.000000e+00	0.000000e+00	0.000000e+00	0.000000e+00	0.000000e+00	0.000000e+00
220	1.592481e-01	0.000000e+00	0.000000e+00	0.000000e+00	0.000000e+00	0.000000e+00	0.000000e+00
221	1.592421e-01	0.000000e+00	0.000000e+00	0.000000e+00	0.000000e+00	0.000000e+00	0.000000e+00
222	1.593344e-01	0.000000e+00	0.000000e+00	0.000000e+00	0.000000e+00	0.000000e+00	0.000000e+00
223	1.592451e-01	1.316941e-13	3.704853e-08	3.830981e-13	-4.564051e-23	-1.390251e-19	3.962111e-34
224	1.592632e-01	0.000000e+00	0.000000e+00	0.000000e+00	0.000000e+00	0.000000e+00	0.000000e+00
225	1.592899e-01	0.000000e+00	0.000000e+00	0.000000e+00	0.000000e+00	0.000000e+00	0.000000e+00
226	1.592632e-01	0.000000e+00	0.000000e+00	0.000000e+00	0.000000e+00	0.000000e+00	0.000000e+00
227	1.592451e-01	1.316941e-13	3.704853e-08	3.830981e-13	-4.564051e-23	-1.390251e-19	-2.045676e-34
228	1.593344e-01	0.000000e+00	0.000000e+00	0.000000e+00	0.000000e+00	0.000000e+00	0.000000e+00
229	1.592421e-01	0.000000e+00	0.000000e+00	0.000000e+00	0.000000e+00	0.000000e+00	0.000000e+00
230	1.592481e-01	0.000000e+00	0.000000e+00	0.000000e+00	0.000000e+00	0.000000e+00	0.000000e+00
231	1.592686e-01	0.000000e+00	0.000000e+00	0.000000e+00	0.000000e+00	0.000000e+00	0.000000e+00
232	1.593270e-01	6.471646e-38	1.270127e-37	2.013616e-37	-2.045079e-74	4.413252e-56	-2.487491e-74
233	1.593013e-01	0.000000e+00	0.000000e+00	0.000000e+00	0.000000e+00	0.000000e+00	0.000000e+00
234	1.593344e-01	0.000000e+00	0.000000e+00	0.000000e+00	0.000000e+00	0.000000e+00	0.000000e+00
235	1.593248e-01	6.471646e-38	1.270127e-37	2.013616e-37	-2.045079e-74	4.413252e-56	-2.487491e-74
236	1.593024e-01	6.471646e-38	1.270127e-37	2.013616e-37	-2.045079e-74	4.413252e-56	-2.487491e-74
237	1.593166e-01	0.000000e+00	0.000000e+00	0.000000e+00	0.000000e+00	0.000000e+00	0.000000e+00
238	1.593099e-01	0.000000e+00	0.000000e+00	0.000000e+00	0.000000e+00	0.000000e+00	0.000000e+00
239	1.592599e-01	6.471646e-38	1.270127e-37	2.013616e-37	-2.045079e-74	4.413252e-56	-2.487491e-74
240	1.592988e-01	0.000000e+00	0.000000e+00	0.000000e+00	0.000000e+00	0.000000e+00	0.000000e+00
241	1.593091e-01	6.471646e-38	1.270127e-37	2.013616e-37	-2.045079e-74	4.413252e-56	-2.487491e-74
242	1.592941e-01	0.000000e+00	0.000000e+00	0.000000e+00	0.000000e+00	0.000000e+00	0.000000e+00
243	1.592761e-01	0.000000e+00	0.000000e+00	0.000000e+00	0.000000e+00	0.000000e+00	0.000000e+00
244	1.592322e-01	0.000000e+00	0.000000e+00	0.000000e+00	0.000000e+00	0.000000e+00	0.000000e+00
245	1.592625e-01	0.000000e+00	0.000000e+00	0.000000e+00	0.000000e+00	0.000000e+00	0.000000e+00
246	1.593077e-01	0.000000e+00	0.000000e+00	0.000000e+00	0.000000e+00	0.000000e+00	0.000000e+00
247	1.592699e-01	0.000000e+00	0.000000e+00	0.000000e+00	0.000000e+00	0.000000e+00	0.000000e+00
248	1.593941e-01	6.471646e-38	1.270127e-37	2.013616e-37	-2.045079e-74	4.413252e-56	-2.487491e-74
249	1.593500e-01	0.000000e+00	0.000000e+00	0.000000e+00	0.000000e+00	0.000000e+00	0.000000e+00
250	1.592988e-01	0.000000e+00	0.000000e+00	0.000000e+00	0.000000e+00	0.000000e+00	0.000000e+00
251	1.593035e-01	0.000000e+00	0.000000e+00	0.000000e+00	0.000000e+00	0.000000e+00	0.000000e+00
252	1.593678e-01	0.000000e+00	0.000000e+00	0.000000e+00	0.000000e+00	0.000000e+00	0.000000e+00
253	1.593214e-01	0.000000e+00	0.000000e+00	0.000000e+00	0.000000e+00	0.000000e+00	0.000000e+00
254	1.593967e-01	0.000000e+00	0.000000e+00	0.000000e+00	0.000000e+00	0.000000e+00	0.000000e+00
255	1.593302e-01	0.000000e+00	0.000000e+00	0.000000e+00	0.000000e+00	0.000000e+00	0.000000e+00
256	1.593055e-01	0.000000e+00	0.000000e+00	0.000000e+00	0.000000e+00	0.000000e+00	0.000000e+00
257	1.592581e-01	0.000000e+00	0.000000e+00	0.000000e+00	0.000000e+00	0.000000e+00	0.000000e+00
258	1.592688e-01	6.471646e-38	1.270127e-37	2.013616e-37	-2.045079e-74	4.413252e-56	-2.487491e-74
259	1.592979e-01	6.471646e-38	1.270127e-37	2.013616e-37	-2.045079e-74	4.413252e-56	-2.487491e-74
260	1.593180e-01	6.471646e-38	1.270127e-37	2.013616e-37	-2.045079e-74	4.413252e-56	-2.487491e-74
261	1.592581e-01	0.000000e+00	0.000000e+00	0.000000e+00	0.000000e+00	0.000000e+00	0.000000e+00
262	1.592610e-01	0.000000e+00	0.000000e+00	0.000000e+00	0.000000e+00	0.000000e+00	0.000000e+00
263	1.592699e-01	0.000000e+00	0.000000e+00	0.000000e+00	0.000000e+00	0.000000e+00	0.000000e+00
264	1.593695e-01	6.471646e-38	1.270127e-37	2.013616e-37	-2.045079e-74	4.413252e-56	-2.487491e-74
265	1.592966e-01	0.000000e+00	0.000000e+00	0.000000e+00	0.000000e+00	0.000000e+00	0.000000e+00
266	1.593076e-01	0.000000e+00	0.000000e+00	0.000000e+00	0.000000e+00	0.000000e+00	0.000000e+00
267	1.592375e-01	6.471646e-38	1.270127e-37	2.013616e-37	-2.045079e-74	4.413252e-56	-2.487491e-74
268	1.593091e-01	6.471646e-38	1.270127e-37	2.013616e-37	-2.045079e-74	4.413252e-56	-2.487491e-74
269	1.593091e-01	6.471646e-38	1.270127e-37	2.013616e-37	-2.045079e-74	4.413252e-56	-2.487491e-74
270	1.591799e-01	0.000000e+00	0.000000e+00	0.000000e+00	0.000000e+00	0.000000e+00	0.000000e+00
271	1.593091e-01	6.471646e-38	1.270127e-37	2.013616e-37	-2.045079e-74	4.413252e-56	-2.487491e-74
272	1.593091e-01	6.471646e-38	1.270127e-37	2.013616e-37	-2.045079e-74	4.413252e-56	-2.487491e-74
273	1.592375e-01	6.471646e-38	1.270127e-37	2.013616e-37	-2.045079e-74	4.413252e-56	-2.487491e-74
274	1.593076e-01	0.000000e+00	0.000000e+00	0.000000e+00	0.000000e+00	0.000000e+00	0.000000e+00
275	1.592966e-01	0.000000e+00	0.000000e+00	0.000000e+00	0.000000e+00	0.000000e+00	0.000000e+00
276	1.593695e-01	6.471646e-38	1.270127e-37	2.013616e-37	-2.045079e-74	4.413252e-56	-2.487491e-74
277	1.592699e-01	0.000000e+00	0.000000e+00	0.000000e+00	0.000000e+00	0.000000e+00	0.000000e+00
278	1.592610e-01	0.000000e+00	0.000000e+00	0.000000e+00	0.000000e+00	0.000000e+00	0.000000e+00
279	1.592581e-01	0.000000e+00	0.000000e+00	0.000000e+00	0.000000e+00	0.000000e+00	0.000000e+00
280	1.593180e-01	6.471646e-38	1.270127e-37	2.013616e-37	-2.045079e-74	4.413252e-56	-2.487491e-74
281	1.592979e-01	6.471646e-38	1.270127e-37	2.013616e-37	-2.045079e-74	4.413252e-56	-2.487491e-74
282	1.592688e-01	6.471646e-38	1.270127e-37	2.013616e-37	-2.045079e-74	4.413252e-56	-2.487491e-74
283	1.592581e-01	0.000000e+00	0.000000e+00	0.000000e+00	0.000000e+00	0.000000e+00	0.000000e+00
284	1.593055e-01	0.000000e+00	0.000000e+00	0.000000e+00	0.000000e+00	0.000000e+00	0.000000e+00
285	1.593302e-01	0.000000e+00	0.000000e+00	0.000000e+00	0.000000e+00	0.000000e+00	0.000000e+00
286	1.593967e-01	0.000000e+00	0.000000e+00	0.000000e+00	0.000000e+00	0.000000e+00	0.000000e+00
287	1.593214e-01	0.000000e+00	0.000000e+00	0.000000e+00	0.000000e+00	0.000000e+00	0.000000e+00
288	1.593678e-01	0.000000e+00	0.000000e+00	0.000000e+00	0.000000e+00	0.000000e+00	0.000000e+00
289	1.593035e-01	0.000000e+00	0.000000e+00	0.000000e+00	0.000000e+00	0.000000e+00	0.000000e+00
290	1.592988e-01	0.000000e+00	0.000000e+00	0.000000e+00	0.000000e+00	0.000000e+00	0.000000e+00
291	1.593500e-01	0.000000e+00	0.000000e+00	0.000000e+00	0.000000e+00	0.000000e+00	0.000000e+00
292	1.593941e-01	6.471646e-38	1.270127e-37	2.013616e-37	-2.045079e-74	4.413252e-56	-2.487491e-74
293	1.592699e-01	0.000000e+00	0.000000e+00	0.000000e+00	0.000000e+00	0.000000e+00	0.000000e+00
294	1.593077e-01	0.000000e+00	0.000000e+00	0.000000e+00	0.000000e+00	0.000000e+00	0.000000e+00
295	1.592625e-01	0.000000e+00	0.000000e+00	0.000000e+00	0.000000e+00	0.000000e+00	0.000000e+00
296	1.592322e-01	0.000000e+00	0.000000e+00	0.000000e+00	0.000000e+00	0.000000e+00	0.000000e+00
297	1.592761e-01	0.000000e+00	0.000000e+00	0.000000e+00	0.000000e+00	0.000000e+00	0.000000e+00
298	1.592941e-01	0.000000e+00	0.000000e+00	0.000000e+00	0.000000e+00	0.000000e+00	0.000000e+00
299	1.593091e-01	6.471646e-38	1.270127e-37	2.013616e-37	-2.045079e-74	4.413252e-56	-2.487491e-74
300	1.592988e-01	0.000000e+00	0.000000e+00	0.000000e+00	0.000000e+00	0.000000e+00	0.000000e+00
301	1.592599e-01	6.471646e-38	1.270127e-37	2.013616e-37	-2.045079e-74	4.413252e-56	-2.487491e-74
302	1.593099e-01	0.000000e+00	0.000000e+00	0.000000e+00	0.000000e+00	0.000000e+00	0.000000e+00
303	1.593166e-01	0.000000e+00	0.000000e+00	0.000000e+00	0.000000e+00	0.000000e+00	0.000000e+00
304	1.593024e-01	6.471646e-38	1.270127e-37	2.013616e-37	-2.045079e-74	4.413252e-56	-2.487491e-74
305	1.593248e-01	6.471646e-38	1.270127e-37	2.013616e-37	-2.045079e-74	4.413252e-56	-2.487491e-74
306	1.593344e-01	0.000000e+00	0.000000e+00	0.000000e+00	0.000000e+00	0.000000e+00	0.000000e+00
307	1.593013e-01	0.000000e+00	0.000000e+00	0.000000e+00	0.000000e+00	0.000000e+00	0.000000e+00
308	1.593270e-01	6.471646e-38	1.270127e-37	2.013616e-37	-2.045079e-74	4.413252e-56	-2.487491e-74
309	1.592686e-01	0.000000e+00	0.000000e+00	0.000000e+00	0.000000e+00	0.000000e+00	0.000000e+00
310	1.592481e-01	0.000000e+00	0.000000e+00	0.000000e+00	0.000000e+00	0.000000e+00	0.000000e+00
311	1.592421e-01	0.000000e+00	0.000000e+00	0.000000e+00	0.000000e+00	0.000000e+00	0.000000e+00
312	1.593344e-01	0.000000e+00	0.000000e+00	0.000000e+00	0.000000e+00	0.000000e+00	0.000000e+00
313	1.592451e-01	1.316941e-13	3.704853e-08	3.830981e-13	-4.564051e-23	-1.390251e-19	-7.429732e-34
314	1.592632e-01	0.000000e+00	0.000000e+00	0.000000e+00	0.000000e+00	0.000000e+00	0.000000e+00
315	1.592899e-01	0.000000e+00	0.000000e+00	0.000000e+00	0.000000e+00	0.000000e+00	0.000000e+00
316	1.592632e-01	0.000000e+00	0.000000e+00	0.000000e+00	0.000000e+00	0.000000e+00	0.000000e+00
317	1.592451e-01	1.316941e-13	3.704853e-08	3.830981e-13	-4.564051e-23	-1.390251e-19	-1.371462e-33
318	1.593344e-01	0.000000e+00	0.000000e+00	0.000000e+00	0.000000e+00	0.000000e+00	0.000000e+00
319	1.592421e-01	0.000000e+00	0.000000e+00	0.000000e+00	0.000000e+00	0.000000e+00	0.000000e+00
320	1.592481e-01	0.000000e+00	0.000000e+00	0.000000e+00	0.000000e+00	0.000000e+00	0.000000e+00
321	1.592686e-01	0.000000e+00	0.000000e+00	0.000000e+00	0.000000e+00	0.000000e+00	0.000000e+00
322	1.593270e-01	6.471646e-38	1.270127e-37	2.013616e-37	-2.045079e-74	4.413252e-56	-2.487491e-74
323	1.593013e-01	0.000000e+00	0.000000e+00	0.000000e+00	0.000000e+00	0.000000e+00	0.000000e+00
324	1.593344e-01	0.000000e+00	0.000000e+00	0.000000e+00	0.000000e+00	0.000000e+00	0.000000e+00
325	1.593248e-01	6.471646e-38	1.270127e-37	2.013616e-37	-2.045079e-74	4.413252e-56	-2.487491e-74
326	1.593024e-01	6.471646e-38	1.270127e-37	2.013616e-37	-2.045079e-74	4.413252e-56	-2.487491e-74
327	1.593166e-01	0.000000e+00	0.000000e+00	0.000000e+00	0.000000e+00	0.000000e+00	0.000000e+00
328	1.593099e-01	0.000000e+00	0.000000e+00	0.000000e+00	0.000000e+00	0.000000e+00	0.000000e+00
329	1.592599e-01	6.471646e-38	1.270127e-37	2.013616e-37	-2.045079e-74	4.413252e-56	-2.487491e-74
330	1.592988e-01	0.000000e+00	0.000000e+00	0.000000e+00	0.000000e+00	0.000000e+00	0.000000e+00
331	1.593091e-01	6.471646e-38	1.270127e-37	2.013616e-37	-2.045079e-74	4.413252e-56	-2.487491e-74
332	1.592941e-01	0.000000e+00	0.000000e+00	0.000000e+00	0.000000e+00	0.000000e+00	0.000000e+00
333	1.592761e-01	0.000000e+00	0.000000e+00	0.000000e+00	0.000000e+00	0.000000e+00	0.000000e+00
334	1.592322e-01	0.000000e+00	0.000000e+00	0.000000e+00	0.000000e+00	0.000000e+00	0.000000e+00
335	1.592625e-01	0.000000e+00	0.000000e+00	0.000000e+00	0.000000e+00	0.000000e+00	0.000000e+00
336	1.593077e-01	0.000000e+00	0.000000e+00	0.000000e+00	0.000000e+00	0.000000e+00	0.000000e+00
337	1.592699e-01	0.000000e+00	0.000000e+00	0.000000e+00	0.000000e+00	0.000000e+00	0.000000e+00
338	1.593811e-01	6.337482e-08	2.136269e-08	5.810766e-11	6.474079e-20	-1.462823e-14	1.267447e-34
339	1.593500e-01	0.000000e+00	0.000000e+00	0.000000e+00	0.000000e+00	0.000000e+00	0.000000e+00
340	1.592988e-01	0.000000e+00	0.000000e+00	0.000000e+00	0.000000e+00	0.000000e+00	0.000000e+00
341	1.593035e-01	0.000000e+00	0.000000e+00	0.000000e+00	0.000000e+00	0.000000e+00	0.000000e+00
342	1.593678e-01	0.000000e+00	0.000000e+00	0.000000e+00	0.000000e+00	0.000000e+00	0.000000e+00
343	1.593214e-01	0.000000e+00	0.000000e+00	0.000000e+00	0.000000e+00	0.000000e+00	0.000000e+00
344	1.593967e-01	0.000000e+00	0.000000e+00	0.000000e+00	0.000000e+00	0.000000e+00	0.000000e+00
345	1.593302e-01	0.000000e+00	0.000000e+00	0.000000e+00	0.000000e+00	0.000000e+00	0.000000e+00
346	1.593055e-01	0.000000e+00	0.000000e+00	0.000000e+00	0.000000e+00	0.000000e+00	0.000000e+00
347	1.592581e-01	0.000000e+00	0.000000e+00	0.000000e+00	0.000000e+00	0.000000e+00	0.000000e+00
348	1.592688e-01	6.471646e-38	1.270127e-37	2.013616e-37	-2.045079e-74	4.413252e-56	-2.487491e-74
349	1.592979e-01	6.471646e-38	1.270127e-37	2.013616e-37	-2.045079e-74	4.413252e-56	-2.487491e-74
350	1.593180e-01	6.471646e-38	1.270127e-37	2.013616e-37	-2.045079e-74	4.413252e-56	-2.487491e-74
351	1.592581e-01	0.000000e+00	0.000000e+00	0.000000e+00	0.000000e+00	0.000000e+00	0.000000e+00
352	1.592610e-01	0.000000e+00	0.000000e+00	0.000000e+00	0.000000e+00	0.000000e+00	0.000000e+00
353	1.592699e-01	0.000000e+00	0.000000e+00	0.000000e+00	0.000000e+00	0.000000e+00	0.000000e+00
354	1.593695e-01	6.471646e-38	1.270127e-37	2.013616e-37	-2.045079e-74	4.413252e-56	-2.487491e-74
355	1.592966e-01	0.000000e+00	0.000000e+00	0.000000e+00	0.000000e+00	0.000000e+00	0.000000e+00
356	1.593076e-01	0.000000e+00	0.000000e+00	0.000000e+00	0.000000e+00	0.000000e+00	0.000000e+00
357	1.592375e-01	6.471646e-38	1.270127e-37	2.013616e-37	-2.045079e-74	4.413252e-56	-2.487491e-74
358	1.593091e-01	6.471646e-38	1.270127e-37	2.013616e-37	-2.045079e-74	4.413252e-56	-2.487491e-74
359	1.593091e-01	6.471646e-38	1.270127e-37	2.013616e-37	-2.045079e-74	4.413252e-56	-2.487491e-74
