0.00	+2.259e-01	+2.568e-02	+1.612e-07	+5.022e-08	+4.518e-15	+8.048e-09	+1.182e-28
1.00	+2.229e-01	+2.428e-02	+1.377e-07	+4.003e-08	+2.973e-15	+6.236e-09	+1.896e-17
2.00	+2.225e-01	+2.413e-02	+1.375e-07	+3.966e-08	+2.929e-15	+6.159e-09	+3.552e-17
3.00	+2.226e-01	+2.419e-02	+1.370e-07	+3.982e-08	+2.936e-15	+6.189e-09	+1.792e-16
4.00	+2.224e-01	+2.411e-02	+1.368e-07	+3.932e-08	+2.881e-15	+6.097e-09	-1.523e-16
5.00	+2.237e-01	+2.467e-02	+1.390e-07	+4.069e-08	+3.060e-15	+6.385e-09	-5.127e-17
6.00	+2.230e-01	+2.434e-02	+1.409e-07	+4.219e-08	+3.250e-15	+6.581e-09	+1.427e-16
7.00	+2.229e-01	+2.432e-02	+1.411e-07	+3.878e-08	+2.869e-15	+6.048e-09	-4.829e-17
8.00	+2.232e-01	+2.447e-02	+1.421e-07	+3.917e-08	+2.922e-15	+6.127e-09	+6.292e-17
9.00	+2.237e-01	+2.466e-02	+1.278e-07	+4.190e-08	+3.066e-15	+6.578e-09	-4.954e-17
10.00	+2.226e-01	+2.418e-02	+1.296e-07	+4.274e-08	+3.178e-15	+6.640e-09	+1.251e-16
11.00	+2.228e-01	+2.426e-02	+1.427e-07	+3.991e-08	+3.013e-15	+6.216e-09	-1.318e-17
12.00	+2.231e-01	+2.440e-02	+1.297e-07	+4.234e-08	+3.137e-15	+6.610e-09	-9.211e-17
13.00	+2.227e-01	+2.421e-02	+1.291e-07	+4.185e-08	+3.076e-15	+6.509e-09	-1.763e-17
14.00	+2.231e-01	+2.437e-02	+1.500e-07	+3.781e-08	+2.846e-15	+5.895e-09	+9.360e-17
15.00	+2.232e-01	+2.441e-02	+1.336e-07	+4.295e-08	+3.249e-15	+6.703e-09	-1.686e-16
16.00	+2.229e-01	+2.428e-02	+1.341e-07	+3.954e-08	+2.878e-15	+6.158e-09	+1.019e-16
17.00	+2.234e-01	+2.453e-02	+4.130e-08	+9.790e-09	+1.913e-16	+1.436e-09	+4.652e-17
18.00	+2.222e-01	+2.401e-02	+1.394e-07	+3.894e-08	+2.868e-15	+6.034e-09	-6.349e-17
19.00	+2.224e-01	+2.407e-02	+1.391e-07	+3.913e-08	+2.887e-15	+6.070e-09	+3.409e-17
20.00	+2.230e-01	+2.435e-02	+3.032e-07	+9.130e-08	+1.517e-14	+1.417e-08	+7.674e-16
21.00	+2.237e-01	+2.465e-02	+3.679e-08	+1.070e-08	+2.113e-16	+1.619e-09	+2.177e-17
22.00	+2.237e-01	+2.466e-02	+1.490e-07	+4.024e-08	+3.115e-15	+6.318e-09	-8.485e-17
23.00	+2.228e-01	+2.423e-02	+3.125e-07	+9.052e-08	+1.522e-14	+1.405e-08	+4.499e-16
24.00	+2.234e-01	+2.451e-02	+1.336e-07	+4.136e-08	+3.074e-15	+6.474e-09	-3.374e-17
25.00	+2.236e-01	+2.463e-02	+1.400e-07	+4.273e-08	+3.304e-15	+6.705e-09	+8.701e-17
26.00	+2.231e-01	+2.437e-02	+3.040e-07	+9.339e-08	+1.571e-14	+1.450e-08	-8.891e-16
27.00	+2.229e-01	+2.430e-02	+1.378e-07	+3.982e-08	+2.947e-15	+6.200e-09	-1.120e-16
28.00	+2.233e-01	+2.446e-02	+1.449e-07	+4.113e-08	+3.175e-15	+6.432e-09	-5.157e-18
29.00	+2.244e-01	+2.494e-02	+1.351e-07	+4.364e-08	+3.350e-15	+6.892e-09	-2.968e-17
30.00	+2.241e-01	+2.486e-02	+1.339e-07	+4.334e-08	+3.302e-15	+6.834e-09	+4.835e-17
31.00	+2.238e-01	+2.472e-02	+4.010e-08	+1.062e-08	+2.168e-16	+1.616e-09	+3.181e-17
32.00	+2.230e-01	+2.437e-02	+1.391e-07	+4.038e-08	+3.023e-15	+6.299e-09	-1.376e-16
33.00	+2.243e-01	+2.493e-02	+1.427e-07	+4.178e-08	+3.226e-15	+6.594e-09	-4.988e-17
34.00	+2.239e-01	+2.477e-02	+3.109e-07	+9.535e-08	+1.639e-14	+1.492e-08	-8.709e-16
35.00	+2.220e-01	+2.391e-02	+1.325e-07	+4.064e-08	+2.982e-15	+6.284e-09	+2.241e-17
36.00	+2.233e-01	+2.449e-02	+1.371e-07	+4.216e-08	+3.203e-15	+6.597e-09	+9.126e-17
37.00	+2.235e-01	+2.459e-02	+3.387e-08	+7.446e-09	+1.089e-16	+8.898e-10	-4.617e-17
38.00	+2.231e-01	+2.439e-02	+3.148e-07	+9.266e-08	+1.581e-14	+1.442e-08	-5.937e-16
39.00	+2.227e-01	+2.421e-02	+3.078e-07	+8.866e-08	+1.464e-14	+1.375e-08	+5.034e-16
40.00	+2.217e-01	+2.378e-02	+3.038e-07	+8.643e-08	+1.398e-14	+1.325e-08	-7.470e-16
41.00	+2.227e-01	+2.421e-02	+1.439e-07	+3.964e-08	+2.992e-15	+6.166e-09	+7.189e-17
42.00	+2.227e-01	+2.421e-02	+1.311e-07	+3.983e-08	+2.878e-15	+6.195e-09	+8.497e-17
43.00	+2.222e-01	+2.401e-02	+1.367e-07	+3.931e-08	+2.879e-15	+6.082e-09	+1.287e-16
44.00	+2.212e-01	+2.357e-02	+1.461e-07	+3.877e-08	+2.885e-15	+5.656e-09	-4.331e-16
45.00	+2.222e-01	+2.399e-02	+0.000e+00	+0.000e+00	+0.000e+00	+0.000e+00	+0.000e+00
46.00	+2.212e-01	+2.357e-02	+1.461e-07	+3.877e-08	+2.885e-15	+5.656e-09	+4.331e-16
47.00	+2.222e-01	+2.401e-02	+1.367e-07	+3.931e-08	+2.879e-15	+6.082e-09	-1.287e-16
48.00	+2.227e-01	+2.421e-02	+1.311e-07	+3.983e-08	+2.878e-15	+6.195e-09	-8.497e-17
49.00	+2.227e-01	+2.421e-02	+1.439e-07	+3.964e-08	+2.992e-15	+6.166e-09	-7.189e-17
50.00	+2.217e-01	+2.378e-02	+3.038e-07	+8.643e-08	+1.398e-14	+1.325e-08	+7.470e-16
51.00	+2.227e-01	+2.421e-02	+3.078e-07	+8.866e-08	+1.464e-14	+1.375e-08	-5.034e-16
52.00	+2.231e-01	+2.439e-02	+3.148e-07	+9.266e-08	+1.581e-14	+1.442e-08	+5.937e-16
53.00	+2.235e-01	+2.459e-02	+3.387e-08	+7.446e-09	+1.089e-16	+8.898e-10	+4.617e-17
54.00	+2.233e-01	+2.449e-02	+1.371e-07	+4.216e-08	+3.203e-15	+6.597e-09	-9.126e-17
55.00	+2.220e-01	+2.391e-02	+1.325e-07	+4.064e-08	+2.982e-15	+6.284e-09	-2.241e-17
56.00	+2.239e-01	+2.477e-02	+3.109e-07	+9.535e-08	+1.639e-14	+1.492e-08	+8.709e-16
57.00	+2.243e-01	+2.493e-02	+1.427e-07	+4.178e-08	+3.226e-15	+6.594e-09	+4.988e-17
58.00	+2.230e-01	+2.437e-02	+1.391e-07	+4.038e-08	+3.023e-15	+6.299e-09	+1.376e-16
59.00	+2.238e-01	+2.472e-02	+4.010e-08	+1.062e-08	+2.168e-16	+1.616e-09	-3.181e-17
60.00	+2.241e-01	+2.486e-02	+1.339e-07	+4.334e-08	+3.302e-15	+6.834e-09	-4.835e-17
61.00	+2.244e-01	+2.494e-02	+1.351e-07	+4.364e-08	+3.350e-15	+6.892e-09	+2.968e-17
62.00	+2.233e-01	+2.446e-02	+1.449e-07	+4.113e-08	+3.175e-15	+6.432e-09	+5.157e-18
63.00	+2.229e-01	+2.430e-02	+1.378e-07	+3.982e-08	+2.947e-15	+6.200e-09	+1.120e-16
64.00	+2.231e-01	+2.437e-02	+3.040e-07	+9.339e-08	+1.571e-14	+1.450e-08	+8.891e-16
65.00	+2.236e-01	+2.463e-02	+1.400e-07	+4.273e-08	+3.304e-15	+6.705e-09	-8.701e-17
66.00	+2.234e-01	+2.451e-02	+1.336e-07	+4.136e-08	+3.074e-15	+6.474e-09	+3.374e-17
67.00	+2.228e-01	+2.423e-02	+3.125e-07	+9.052e-08	+1.522e-14	+1.405e-08	-4.499e-16
68.00	+2.238e-01	+2.468e-02	+1.030e-07	+2.416e-08	+1.162e-15	+3.304e-09	-3.216e-16
69.00	+2.237e-01	+2.465e-02	+3.679e-08	+1.070e-08	+2.113e-16	+1.619e-09	-2.177e-17
70.00	+2.230e-01	+2.435e-02	+3.032e-07	+9.130e-08	+1.517e-14	+1.417e-08	-7.674e-16
71.00	+2.224e-01	+2.407e-02	+1.391e-07	+3.913e-08	+2.887e-15	+6.070e-09	-3.409e-17
72.00	+2.222e-01	+2.401e-02	+1.394e-07	+3.894e-08	+2.868e-15	+6.034e-09	+6.349e-17
73.00	+2.234e-01	+2.453e-02	+4.130e-08	+9.790e-09	+1.913e-16	+1.436e-09	-4.652e-17
74.00	+2.229e-01	+2.428e-02	+1.341e-07	+3.954e-08	+2.878e-15	+6.158e-09	-1.019e-16
75.00	+2.232e-01	+2.441e-02	+1.336e-07	+4.295e-08	+3.249e-15	+6.703e-09	+1.686e-16
76.00	+2.231e-01	+2.437e-02	+1.500e-07	+3.781e-08	+2.846e-15	+5.895e-09	-9.360e-17
77.00	+2.227e-01	+2.421e-02	+1.291e-07	+4.185e-08	+3.076e-15	+6.509e-09	+1.763e-17
78.00	+2.229e-01	+2.429e-02	+1.124e-07	+3.088e-08	+1.787e-15	+4.334e-09	-3.405e-16
79.00	+2.228e-01	+2.426e-02	+1.427e-07	+3.991e-08	+3.013e-15	+6.216e-09	+1.318e-17
80.00	+2.226e-01	+2.418e-02	+1.296e-07	+4.274e-08	+3.178e-15	+6.640e-09	-1.251e-16
81.00	+2.237e-01	+2.466e-02	+1.278e-07	+4.190e-08	+3.066e-15	+6.578e-09	+4.954e-17
82.00	+2.232e-01	+2.447e-02	+1.421e-07	+3.917e-08	+2.922e-15	+6.127e-09	-6.292e-17
83.00	+2.229e-01	+2.432e-02	+1.411e-07	+3.878e-08	+2.869e-15	+6.048e-09	+4.829e-17
84.00	+2.230e-01	+2.434e-02	+1.409e-07	+4.219e-08	+3.250e-15	+6.581e-09	-1.427e-16
85.00	+2.237e-01	+2.467e-02	+1.390e-07	+4.069e-08	+3.060e-15	+6.385e-09	+5.127e-17
86.00	+2.224e-01	+2.411e-02	+1.368e-07	+3.932e-08	+2.881e-15	+6.097e-09	+1.523e-16
87.00	+2.226e-01	+2.419e-02	+1.370e-07	+3.982e-08	+2.936e-15	+6.189e-09	-1.792e-16
88.00	+2.227e-01	+2.421e-02	+9.275e-08	+2.391e-08	+1.100e-15	+3.358e-09	+2.412e-16
89.00	+2.229e-01	+2.428e-02	+1.377e-07	+4.003e-08	+2.973e-15	+6.236e-09	-1.896e-17
90.00	+2.259e-01	+2.568e-02	+1.612e-07	+5.022e-08	+4.518e-15	+8.048e-09	-9.848e-31
91.00	+2.229e-01	+2.428e-02	+1.377e-07	+4.003e-08	+2.973e-15	+6.236e-09	+1.896e-17
92.00	+2.227e-01	+2.421e-02	+2.423e-07	+6.329e-08	+7.742e-15	+9.364e-09	+1.219e-15
93.00	+2.226e-01	+2.419e-02	+1.370e-07	+3.982e-08	+2.936e-15	+6.189e-09	+1.792e-16
94.00	+2.224e-01	+2.411e-02	+1.368e-07	+3.932e-08	+2.881e-15	+6.097e-09	-1.523e-16
95.00	+2.237e-01	+2.467e-02	+1.390e-07	+4.069e-08	+3.060e-15	+6.385e-09	-5.127e-17
96.00	+2.230e-01	+2.434e-02	+1.409e-07	+4.219e-08	+3.250e-15	+6.581e-09	+1.427e-16
97.00	+2.229e-01	+2.432e-02	+1.411e-07	+3.878e-08	+2.869e-15	+6.048e-09	-4.829e-17
98.00	+2.232e-01	+2.447e-02	+1.421e-07	+3.917e-08	+2.922e-15	+6.127e-09	+6.292e-17
99.00	+2.237e-01	+2.466e-02	+1.278e-07	+4.190e-08	+3.066e-15	+6.578e-09	-4.954e-17
100.00	+2.226e-01	+2.418e-02	+1.296e-07	+4.274e-08	+3.178e-15	+6.640e-09	+1.251e-16
101.00	+2.228e-01	+2.426e-02	+1.427e-07	+3.991e-08	+3.013e-15	+6.216e-09	-1.318e-17
102.00	+2.231e-01	+2.440e-02	+1.297e-07	+4.234e-08	+3.137e-15	+6.610e-09	-9.211e-17
103.00	+2.227e-01	+2.421e-02	+1.291e-07	+4.185e-08	+3.076e-15	+6.509e-09	-1.763e-17
104.00	+2.231e-01	+2.437e-02	+1.500e-07	+3.781e-08	+2.846e-15	+5.895e-09	+9.360e-17
105.00	+2.232e-01	+2.441e-02	+1.336e-07	+4.295e-08	+3.249e-15	+6.703e-09	-1.686e-16
106.00	+2.229e-01	+2.428e-02	+1.341e-07	+3.954e-08	+2.878e-15	+6.158e-09	+1.019e-16
107.00	+2.234e-01	+2.453e-02	+4.130e-08	+9.790e-09	+1.913e-16	+1.436e-09	+4.652e-17
108.00	+2.222e-01	+2.401e-02	+1.394e-07	+3.894e-08	+2.868e-15	+6.034e-09	-6.349e-17
109.00	+2.224e-01	+2.407e-02	+1.391e-07	+3.913e-08	+2.887e-15	+6.070e-09	+3.409e-17
110.00	+2.230e-01	+2.435e-02	+3.032e-07	+9.130e-08	+1.517e-14	+1.417e-08	+7.674e-16
111.00	+2.237e-01	+2.465e-02	+3.679e-08	+1.070e-08	+2.113e-16	+1.619e-09	+2.177e-17
112.00	+2.238e-01	+2.468e-02	+1.030e-07	+2.416e-08	+1.162e-15	+3.304e-09	+3.216e-16
113.00	+2.228e-01	+2.423e-02	+3.125e-07	+9.052e-08	+1.522e-14	+1.405e-08	+4.499e-16
114.00	+2.234e-01	+2.451e-02	+1.336e-07	+4.136e-08	+3.074e-15	+6.474e-09	-3.374e-17
115.00	+2.236e-01	+2.463e-02	+1.400e-07	+4.273e-08	+3.304e-15	+6.705e-09	+8.701e-17
116.00	+2.231e-01	+2.437e-02	+3.040e-07	+9.339e-08	+1.571e-14	+1.450e-08	-8.891e-16
117.00	+2.229e-01	+2.430e-02	+1.378e-07	+3.982e-08	+2.947e-15	+6.200e-09	-1.120e-16
118.00	+2.233e-01	+2.446e-02	+1.449e-07	+4.113e-08	+3.175e-15	+6.432e-09	-5.157e-18
119.00	+2.244e-01	+2.494e-02	+1.351e-07	+4.364e-08	+3.350e-15	+6.892e-09	-2.968e-17
120.00	+2.241e-01	+2.486e-02	+1.339e-07	+4.334e-08	+3.302e-15	+6.834e-09	+4.835e-17
121.00	+2.238e-01	+2.472e-02	+4.010e-08	+1.062e-08	+2.168e-16	+1.616e-09	+3.181e-17
122.00	+2.230e-01	+2.437e-02	+1.391e-07	+4.038e-08	+3.023e-15	+6.299e-09	-1.376e-16
123.00	+2.243e-01	+2.493e-02	+1.427e-07	+4.178e-08	+3.226e-15	+6.594e-09	-4.988e-17
124.00	+2.239e-01	+2.477e-02	+3.109e-07	+9.535e-08	+1.639e-14	+1.492e-08	-8.709e-16
125.00	+2.220e-01	+2.391e-02	+1.325e-07	+4.064e-08	+2.982e-15	+6.284e-09	+2.241e-17
126.00	+2.233e-01	+2.449e-02	+1.371e-07	+4.216e-08	+3.203e-15	+6.597e-09	+9.126e-17
127.00	+2.235e-01	+2.459e-02	+3.387e-08	+7.446e-09	+1.089e-16	+8.898e-10	-4.617e-17
128.00	+2.231e-01	+2.439e-02	+3.148e-07	+9.266e-08	+1.581e-14	+1.442e-08	-5.937e-16
129.00	+2.227e-01	+2.421e-02	+3.078e-07	+8.866e-08	+1.464e-14	+1.375e-08	+5.034e-16
130.00	+2.217e-01	+2.378e-02	+3.038e-07	+8.643e-08	+1.398e-14	+1.325e-08	-7.470e-16
131.00	+2.227e-01	+2.421e-02	+1.439e-07	+3.964e-08	+2.992e-15	+6.166e-09	+7.189e-17
132.00	+2.227e-01	+2.421e-02	+1.311e-07	+3.983e-08	+2.878e-15	+6.195e-09	+8.497e-17
133.00	+2.222e-01	+2.401e-02	+1.367e-07	+3.931e-08	+2.879e-15	+6.082e-09	+1.287e-16
134.00	+2.212e-01	+2.357e-02	+1.461e-07	+3.877e-08	+2.885e-15	+5.656e-09	-4.331e-16
135.00	+2.222e-01	+2.399e-02	+0.000e+00	+0.000e+00	+0.000e+00	+0.000e+00	+0.000e+00
136.00	+2.212e-01	+2.357e-02	+1.461e-07	+3.877e-08	+2.885e-15	+5.656e-09	+4.331e-16
137.00	+2.222e-01	+2.401e-02	+1.367e-07	+3.931e-08	+2.879e-15	+6.082e-09	-1.287e-16
138.00	+2.227e-01	+2.421e-02	+1.311e-07	+3.983e-08	+2.878e-15	+6.195e-09	-8.497e-17
139.00	+2.227e-01	+2.421e-02	+1.439e-07	+3.964e-08	+2.992e-15	+6.166e-09	-7.189e-17
140.00	+2.217e-01	+2.378e-02	+3.038e-07	+8.643e-08	+1.398e-14	+1.325e-08	+7.470e-16
141.00	+2.227e-01	+2.421e-02	+3.078e-07	+8.866e-08	+1.464e-14	+1.375e-08	-5.034e-16
142.00	+2.231e-01	+2.439e-02	+3.148e-07	+9.266e-08	+1.581e-14	+1.442e-08	+5.937e-16
143.00	+2.235e-01	+2.459e-02	+3.387e-08	+7.446e-09	+1.089e-16	+8.898e-10	+4.617e-17
144.00	+2.233e-01	+2.449e-02	+1.371e-07	+4.216e-08	+3.203e-15	+6.597e-09	-9.126e-17
145.00	+2.220e-01	+2.391e-02	+1.325e-07	+4.064e-08	+2.982e-15	+6.284e-09	-2.241e-17
146.00	+2.239e-01	+2.477e-02	+3.109e-07	+9.535e-08	+1.639e-14	+1.492e-08	+8.709e-16
147.00	+2.243e-01	+2.493e-02	+1.427e-07	+4.178e-08	+3.226e-15	+6.594e-09	+4.988e-17
148.00	+2.230e-01	+2.437e-02	+1.391e-07	+4.038e-08	+3.023e-15	+6.299e-09	+1.376e-16
149.00	+2.238e-01	+2.472e-02	+4.010e-08	+1.062e-08	+2.168e-16	+1.616e-09	-3.181e-17
150.00	+2.241e-01	+2.486e-02	+1.339e-07	+4.334e-08	+3.302e-15	+6.834e-09	-4.835e-17
151.00	+2.244e-01	+2.494e-02	+1.351e-07	+4.364e-08	+3.350e-15	+6.892e-09	+2.968e-17
152.00	+2.233e-01	+2.446e-02	+1.449e-07	+4.113e-08	+3.175e-15	+6.432e-09	+5.157e-18
153.00	+2.229e-01	+2.430e-02	+1.378e-07	+3.982e-08	+2.947e-15	+6.200e-09	+1.120e-16
154.00	+2.231e-01	+2.437e-02	+3.040e-07	+9.339e-08	+1.571e-14	+1.450e-08	+8.891e-16
155.00	+2.236e-01	+2.463e-02	+1.400e-07	+4.273e-08	+3.304e-15	+6.705e-09	-8.701e-17
156.00	+2.234e-01	+2.451e-02	+1.336e-07	+4.136e-08	+3.074e-15	+6.474e-09	+3.374e-17
157.00	+2.228e-01	+2.423e-02	+3.125e-07	+9.052e-08	+1.522e-14	+1.405e-08	-4.499e-16
158.00	+2.237e-01	+2.466e-02	+1.490e-07	+4.024e-08	+3.115e-15	+6.318e-09	+8.485e-17
159.00	+2.237e-01	+2.465e-02	+3.679e-08	+1.070e-08	+2.113e-16	+1.619e-09	-2.177e-17
160.00	+2.230e-01	+2.435e-02	+3.032e-07	+9.130e-08	+1.517e-14	+1.417e-08	-7.674e-16
161.00	+2.224e-01	+2.407e-02	+1.391e-07	+3.913e-08	+2.887e-15	+6.070e-09	-3.409e-17
162.00	+2.222e-01	+2.401e-02	+1.394e-07	+3.894e-08	+2.868e-15	+6.034e-09	+6.349e-17
163.00	+2.234e-01	+2.453e-02	+4.130e-08	+9.790e-09	+1.913e-16	+1.436e-09	-4.652e-17
164.00	+2.229e-01	+2.428e-02	+1.341e-07	+3.954e-08	+2.878e-15	+6.158e-09	-1.019e-16
165.00	+2.232e-01	+2.441e-02	+1.336e-07	+4.295e-08	+3.249e-15	+6.703e-09	+1.686e-16
166.00	+2.231e-01	+2.437e-02	+1.500e-07	+3.781e-08	+2.846e-15	+5.895e-09	-9.360e-17
167.00	+2.227e-01	+2.421e-02	+1.291e-07	+4.185e-08	+3.076e-15	+6.509e-09	+1.763e-17
168.00	+2.231e-01	+2.440e-02	+1.297e-07	+4.234e-08	+3.137e-15	+6.610e-09	+9.211e-17
169.00	+2.228e-01	+2.426e-02	+1.427e-07	+3.991e-08	+3.013e-15	+6.216e-09	+1.318e-17
170.00	+2.226e-01	+2.418e-02	+1.296e-07	+4.274e-08	+3.178e-15	+6.640e-09	-1.251e-16
171.00	+2.237e-01	+2.466e-02	+1.278e-07	+4.190e-08	+3.066e-15	+6.578e-09	+4.954e-17
172.00	+2.232e-01	+2.447e-02	+1.421e-07	+3.917e-08	+2.922e-15	+6.127e-09	-6.292e-17
173.00	+2.229e-01	+2.432e-02	+1.411e-07	+3.878e-08	+2.869e-15	+6.048e-09	+4.829e-17
174.00	+2.230e-01	+2.434e-02	+1.409e-07	+4.219e-08	+3.250e-15	+6.581e-09	-1.427e-16
175.00	+2.237e-01	+2.467e-02	+1.390e-07	+4.069e-08	+3.060e-15	+6.385e-09	+5.127e-17
176.00	+2.224e-01	+2.411e-02	+1.368e-07	+3.932e-08	+2.881e-15	+6.097e-09	+1.523e-16
177.00	+2.226e-01	+2.419e-02	+1.370e-07	+3.982e-08	+2.936e-15	+6.189e-09	-1.792e-16
178.00	+2.227e-01	+2.421e-02	+9.275e-08	+2.391e-08	+1.100e-15	+3.358e-09	+2.412e-16
179.00	+2.229e-01	+2.428e-02	+1.377e-07	+4.003e-08	+2.973e-15	+6.236e-09	-1.896e-17
180.00	+2.259e-01	+2.568e-02	+1.612e-07	+5.022e-08	+4.518e-15	+8.048e-09	-1.182e-28
181.00	+2.229e-01	+2.428e-02	+1.377e-07	+4.003e-08	+2.973e-15	+6.236e-09	+1.896e-17
182.00	+2.227e-01	+2.421e-02	+2.423e-07	+6.329e-08	+7.742e-15	+9.364e-09	+1.219e-15
183.00	+2.226e-01	+2.419e-02	+1.370e-07	+3.982e-08	+2.936e-15	+6.189e-09	+1.792e-16
184.00	+2.224e-01	+2.411e-02	+1.368e-07	+3.932e-08	+2.881e-15	+6.097e-09	-1.523e-16
185.00	+2.237e-01	+2.467e-02	+1.390e-07	+4.069e-08	+3.060e-15	+6.385e-09	-5.127e-17
186.00	+2.230e-01	+2.434e-02	+1.409e-07	+4.219e-08	+3.250e-15	+6.581e-09	+1.427e-16
187.00	+2.229e-01	+2.432e-02	+1.411e-07	+3.878e-08	+2.869e-15	+6.048e-09	-4.829e-17
188.00	+2.232e-01	+2.447e-02	+1.421e-07	+3.917e-08	+2.922e-15	+6.127e-09	+6.292e-17
189.00	+2.237e-01	+2.466e-02	+1.278e-07	+4.190e-08	+3.066e-15	+6.578e-09	-4.954e-17
190.00	+2.226e-01	+2.418e-02	+1.296e-07	+4.274e-08	+3.178e-15	+6.640e-09	+1.251e-16
191.00	+2.228e-01	+2.426e-02	+1.427e-07	+3.991e-08	+3.013e-15	+6.216e-09	-1.318e-17
192.00	+2.231e-01	+2.440e-02	+1.297e-07	+4.234e-08	+3.137e-15	+6.610e-09	-9.211e-17
193.00	+2.227e-01	+2.421e-02	+1.291e-07	+4.185e-08	+3.076e-15	+6.509e-09	-1.763e-17
194.00	+2.231e-01	+2.437e-02	+1.500e-07	+3.781e-08	+2.846e-15	+5.895e-09	+9.360e-17
195.00	+2.232e-01	+2.441e-02	+1.336e-07	+4.295e-08	+3.249e-15	+6.703e-09	-1.686e-16
196.00	+2.229e-01	+2.428e-02	+1.341e-07	+3.954e-08	+2.878e-15	+6.158e-09	+1.019e-16
197.00	+2.234e-01	+2.453e-02	+4.130e-08	+9.790e-09	+1.913e-16	+1.436e-09	+4.652e-17
198.00	+2.222e-01	+2.401e-02	+1.394e-07	+3.894e-08	+2.868e-15	+6.034e-09	-6.349e-17
199.00	+2.224e-01	+2.407e-02	+1.391e-07	+3.913e-08	+2.887e-15	+6.070e-09	+3.409e-17
200.00	+2.230e-01	+2.435e-02	+3.032e-07	+9.130e-08	+1.517e-14	+1.417e-08	+7.674e-16
201.00	+2.237e-01	+2.465e-02	+3.679e-08	+1.070e-08	+2.113e-16	+1.619e-09	+2.177e-17
202.00	+2.237e-01	+2.466e-02	+1.490e-07	+4.024e-08	+3.115e-15	+6.318e-09	-8.485e-17
203.00	+2.228e-01	+2.423e-02	+3.125e-07	+9.052e-08	+1.522e-14	+1.405e-08	+4.499e-16
204.00	+2.234e-01	+2.451e-02	+1.336e-07	+4.136e-08	+3.074e-15	+6.474e-09	-3.374e-17
205.00	+2.236e-01	+2.463e-02	+1.400e-07	+4.273e-08	+3.304e-15	+6.705e-09	+8.701e-17
206.00	+2.231e-01	+2.437e-02	+3.040e-07	+9.339e-08	+1.571e-14	+1.450e-08	-8.891e-16
207.00	+2.229e-01	+2.430e-02	+1.378e-07	+3.982e-08	+2.947e-15	+6.200e-09	-1.120e-16
208.00	+2.233e-01	+2.446e-02	+1.449e-07	+4.113e-08	+3.175e-15	+6.432e-09	-5.157e-18
209.00	+2.244e-01	+2.494e-02	+1.351e-07	+4.364e-08	+3.350e-15	+6.892e-09	-2.968e-17
210.00	+2.241e-01	+2.486e-02	+1.339e-07	+4.334e-08	+3.302e-15	+6.834e-09	+4.835e-17
211.00	+2.238e-01	+2.472e-02	+4.010e-08	+1.062e-08	+2.168e-16	+1.616e-09	+3.181e-17
212.00	+2.230e-01	+2.437e-02	+1.391e-07	+4.038e-08	+3.023e-15	+6.299e-09	-1.376e-16
213.00	+2.243e-01	+2.493e-02	+1.427e-07	+4.178e-08	+3.226e-15	+6.594e-09	-4.988e-17
214.00	+2.239e-01	+2.477e-02	+3.109e-07	+9.535e-08	+1.639e-14	+1.492e-08	-8.709e-16
215.00	+2.220e-01	+2.391e-02	+1.325e-07	+4.064e-08	+2.982e-15	+6.284e-09	+2.241e-17
216.00	+2.233e-01	+2.449e-02	+1.371e-07	+4.216e-08	+3.203e-15	+6.597e-09	+9.126e-17
217.00	+2.236e-01	+2.463e-02	+3.688e-08	+1.062e-08	+2.091e-16	+1.607e-09	+2.248e-17
218.00	+2.231e-01	+2.439e-02	+3.148e-07	+9.266e-08	+1.581e-14	+1.442e-08	-5.937e-16
219.00	+2.227e-01	+2.421e-02	+3.078e-07	+8.866e-08	+1.464e-14	+1.375e-08	+5.034e-16
220.00	+2.217e-01	+2.378e-02	+3.038e-07	+8.643e-08	+1.398e-14	+1.325e-08	-7.470e-16
221.00	+2.227e-01	+2.421e-02	+1.439e-07	+3.964e-08	+2.992e-15	+6.166e-09	+7.189e-17
222.00	+2.227e-01	+2.421e-02	+1.311e-07	+3.983e-08	+2.878e-15	+6.195e-09	+8.497e-17
223.00	+2.222e-01	+2.401e-02	+1.367e-07	+3.931e-08	+2.879e-15	+6.082e-09	+1.287e-16
224.00	+2.212e-01	+2.357e-02	+1.461e-07	+3.877e-08	+2.885e-15	+5.656e-09	-4.331e-16
225.00	+2.222e-01	+2.399e-02	+0.000e+00	+0.000e+00	+0.000e+00	+0.000e+00	+0.000e+00
226.00	+2.212e-01	+2.357e-02	+1.461e-07	+3.877e-08	+2.885e-15	+5.656e-09	+4.331e-16
227.00	+2.222e-01	+2.401e-02	+1.367e-07	+3.931e-08	+2.879e-15	+6.082e-09	-1.287e-16
228.00	+2.227e-01	+2.421e-02	+1.311e-07	+3.983e-08	+2.878e-15	+6.195e-09	-8.497e-17
229.00	+2.227e-01	+2.421e-02	+1.439e-07	+3.964e-08	+2.992e-15	+6.166e-09	-7.189e-17
230.00	+2.218e-01	+2.381e-02	+1.387e-07	+3.856e-08	+2.820e-15	+5.950e-09	+3.555e-17
231.00	+2.227e-01	+2.421e-02	+3.078e-07	+8.866e-08	+1.464e-14	+1.375e-08	-5.034e-16
232.00	+2.231e-01	+2.439e-02	+3.148e-07	+9.266e-08	+1.581e-14	+1.442e-08	+5.937e-16
233.00	+2.235e-01	+2.459e-02	+3.387e-08	+7.446e-09	+1.089e-16	+8.898e-10	+4.617e-17
234.00	+2.233e-01	+2.449e-02	+1.371e-07	+4.216e-08	+3.203e-15	+6.597e-09	-9.126e-17
235.00	+2.220e-01	+2.391e-02	+1.325e-07	+4.064e-08	+2.982e-15	+6.284e-09	-2.241e-17
236.00	+2.239e-01	+2.477e-02	+3.109e-07	+9.535e-08	+1.639e-14	+1.492e-08	+8.709e-16
237.00	+2.243e-01	+2.493e-02	+1.427e-07	+4.178e-08	+3.226e-15	+6.594e-09	+4.988e-17
238.00	+2.230e-01	+2.437e-02	+1.391e-07	+4.038e-08	+3.023e-15	+6.299e-09	+1.376e-16
239.00	+2.238e-01	+2.472e-02	+4.010e-08	+1.062e-08	+2.168e-16	+1.616e-09	-3.181e-17
240.00	+2.241e-01	+2.486e-02	+1.339e-07	+4.334e-08	+3.302e-15	+6.834e-09	-4.835e-17
241.00	+2.244e-01	+2.494e-02	+1.351e-07	+4.364e-08	+3.350e-15	+6.892e-09	+2.968e-17
242.00	+2.233e-01	+2.446e-02	+1.449e-07	+4.113e-08	+3.175e-15	+6.432e-09	+5.157e-18
243.00	+2.229e-01	+2.430e-02	+1.378e-07	+3.982e-08	+2.947e-15	+6.200e-09	+1.120e-16
244.00	+2.231e-01	+2.437e-02	+3.040e-07	+9.339e-08	+1.571e-14	+1.450e-08	+8.891e-16
245.00	+2.236e-01	+2.463e-02	+1.400e-07	+4.273e-08	+3.304e-15	+6.705e-09	-8.701e-17
246.00	+2.234e-01	+2.451e-02	+1.336e-07	+4.136e-08	+3.074e-15	+6.474e-09	+3.374e-17
247.00	+2.228e-01	+2.423e-02	+3.125e-07	+9.052e-08	+1.522e-14	+1.405e-08	-4.499e-16
248.00	+2.237e-01	+2.466e-02	+1.490e-07	+4.024e-08	+3.115e-15	+6.318e-09	+8.485e-17
249.00	+2.237e-01	+2.465e-02	+3.679e-08	+1.070e-08	+2.113e-16	+1.619e-09	-2.177e-17
250.00	+2.230e-01	+2.435e-02	+3.032e-07	+9.130e-08	+1.517e-14	+1.417e-08	-7.674e-16
251.00	+2.224e-01	+2.407e-02	+1.391e-07	+3.913e-08	+2.887e-15	+6.070e-09	-3.409e-17
252.00	+2.222e-01	+2.401e-02	+1.394e-07	+3.894e-08	+2.868e-15	+6.034e-09	+6.349e-17
253.00	+2.234e-01	+2.453e-02	+4.130e-08	+9.790e-09	+1.913e-16	+1.436e-09	-4.652e-17
254.00	+2.229e-01	+2.428e-02	+1.341e-07	+3.954e-08	+2.878e-15	+6.158e-09	-1.019e-16
255.00	+2.232e-01	+2.441e-02	+1.336e-07	+4.295e-08	+3.249e-15	+6.703e-09	+1.686e-16
256.00	+2.231e-01	+2.437e-02	+1.500e-07	+3.781e-08	+2.846e-15	+5.895e-09	-9.360e-17
257.00	+2.227e-01	+2.421e-02	+1.291e-07	+4.185e-08	+3.076e-15	+6.509e-09	+1.763e-17
258.00	+2.231e-01	+2.440e-02	+1.297e-07	+4.234e-08	+3.137e-15	+6.610e-09	+9.211e-17
259.00	+2.228e-01	+2.426e-02	+1.427e-07	+3.991e-08	+3.013e-15	+6.216e-09	+1.318e-17
260.00	+2.226e-01	+2.418e-02	+1.296e-07	+4.274e-08	+3.178e-15	+6.640e-09	-1.251e-16
261.00	+2.237e-01	+2.466e-02	+1.278e-07	+4.190e-08	+3.066e-15	+6.578e-09	+4.954e-17
262.00	+2.232e-01	+2.447e-02	+1.421e-07	+3.917e-08	+2.922e-15	+6.127e-09	-6.292e-17
263.00	+2.229e-01	+2.432e-02	+1.411e-07	+3.878e-08	+2.869e-15	+6.048e-09	+4.829e-17
264.00	+2.230e-01	+2.434e-02	+1.409e-07	+4.219e-08	+3.250e-15	+6.581e-09	-1.427e-16
265.00	+2.237e-01	+2.467e-02	+1.390e-07	+4.069e-08	+3.060e-15	+6.385e-09	+5.127e-17
266.00	+2.224e-01	+2.411e-02	+1.368e-07	+3.932e-08	+2.881e-15	+6.097e-09	+1.523e-16
267.00	+2.226e-01	+2.419e-02	+1.370e-07	+3.982e-08	+2.936e-15	+6.189e-09	-1.792e-16
268.00	+2.227e-01	+2.421e-02	+9.275e-08	+2.391e-08	+1.100e-15	+3.358e-09	+2.412e-16
269.00	+2.229e-01	+2.428e-02	+1.377e-07	+4.003e-08	+2.973e-15	+6.236e-09	-1.896e-17
270.00	+2.259e-01	+2.568e-02	+1.612e-07	+5.022e-08	+4.518e-15	+8.048e-09	-5.416e-30
271.00	+2.229e-01	+2.428e-02	+1.377e-07	+4.003e-08	+2.973e-15	+6.236e-09	+1.896e-17
272.00	+2.227e-01	+2.421e-02	+2.423e-07	+6.329e-08	+7.742e-15	+9.364e-09	+1.219e-15
273.00	+2.226e-01	+2.419e-02	+1.370e-07	+3.982e-08	+2.936e-15	+6.189e-09	+1.792e-16
274.00	+2.224e-01	+2.411e-02	+1.368e-07	+3.932e-08	+2.881e-15	+6.097e-09	-1.523e-16
275.00	+2.237e-01	+2.467e-02	+1.390e-07	+4.069e-08	+3.060e-15	+6.385e-09	-5.127e-17
276.00	+2.230e-01	+2.434e-02	+1.409e-07	+4.219e-08	+3.250e-15	+6.581e-09	+1.427e-16
277.00	+2.229e-01	+2.432e-02	+1.411e-07	+3.878e-08	+2.869e-15	+6.048e-09	-4.829e-17
278.00	+2.232e-01	+2.447e-02	+1.421e-07	+3.917e-08	+2.922e-15	+6.127e-09	+6.292e-17
279.00	+2.237e-01	+2.466e-02	+1.278e-07	+4.190e-08	+3.066e-15	+6.578e-09	-4.954e-17
280.00	+2.226e-01	+2.418e-02	+1.296e-07	+4.274e-08	+3.178e-15	+6.640e-09	+1.251e-16
281.00	+2.228e-01	+2.426e-02	+1.427e-07	+3.991e-08	+3.013e-15	+6.216e-09	-1.318e-17
282.00	+2.229e-01	+2.429e-02	+2.060e-07	+5.910e-08	+6.412e-15	+8.568e-09	-1.195e-15
283.00	+2.227e-01	+2.421e-02	+1.291e-07	+4.185e-08	+3.076e-15	+6.509e-09	-1.763e-17
284.00	+2.231e-01	+2.437e-02	+1.500e-07	+3.781e-08	+2.846e-15	+5.895e-09	+9.360e-17
285.00	+2.232e-01	+2.441e-02	+1.336e-07	+4.295e-08	+3.249e-15	+6.703e-09	-1.686e-16
286.00	+2.229e-01	+2.428e-02	+1.341e-07	+3.954e-08	+2.878e-15	+6.158e-09	+1.019e-16
287.00	+2.234e-01	+2.453e-02	+4.130e-08	+9.790e-09	+1.913e-16	+1.436e-09	+4.652e-17
288.00	+2.222e-01	+2.401e-02	+1.394e-07	+3.894e-08	+2.868e-15	+6.034e-09	-6.349e-17
289.00	+2.224e-01	+2.407e-02	+1.391e-07	+3.913e-08	+2.887e-15	+6.070e-09	+3.409e-17
290.00	+2.230e-01	+2.435e-02	+3.032e-07	+9.130e-08	+1.517e-14	+1.417e-08	+7.674e-16
291.00	+2.237e-01	+2.465e-02	+3.679e-08	+1.070e-08	+2.113e-16	+1.619e-09	+2.177e-17
292.00	+2.237e-01	+2.466e-02	+1.490e-07	+4.024e-08	+3.115e-15	+6.318e-09	-8.485e-17
293.00	+2.228e-01	+2.423e-02	+3.125e-07	+9.052e-08	+1.522e-14	+1.405e-08	+4.499e-16
294.00	+2.234e-01	+2.451e-02	+1.336e-07	+4.136e-08	+3.074e-15	+6.474e-09	-3.374e-17
295.00	+2.236e-01	+2.463e-02	+1.400e-07	+4.273e-08	+3.304e-15	+6.705e-09	+8.701e-17
296.00	+2.231e-01	+2.437e-02	+3.040e-07	+9.339e-08	+1.571e-14	+1.450e-08	-8.891e-16
297.00	+2.229e-01	+2.430e-02	+1.378e-07	+3.982e-08	+2.947e-15	+6.200e-09	-1.120e-16
298.00	+2.233e-01	+2.446e-02	+1.449e-07	+4.113e-08	+3.175e-15	+6.432e-09	-5.157e-18
299.00	+2.244e-01	+2.494e-02	+1.351e-07	+4.364e-08	+3.350e-15	+6.892e-09	-2.968e-17
300.00	+2.241e-01	+2.486e-02	+1.339e-07	+4.334e-08	+3.302e-15	+6.834e-09	+4.835e-17
301.00	+2.238e-01	+2.472e-02	+4.010e-08	+1.062e-08	+2.168e-16	+1.616e-09	+3.181e-17
302.00	+2.230e-01	+2.437e-02	+1.391e-07	+4.038e-08	+3.023e-15	+6.299e-09	-1.376e-16
303.00	+2.243e-01	+2.493e-02	+1.427e-07	+4.178e-08	+3.226e-15	+6.594e-09	-4.988e-17
304.00	+2.239e-01	+2.477e-02	+3.109e-07	+9.535e-08	+1.639e-14	+1.492e-08	-8.709e-16
305.00	+2.220e-01	+2.391e-02	+1.325e-07	+4.064e-08	+2.982e-15	+6.284e-09	+2.241e-17
306.00	+2.233e-01	+2.449e-02	+1.371e-07	+4.216e-08	+3.203e-15	+6.597e-09	+9.126e-17
307.00	+2.235e-01	+2.459e-02	+3.387e-08	+7.446e-09	+1.089e-16	+8.898e-10	-4.617e-17
308.00	+2.231e-01	+2.439e-02	+3.148e-07	+9.266e-08	+1.581e-14	+1.442e-08	-5.937e-16
309.00	+2.227e-01	+2.421e-02	+3.078e-07	+8.866e-08	+1.464e-14	+1.375e-08	+5.034e-16
310.00	+2.218e-01	+2.381e-02	+1.387e-07	+3.856e-08	+2.820e-15	+5.950e-09	-3.555e-17
311.00	+2.227e-01	+2.421e-02	+1.439e-07	+3.964e-08	+2.992e-15	+6.166e-09	+7.189e-17
312.00	+2.227e-01	+2.421e-02	+1.311e-07	+3.983e-08	+2.878e-15	+6.195e-09	+8.497e-17
313.00	+2.222e-01	+2.401e-02	+1.367e-07	+3.931e-08	+2.879e-15	+6.082e-09	+1.287e-16
314.00	+2.212e-01	+2.357e-02	+1.461e-07	+3.877e-08	+2.885e-15	+5.656e-09	-4.331e-16
315.00	+2.222e-01	+2.399e-02	+0.000e+00	+0.000e+00	+0.000e+00	+0.000e+00	+0.000e+00
316.00	+2.212e-01	+2.357e-02	+1.461e-07	+3.877e-08	+2.885e-15	+5.656e-09	+4.331e-16
317.00	+2.222e-01	+2.401e-02	+1.367e-07	+3.931e-08	+2.879e-15	+6.082e-09	-1.287e-16
318.00	+2.227e-01	+2.421e-02	+1.311e-07	+3.983e-08	+2.878e-15	+6.195e-09	-8.497e-17
319.00	+2.227e-01	+2.421e-02	+1.439e-07	+3.964e-08	+2.992e-15	+6.166e-09	-7.189e-17
320.00	+2.217e-01	+2.378e-02	+3.038e-07	+8.643e-08	+1.398e-14	+1.325e-08	+7.470e-16
321.00	+2.227e-01	+2.421e-02	+3.078e-07	+8.866e-08	+1.464e-14	+1.375e-08	-5.034e-16
322.00	+2.231e-01	+2.439e-02	+3.148e-07	+9.266e-08	+1.581e-14	+1.442e-08	+5.937e-16
323.00	+2.236e-01	+2.463e-02	+3.688e-08	+1.062e-08	+2.091e-16	+1.607e-09	-2.248e-17
324.00	+2.233e-01	+2.449e-02	+1.371e-07	+4.216e-08	+3.203e-15	+6.597e-09	-9.126e-17
325.00	+2.220e-01	+2.391e-02	+1.325e-07	+4.064e-08	+2.982e-15	+6.284e-09	-2.241e-17
326.00	+2.239e-01	+2.477e-02	+3.109e-07	+9.535e-08	+1.639e-14	+1.492e-08	+8.709e-16
327.00	+2.243e-01	+2.493e-02	+1.427e-07	+4.178e-08	+3.226e-15	+6.594e-09	+4.988e-17
328.00	+2.230e-01	+2.437e-02	+1.391e-07	+4.038e-08	+3.023e-15	+6.299e-09	+1.376e-16
329.00	+2.238e-01	+2.472e-02	+4.010e-08	+1.062e-08	+2.168e-16	+1.616e-09	-3.181e-17
330.00	+2.241e-01	+2.486e-02	+1.339e-07	+4.334e-08	+3.302e-15	+6.834e-09	-4.835e-17
331.00	+2.244e-01	+2.494e-02	+1.351e-07	+4.364e-08	+3.350e-15	+6.892e-09	+2.968e-17
332.00	+2.233e-01	+2.446e-02	+1.449e-07	+4.113e-08	+3.175e-15	+6.432e-09	+5.157e-18
333.00	+2.229e-01	+2.430e-02	+1.378e-07	+3.982e-08	+2.947e-15	+6.200e-09	+1.120e-16
334.00	+2.231e-01	+2.437e-02	+3.040e-07	+9.339e-08	+1.571e-14	+1.450e-08	+8.891e-16
335.00	+2.236e-01	+2.463e-02	+1.400e-07	+4.273e-08	+3.304e-15	+6.705e-09	-8.701e-17
336.00	+2.234e-01	+2.451e-02	+1.336e-07	+4.136e-08	+3.074e-15	+6.474e-09	+3.374e-17
337.00	+2.228e-01	+2.423e-02	+3.125e-07	+9.052e-08	+1.522e-14	+1.405e-08	-4.499e-16
338.00	+2.237e-01	+2.466e-02	+1.490e-07	+4.024e-08	+3.115e-15	+6.318e-09	+8.485e-17
339.00	+2.237e-01	+2.465e-02	+3.679e-08	+1.070e-08	+2.113e-16	+1.619e-09	-2.177e-17
340.00	+2.230e-01	+2.435e-02	+3.032e-07	+9.130e-08	+1.517e-14	+1.417e-08	-7.674e-16
341.00	+2.224e-01	+2.407e-02	+1.391e-07	+3.913e-08	+2.887e-15	+6.070e-09	-3.409e-17
342.00	+2.222e-01	+2.401e-02	+1.394e-07	+3.894e-08	+2.868e-15	+6.034e-09	+6.349e-17
343.00	+2.234e-01	+2.453e-02	+4.130e-08	+9.790e-09	+1.913e-16	+1.436e-09	-4.652e-17
344.00	+2.229e-01	+2.428e-02	+1.341e-07	+3.954e-08	+2.878e-15	+6.158e-09	-1.019e-16
345.00	+2.232e-01	+2.441e-02	+1.336e-07	+4.295e-08	+3.249e-15	+6.703e-09	+1.686e-16
346.00	+2.231e-01	+2.437e-02	+1.500e-07	+3.781e-08	+2.846e-15	+5.895e-09	-9.360e-17
347.00	+2.227e-01	+2.421e-02	+1.291e-07	+4.185e-08	+3.076e-15	+6.509e-09	+1.763e-17
348.00	+2.231e-01	+2.440e-02	+1.297e-07	+4.234e-08	+3.137e-15	+6.610e-09	+9.211e-17
349.00	+2.228e-01	+2.426e-02	+1.427e-07	+3.991e-08	+3.013e-15	+6.216e-09	+1.318e-17
350.00	+2.226e-01	+2.418e-02	+1.296e-07	+4.274e-08	+3.178e-15	+6.640e-09	-1.251e-16
351.00	+2.237e-01	+2.466e-02	+1.278e-07	+4.190e-08	+3.066e-15	+6.578e-09	+4.954e-17
352.00	+2.232e-01	+2.447e-02	+1.421e-07	+3.917e-08	+2.922e-15	+6.127e-09	-6.292e-17
353.00	+2.229e-01	+2.432e-02	+1.411e-07	+3.878e-08	+2.869e-15	+6.048e-09	+4.829e-17
354.00	+2.230e-01	+2.434e-02	+1.409e-07	+4.219e-08	+3.250e-15	+6.581e-09	-1.427e-16
355.00	+2.237e-01	+2.467e-02	+1.390e-07	+4.069e-08	+3.060e-15	+6.385e-09	+5.127e-17
356.00	+2.224e-01	+2.411e-02	+1.368e-07	+3.932e-08	+2.881e-15	+6.097e-09	+1.523e-16
357.00	+2.226e-01	+2.419e-02	+1.370e-07	+3.982e-08	+2.936e-15	+6.189e-09	-1.792e-16
358.00	+2.225e-01	+2.413e-02	+1.375e-07	+3.966e-08	+2.929e-15	+6.159e-09	-3.552e-17
359.00	+2.229e-01	+2.428e-02	+1.377e-07	+4.003e-08	+2.973e-15	+6.236e-09	-1.896e-17
