0	4.840044e-01	2.094578e-01	0.000000e+00	0.000000e+00	0.000000e+00	0.000000e+00	0.000000e+00
1	4.298255e-01	1.586993e-01	0.000000e+00	0.000000e+00	0.000000e+00	0.000000e+00	0.000000e+00
2	4.298255e-01	1.586993e-01	0.000000e+00	0.000000e+00	0.000000e+00	0.000000e+00	0.000000e+00
3	4.379504e-01	1.657907e-01	0.000000e+00	0.000000e+00	0.000000e+00	0.000000e+00	0.000000e+00
4	4.300459e-01	1.590402e-01	0.000000e+00	0.000000e+00	0.000000e+00	0.000000e+00	0.000000e+00
5	4.318090e-01	1.601101e-01	0.000000e+00	0.000000e+00	0.000000e+00	0.000000e+00	0.000000e+00
6	4.233927e-01	1.535159e-01	0.000000e+00	0.000000e+00	0.000000e+00	0.000000e+00	0.000000e+00
7	4.242533e-01	1.541585e-01	0.000000e+00	0.000000e+00	0.000000e+00	0.000000e+00	0.000000e+00
8	4.195409e-01	1.501791e-01	0.000000e+00	0.000000e+00	0.000000e+00	0.000000e+00	0.000000e+00
9	4.289146e-01	1.579559e-01	0.000000e+00	0.000000e+00	0.000000e+00	0.000000e+00	0.000000e+00
10	4.309226e-01	1.595454e-01	0.000000e+00	0.000000e+00	0.000000e+00	0.000000e+00	0.000000e+00
11	4.247050e-01	1.546935e-01	0.000000e+00	0.000000e+00	0.000000e+00	0.000000e+00	0.000000e+00
12	4.350819e-01	1.633421e-01	0.000000e+00	0.000000e+00	0.000000e+00	0.000000e+00	0.000000e+00
13	4.365879e-01	1.646971e-01	0.000000e+00	0.000000e+00	0.000000e+00	0.000000e+00	0.000000e+00
14	4.246093e-01	1.544604e-01	6.602402e-35	9.553703e-35	-4.719765e-69	3.265204e-35	-5.941093e-69
15	4.343468e-01	1.628907e-01	2.817797e-06	7.022721e-07	7.739072e-13	1.314655e-07	-6.140148e-13
16	4.384206e-01	1.663519e-01	0.000000e+00	0.000000e+00	0.000000e+00	0.000000e+00	0.000000e+00
17	4.355122e-01	1.640348e-01	0.000000e+00	0.000000e+00	0.000000e+00	0.000000e+00	0.000000e+00
18	4.286995e-01	1.579890e-01	0.000000e+00	0.000000e+00	0.000000e+00	0.000000e+00	0.000000e+00
19	4.238017e-01	1.535984e-01	0.000000e+00	0.000000e+00	0.000000e+00	0.000000e+00	0.000000e+00
20	4.403170e-01	1.677774e-01	0.000000e+00	0.000000e+00	0.000000e+00	0.000000e+00	0.000000e+00
21	4.375390e-01	1.653824e-01	0.000000e+00	0.000000e+00	0.000000e+00	0.000000e+00	0.000000e+00
22	4.257554e-01	1.555563e-01	0.000000e+00	0.000000e+00	0.000000e+00	0.000000e+00	0.000000e+00
23	4.413210e-01	1.690804e-01	0.000000e+00	0.000000e+00	0.000000e+00	0.000000e+00	0.000000e+00
24	4.302772e-01	1.594838e-01	0.000000e+00	0.000000e+00	0.000000e+00	0.000000e+00	0.000000e+00
25	4.312874e-01	1.597721e-01	0.000000e+00	0.000000e+00	0.000000e+00	0.000000e+00	0.000000e+00
26	4.475140e-01	1.743311e-01	0.000000e+00	0.000000e+00	0.000000e+00	0.000000e+00	0.000000e+00
27	4.408009e-01	1.682516e-01	0.000000e+00	0.000000e+00	0.000000e+00	0.000000e+00	0.000000e+00
28	4.330740e-01	1.614586e-01	0.000000e+00	0.000000e+00	0.000000e+00	0.000000e+00	0.000000e+00
29	4.337190e-01	1.624767e-01	0.000000e+00	0.000000e+00	0.000000e+00	0.000000e+00	0.000000e+00
30	4.353688e-01	1.635745e-01	0.000000e+00	0.000000e+00	0.000000e+00	0.000000e+00	0.000000e+00
31	4.238947e-01	1.536244e-01	0.000000e+00	0.000000e+00	0.000000e+00	0.000000e+00	0.000000e+00
32	4.326437e-01	1.613209e-01	0.000000e+00	0.000000e+00	0.000000e+00	0.000000e+00	0.000000e+00
33	4.352254e-01	1.634040e-01	0.000000e+00	0.000000e+00	0.000000e+00	0.000000e+00	0.000000e+00
34	4.475140e-01	1.744327e-01	0.000000e+00	0.000000e+00	0.000000e+00	0.000000e+00	0.000000e+00
35	4.375363e-01	1.655056e-01	6.492932e-35	9.506181e-35	-4.656706e-69	3.792647e-35	-5.838886e-69
36	4.314246e-01	1.599174e-01	0.000000e+00	0.000000e+00	0.000000e+00	0.000000e+00	0.000000e+00
37	4.528191e-01	1.789928e-01	0.000000e+00	0.000000e+00	0.000000e+00	0.000000e+00	0.000000e+00
38	4.353688e-01	1.639938e-01	0.000000e+00	0.000000e+00	0.000000e+00	0.000000e+00	0.000000e+00
39	4.261524e-01	1.560698e-01	0.000000e+00	0.000000e+00	0.000000e+00	0.000000e+00	0.000000e+00
40	4.251252e-01	1.549341e-01	0.000000e+00	0.000000e+00	0.000000e+00	0.000000e+00	0.000000e+00
41	4.355590e-01	1.631666e-01	0.000000e+00	0.000000e+00	0.000000e+00	0.000000e+00	0.000000e+00
42	4.356290e-01	1.637569e-01	0.000000e+00	0.000000e+00	0.000000e+00	0.000000e+00	0.000000e+00
43	4.327485e-01	1.619103e-01	6.349148e-35	9.443059e-35	-4.574273e-69	3.368260e-35	-5.704302e-69
44	4.088816e-01	1.417186e-01	0.000000e+00	0.000000e+00	0.000000e+00	0.000000e+00	0.000000e+00
45	3.972504e-01	1.323038e-01	6.349148e-35	9.443059e-35	-4.574273e-69	2.932383e-35	-5.704302e-69
46	4.088816e-01	1.417186e-01	0.000000e+00	0.000000e+00	0.000000e+00	0.000000e+00	0.000000e+00
47	4.327485e-01	1.619103e-01	6.349148e-35	9.443059e-35	-4.574273e-69	3.105261e-35	-5.704302e-69
48	4.356290e-01	1.637569e-01	0.000000e+00	0.000000e+00	0.000000e+00	0.000000e+00	0.000000e+00
49	4.381578e-01	1.654649e-01	1.337949e-05	9.773584e-06	1.117636e-10	3.973814e-06	1.397052e-16
50	4.251252e-01	1.549341e-01	0.000000e+00	0.000000e+00	0.000000e+00	0.000000e+00	0.000000e+00
51	4.261524e-01	1.560698e-01	0.000000e+00	0.000000e+00	0.000000e+00	0.000000e+00	0.000000e+00
52	4.353688e-01	1.639938e-01	0.000000e+00	0.000000e+00	0.000000e+00	0.000000e+00	0.000000e+00
53	4.528191e-01	1.789928e-01	0.000000e+00	0.000000e+00	0.000000e+00	0.000000e+00	0.000000e+00
54	4.314246e-01	1.599174e-01	0.000000e+00	0.000000e+00	0.000000e+00	0.000000e+00	0.000000e+00
55	4.375363e-01	1.655056e-01	6.349148e-35	9.443059e-35	-4.574273e-69	2.381257e-35	-5.704302e-69
56	4.475140e-01	1.744327e-01	0.000000e+00	0.000000e+00	0.000000e+00	0.000000e+00	0.000000e+00
57	4.352254e-01	1.634040e-01	0.000000e+00	0.000000e+00	0.000000e+00	0.000000e+00	0.000000e+00
58	4.326437e-01	1.613209e-01	0.000000e+00	0.000000e+00	0.000000e+00	0.000000e+00	0.000000e+00
59	4.238947e-01	1.536244e-01	0.000000e+00	0.000000e+00	0.000000e+00	0.000000e+00	0.000000e+00
60	4.353688e-01	1.635745e-01	0.000000e+00	0.000000e+00	0.000000e+00	0.000000e+00	0.000000e+00
61	4.337190e-01	1.624767e-01	0.000000e+00	0.000000e+00	0.000000e+00	0.000000e+00	0.000000e+00
62	4.330740e-01	1.614586e-01	0.000000e+00	0.000000e+00	0.000000e+00	0.000000e+00	0.000000e+00
63	4.408009e-01	1.682516e-01	0.000000e+00	0.000000e+00	0.000000e+00	0.000000e+00	0.000000e+00
64	4.475140e-01	1.743311e-01	0.000000e+00	0.000000e+00	0.000000e+00	0.000000e+00	0.000000e+00
65	4.312874e-01	1.597721e-01	0.000000e+00	0.000000e+00	0.000000e+00	0.000000e+00	0.000000e+00
66	4.302772e-01	1.594838e-01	0.000000e+00	0.000000e+00	0.000000e+00	0.000000e+00	0.000000e+00
67	4.413210e-01	1.690804e-01	0.000000e+00	0.000000e+00	0.000000e+00	0.000000e+00	0.000000e+00
68	4.257554e-01	1.555563e-01	0.000000e+00	0.000000e+00	0.000000e+00	0.000000e+00	0.000000e+00
69	4.375390e-01	1.653824e-01	0.000000e+00	0.000000e+00	0.000000e+00	0.000000e+00	0.000000e+00
70	4.403170e-01	1.677774e-01	0.000000e+00	0.000000e+00	0.000000e+00	0.000000e+00	0.000000e+00
71	4.238017e-01	1.535984e-01	0.000000e+00	0.000000e+00	0.000000e+00	0.000000e+00	0.000000e+00
72	4.286995e-01	1.579890e-01	0.000000e+00	0.000000e+00	0.000000e+00	0.000000e+00	0.000000e+00
73	4.355122e-01	1.640348e-01	0.000000e+00	0.000000e+00	0.000000e+00	0.000000e+00	0.000000e+00
74	4.384206e-01	1.663519e-01	0.000000e+00	0.000000e+00	0.000000e+00	0.000000e+00	0.000000e+00
75	4.343468e-01	1.628907e-01	2.817797e-06	7.022721e-07	7.739072e-13	1.314655e-07	6.140148e-13
76	4.246093e-01	1.544604e-01	6.349148e-35	9.443059e-35	-4.574273e-69	-1.760274e-36	-5.704302e-69
77	4.365879e-01	1.646971e-01	0.000000e+00	0.000000e+00	0.000000e+00	0.000000e+00	0.000000e+00
78	4.350819e-01	1.633421e-01	0.000000e+00	0.000000e+00	0.000000e+00	0.000000e+00	0.000000e+00
79	4.247050e-01	1.546935e-01	0.000000e+00	0.000000e+00	0.000000e+00	0.000000e+00	0.000000e+00
80	4.309226e-01	1.595454e-01	0.000000e+00	0.000000e+00	0.000000e+00	0.000000e+00	0.000000e+00
81	4.289146e-01	1.579559e-01	0.000000e+00	0.000000e+00	0.000000e+00	0.000000e+00	0.000000e+00
82	4.195409e-01	1.501791e-01	0.000000e+00	0.000000e+00	0.000000e+00	0.000000e+00	0.000000e+00
83	4.242533e-01	1.541585e-01	0.000000e+00	0.000000e+00	0.000000e+00	0.000000e+00	0.000000e+00
84	4.233927e-01	1.535159e-01	0.000000e+00	0.000000e+00	0.000000e+00	0.000000e+00	0.000000e+00
85	4.318090e-01	1.601101e-01	0.000000e+00	0.000000e+00	0.000000e+00	0.000000e+00	0.000000e+00
86	4.300459e-01	1.590402e-01	0.000000e+00	0.000000e+00	0.000000e+00	0.000000e+00	0.000000e+00
87	4.379504e-01	1.657907e-01	0.000000e+00	0.000000e+00	0.000000e+00	0.000000e+00	0.000000e+00
88	4.298255e-01	1.586993e-01	0.000000e+00	0.000000e+00	0.000000e+00	0.000000e+00	0.000000e+00
89	4.298255e-01	1.586993e-01	0.000000e+00	0.000000e+00	0.000000e+00	0.000000e+00	0.000000e+00
90	4.840044e-01	2.094578e-01	0.000000e+00	0.000000e+00	0.000000e+00	0.000000e+00	0.000000e+00
91	4.298255e-01	1.586993e-01	0.000000e+00	0.000000e+00	0.000000e+00	0.000000e+00	0.000000e+00
92	4.298255e-01	1.586993e-01	0.000000e+00	0.000000e+00	0.000000e+00	0.000000e+00	0.000000e+00
93	4.379504e-01	1.657907e-01	0.000000e+00	0.000000e+00	0.000000e+00	0.000000e+00	0.000000e+00
94	4.300459e-01	1.590402e-01	0.000000e+00	0.000000e+00	0.000000e+00	0.000000e+00	0.000000e+00
95	4.318090e-01	1.601101e-01	0.000000e+00	0.000000e+00	0.000000e+00	0.000000e+00	0.000000e+00
96	4.233927e-01	1.535159e-01	0.000000e+00	0.000000e+00	0.000000e+00	0.000000e+00	0.000000e+00
97	4.242533e-01	1.541585e-01	0.000000e+00	0.000000e+00	0.000000e+00	0.000000e+00	0.000000e+00
98	4.195409e-01	1.501791e-01	0.000000e+00	0.000000e+00	0.000000e+00	0.000000e+00	0.000000e+00
99	4.289146e-01	1.579559e-01	0.000000e+00	0.000000e+00	0.000000e+00	0.000000e+00	0.000000e+00
100	4.309226e-01	1.595454e-01	0.000000e+00	0.000000e+00	0.000000e+00	0.000000e+00	0.000000e+00
101	4.247050e-01	1.546935e-01	0.000000e+00	0.000000e+00	0.000000e+00	0.000000e+00	0.000000e+00
102	4.350819e-01	1.633421e-01	0.000000e+00	0.000000e+00	0.000000e+00	0.000000e+00	0.000000e+00
103	4.365879e-01	1.646971e-01	0.000000e+00	0.000000e+00	0.000000e+00	0.000000e+00	0.000000e+00
104	4.246093e-01	1.544604e-01	6.349148e-35	9.443059e-35	-4.574273e-69	-3.215384e-35	-5.704302e-69
105	4.343468e-01	1.628907e-01	2.817797e-06	7.022721e-07	7.739072e-13	1.314655e-07	-6.140148e-13
106	4.384206e-01	1.663519e-01	0.000000e+00	0.000000e+00	0.000000e+00	0.000000e+00	0.000000e+00
107	4.355122e-01	1.640348e-01	0.000000e+00	0.000000e+00	0.000000e+00	0.000000e+00	0.000000e+00
108	4.286995e-01	1.579890e-01	0.000000e+00	0.000000e+00	0.000000e+00	0.000000e+00	0.000000e+00
109	4.238017e-01	1.535984e-01	0.000000e+00	0.000000e+00	0.000000e+00	0.000000e+00	0.000000e+00
110	4.403170e-01	1.677774e-01	0.000000e+00	0.000000e+00	0.000000e+00	0.000000e+00	0.000000e+00
111	4.375390e-01	1.653824e-01	0.000000e+00	0.000000e+00	0.000000e+00	0.000000e+00	0.000000e+00
112	4.257554e-01	1.555563e-01	0.000000e+00	0.000000e+00	0.000000e+00	0.000000e+00	0.000000e+00
113	4.413210e-01	1.690804e-01	0.000000e+00	0.000000e+00	0.000000e+00	0.000000e+00	0.000000e+00
114	4.302772e-01	1.594838e-01	0.000000e+00	0.000000e+00	0.000000e+00	0.000000e+00	0.000000e+00
115	4.312874e-01	1.597721e-01	0.000000e+00	0.000000e+00	0.000000e+00	0.000000e+00	0.000000e+00
116	4.475140e-01	1.743311e-01	0.000000e+00	0.000000e+00	0.000000e+00	0.000000e+00	0.000000e+00
117	4.408009e-01	1.682516e-01	0.000000e+00	0.000000e+00	0.000000e+00	0.000000e+00	0.000000e+00
118	4.330740e-01	1.614586e-01	0.000000e+00	0.000000e+00	0.000000e+00	0.000000e+00	0.000000e+00
119	4.337190e-01	1.624767e-01	0.000000e+00	0.000000e+00	0.000000e+00	0.000000e+00	0.000000e+00
120	4.353688e-01	1.635745e-01	0.000000e+00	0.000000e+00	0.000000e+00	0.000000e+00	0.000000e+00
121	4.238947e-01	1.536244e-01	0.000000e+00	0.000000e+00	0.000000e+00	0.000000e+00	0.000000e+00
122	4.326437e-01	1.613209e-01	0.000000e+00	0.000000e+00	0.000000e+00	0.000000e+00	0.000000e+00
123	4.352254e-01	1.634040e-01	0.000000e+00	0.000000e+00	0.000000e+00	0.000000e+00	0.000000e+00
124	4.475140e-01	1.744327e-01	0.000000e+00	0.000000e+00	0.000000e+00	0.000000e+00	0.000000e+00
125	4.375363e-01	1.655056e-01	6.349148e-35	9.443059e-35	-4.574273e-69	-3.770242e-35	-5.704302e-69
126	4.314246e-01	1.599174e-01	0.000000e+00	0.000000e+00	0.000000e+00	0.000000e+00	0.000000e+00
127	4.528191e-01	1.789928e-01	0.000000e+00	0.000000e+00	0.000000e+00	0.000000e+00	0.000000e+00
128	4.353688e-01	1.639938e-01	0.000000e+00	0.000000e+00	0.000000e+00	0.000000e+00	0.000000e+00
129	4.261524e-01	1.560698e-01	0.000000e+00	0.000000e+00	0.000000e+00	0.000000e+00	0.000000e+00
130	4.251252e-01	1.549341e-01	0.000000e+00	0.000000e+00	0.000000e+00	0.000000e+00	0.000000e+00
131	4.381578e-01	1.654649e-01	1.337949e-05	9.773584e-06	1.117636e-10	3.973814e-06	-1.397052e-16
132	4.356290e-01	1.637569e-01	0.000000e+00	0.000000e+00	0.000000e+00	0.000000e+00	0.000000e+00
133	4.327485e-01	1.619103e-01	6.349148e-35	9.443059e-35	-4.574273e-69	-3.368260e-35	-5.704302e-69
134	4.088816e-01	1.417186e-01	0.000000e+00	0.000000e+00	0.000000e+00	0.000000e+00	0.000000e+00
135	3.972504e-01	1.323038e-01	6.349148e-35	9.443059e-35	-4.574273e-69	-2.932383e-35	-5.704302e-69
136	4.088816e-01	1.417186e-01	0.000000e+00	0.000000e+00	0.000000e+00	-0.000000e+00	0.000000e+00
137	4.327485e-01	1.619103e-01	6.349148e-35	9.443059e-35	-4.574273e-69	-3.105261e-35	-5.704302e-69
138	4.356290e-01	1.637569e-01	0.000000e+00	0.000000e+00	0.000000e+00	-0.000000e+00	0.000000e+00
139	4.381578e-01	1.654649e-01	1.337949e-05	9.773584e-06	1.117636e-10	3.973814e-06	1.397052e-16
140	4.251252e-01	1.549341e-01	0.000000e+00	0.000000e+00	0.000000e+00	-0.000000e+00	0.000000e+00
141	4.261524e-01	1.560698e-01	0.000000e+00	0.000000e+00	0.000000e+00	-0.000000e+00	0.000000e+00
142	4.353688e-01	1.639938e-01	0.000000e+00	0.000000e+00	0.000000e+00	-0.000000e+00	0.000000e+00
143	4.528191e-01	1.789928e-01	0.000000e+00	0.000000e+00	0.000000e+00	-0.000000e+00	0.000000e+00
144	4.314246e-01	1.599174e-01	0.000000e+00	0.000000e+00	0.000000e+00	-0.000000e+00	0.000000e+00
145	4.375363e-01	1.655056e-01	6.492932e-35	9.506181e-35	-4.656706e-69	-2.385832e-35	-5.838886e-69
146	4.475140e-01	1.744327e-01	0.000000e+00	0.000000e+00	0.000000e+00	-0.000000e+00	0.000000e+00
147	4.352254e-01	1.634040e-01	0.000000e+00	0.000000e+00	0.000000e+00	-0.000000e+00	0.000000e+00
148	4.326437e-01	1.613209e-01	0.000000e+00	0.000000e+00	0.000000e+00	-0.000000e+00	0.000000e+00
149	4.238947e-01	1.536244e-01	0.000000e+00	0.000000e+00	0.000000e+00	-0.000000e+00	0.000000e+00
150	4.353688e-01	1.635745e-01	0.000000e+00	0.000000e+00	0.000000e+00	-0.000000e+00	0.000000e+00
151	4.337190e-01	1.624767e-01	0.000000e+00	0.000000e+00	0.000000e+00	-0.000000e+00	0.000000e+00
152	4.330740e-01	1.614586e-01	0.000000e+00	0.000000e+00	0.000000e+00	-0.000000e+00	0.000000e+00
153	4.408009e-01	1.682516e-01	0.000000e+00	0.000000e+00	0.000000e+00	-0.000000e+00	0.000000e+00
154	4.475140e-01	1.743311e-01	0.000000e+00	0.000000e+00	0.000000e+00	-0.000000e+00	0.000000e+00
155	4.312874e-01	1.597721e-01	0.000000e+00	0.000000e+00	0.000000e+00	-0.000000e+00	0.000000e+00
156	4.302772e-01	1.594838e-01	0.000000e+00	0.000000e+00	0.000000e+00	-0.000000e+00	0.000000e+00
157	4.413210e-01	1.690804e-01	0.000000e+00	0.000000e+00	0.000000e+00	-0.000000e+00	0.000000e+00
158	4.257554e-01	1.555563e-01	0.000000e+00	0.000000e+00	0.000000e+00	-0.000000e+00	0.000000e+00
159	4.375390e-01	1.653824e-01	0.000000e+00	0.000000e+00	0.000000e+00	-0.000000e+00	0.000000e+00
160	4.403170e-01	1.677774e-01	0.000000e+00	0.000000e+00	0.000000e+00	-0.000000e+00	0.000000e+00
161	4.238017e-01	1.535984e-01	0.000000e+00	0.000000e+00	0.000000e+00	-0.000000e+00	0.000000e+00
162	4.286995e-01	1.579890e-01	0.000000e+00	0.000000e+00	0.000000e+00	-0.000000e+00	0.000000e+00
163	4.355122e-01	1.640348e-01	0.000000e+00	0.000000e+00	0.000000e+00	-0.000000e+00	0.000000e+00
164	4.384206e-01	1.663519e-01	0.000000e+00	0.000000e+00	0.000000e+00	-0.000000e+00	0.000000e+00
165	4.343468e-01	1.628907e-01	2.817797e-06	7.022721e-07	7.739072e-13	1.314655e-07	6.140148e-13
166	4.246093e-01	1.544604e-01	6.602402e-35	9.553703e-35	-4.719765e-69	2.025195e-36	-5.941093e-69
167	4.365879e-01	1.646971e-01	0.000000e+00	0.000000e+00	0.000000e+00	-0.000000e+00	0.000000e+00
168	4.350819e-01	1.633421e-01	0.000000e+00	0.000000e+00	0.000000e+00	-0.000000e+00	0.000000e+00
169	4.247050e-01	1.546935e-01	0.000000e+00	0.000000e+00	0.000000e+00	-0.000000e+00	0.000000e+00
170	4.309226e-01	1.595454e-01	0.000000e+00	0.000000e+00	0.000000e+00	-0.000000e+00	0.000000e+00
171	4.289146e-01	1.579559e-01	0.000000e+00	0.000000e+00	0.000000e+00	-0.000000e+00	0.000000e+00
172	4.195409e-01	1.501791e-01	0.000000e+00	0.000000e+00	0.000000e+00	-0.000000e+00	0.000000e+00
173	4.242533e-01	1.541585e-01	0.000000e+00	0.000000e+00	0.000000e+00	-0.000000e+00	0.000000e+00
174	4.233927e-01	1.535159e-01	0.000000e+00	0.000000e+00	0.000000e+00	-0.000000e+00	0.000000e+00
175	4.318090e-01	1.601101e-01	0.000000e+00	0.000000e+00	0.000000e+00	-0.000000e+00	0.000000e+00
176	4.300459e-01	1.590402e-01	0.000000e+00	0.000000e+00	0.000000e+00	-0.000000e+00	0.000000e+00
177	4.379504e-01	1.657907e-01	0.000000e+00	0.000000e+00	0.000000e+00	-0.000000e+00	0.000000e+00
178	4.298255e-01	1.586993e-01	0.000000e+00	0.000000e+00	0.000000e+00	-0.000000e+00	0.000000e+00
179	4.298255e-01	1.586993e-01	0.000000e+00	0.000000e+00	0.000000e+00	-0.000000e+00	0.000000e+00
180	4.840044e-01	2.094578e-01	0.000000e+00	0.000000e+00	0.000000e+00	0.000000e+00	0.000000e+00
181	4.298255e-01	1.586993e-01	0.000000e+00	0.000000e+00	0.000000e+00	0.000000e+00	0.000000e+00
182	4.298255e-01	1.586993e-01	0.000000e+00	0.000000e+00	0.000000e+00	0.000000e+00	0.000000e+00
183	4.379504e-01	1.657907e-01	0.000000e+00	0.000000e+00	0.000000e+00	0.000000e+00	0.000000e+00
184	4.300459e-01	1.590402e-01	0.000000e+00	0.000000e+00	0.000000e+00	0.000000e+00	0.000000e+00
185	4.318090e-01	1.601101e-01	0.000000e+00	0.000000e+00	0.000000e+00	0.000000e+00	0.000000e+00
186	4.233927e-01	1.535159e-01	0.000000e+00	0.000000e+00	0.000000e+00	0.000000e+00	0.000000e+00
187	4.242533e-01	1.541585e-01	0.000000e+00	0.000000e+00	0.000000e+00	0.000000e+00	0.000000e+00
188	4.195409e-01	1.501791e-01	0.000000e+00	0.000000e+00	0.000000e+00	0.000000e+00	0.000000e+00
189	4.289146e-01	1.579559e-01	0.000000e+00	0.000000e+00	0.000000e+00	0.000000e+00	0.000000e+00
190	4.309226e-01	1.595454e-01	0.000000e+00	0.000000e+00	0.000000e+00	0.000000e+00	0.000000e+00
191	4.247050e-01	1.546935e-01	0.000000e+00	0.000000e+00	0.000000e+00	0.000000e+00	0.000000e+00
192	4.350819e-01	1.633421e-01	0.000000e+00	0.000000e+00	0.000000e+00	0.000000e+00	0.000000e+00
193	4.365879e-01	1.646971e-01	0.000000e+00	0.000000e+00	0.000000e+00	0.000000e+00	0.000000e+00
194	4.246093e-01	1.544604e-01	6.602402e-35	9.553703e-35	-4.719765e-69	3.265204e-35	-5.941093e-69
195	4.343468e-01	1.628907e-01	2.817797e-06	7.022721e-07	7.739072e-13	1.314655e-07	-6.140148e-13
196	4.384206e-01	1.663519e-01	0.000000e+00	0.000000e+00	0.000000e+00	0.000000e+00	0.000000e+00
197	4.355122e-01	1.640348e-01	0.000000e+00	0.000000e+00	0.000000e+00	0.000000e+00	0.000000e+00
198	4.286995e-01	1.579890e-01	0.000000e+00	0.000000e+00	0.000000e+00	0.000000e+00	0.000000e+00
199	4.238017e-01	1.535984e-01	0.000000e+00	0.000000e+00	0.000000e+00	0.000000e+00	0.000000e+00
200	4.403170e-01	1.677774e-01	0.000000e+00	0.000000e+00	0.000000e+00	0.000000e+00	0.000000e+00
201	4.375390e-01	1.653824e-01	0.000000e+00	0.000000e+00	0.000000e+00	0.000000e+00	0.000000e+00
202	4.257554e-01	1.555563e-01	0.000000e+00	0.000000e+00	0.000000e+00	0.000000e+00	0.000000e+00
203	4.413210e-01	1.690804e-01	0.000000e+00	0.000000e+00	0.000000e+00	0.000000e+00	0.000000e+00
204	4.302772e-01	1.594838e-01	0.000000e+00	0.000000e+00	0.000000e+00	0.000000e+00	0.000000e+00
205	4.312874e-01	1.597721e-01	0.000000e+00	0.000000e+00	0.000000e+00	0.000000e+00	0.000000e+00
206	4.475140e-01	1.743311e-01	0.000000e+00	0.000000e+00	0.000000e+00	0.000000e+00	0.000000e+00
207	4.408009e-01	1.682516e-01	0.000000e+00	0.000000e+00	0.000000e+00	0.000000e+00	0.000000e+00
208	4.330740e-01	1.614586e-01	0.000000e+00	0.000000e+00	0.000000e+00	0.000000e+00	0.000000e+00
209	4.337190e-01	1.624767e-01	0.000000e+00	0.000000e+00	0.000000e+00	0.000000e+00	0.000000e+00
210	4.353688e-01	1.635745e-01	0.000000e+00	0.000000e+00	0.000000e+00	0.000000e+00	0.000000e+00
211	4.238947e-01	1.536244e-01	0.000000e+00	0.000000e+00	0.000000e+00	0.000000e+00	0.000000e+00
212	4.326437e-01	1.613209e-01	0.000000e+00	0.000000e+00	0.000000e+00	0.000000e+00	0.000000e+00
213	4.352254e-01	1.634040e-01	0.000000e+00	0.000000e+00	0.000000e+00	0.000000e+00	0.000000e+00
214	4.475140e-01	1.744327e-01	0.000000e+00	0.000000e+00	0.000000e+00	0.000000e+00	0.000000e+00
215	4.375363e-01	1.655056e-01	6.492932e-35	9.506181e-35	-4.656706e-69	3.792647e-35	-5.838886e-69
216	4.314246e-01	1.599174e-01	0.000000e+00	0.000000e+00	0.000000e+00	0.000000e+00	0.000000e+00
217	4.528191e-01	1.789928e-01	0.000000e+00	0.000000e+00	0.000000e+00	0.000000e+00	0.000000e+00
218	4.353688e-01	1.639938e-01	0.000000e+00	0.000000e+00	0.000000e+00	0.000000e+00	0.000000e+00
219	4.261524e-01	1.560698e-01	0.000000e+00	0.000000e+00	0.000000e+00	0.000000e+00	0.000000e+00
220	4.251252e-01	1.549341e-01	0.000000e+00	0.000000e+00	0.000000e+00	0.000000e+00	0.000000e+00
221	4.381578e-01	1.654649e-01	1.337949e-05	9.773584e-06	1.117636e-10	3.973814e-06	-1.397052e-16
222	4.356290e-01	1.637569e-01	0.000000e+00	0.000000e+00	0.000000e+00	0.000000e+00	0.000000e+00
223	4.327485e-01	1.619103e-01	6.349148e-35	9.443059e-35	-4.574273e-69	3.368260e-35	-5.704302e-69
224	4.088816e-01	1.417186e-01	0.000000e+00	0.000000e+00	0.000000e+00	0.000000e+00	0.000000e+00
225	3.972504e-01	1.323038e-01	6.349148e-35	9.443059e-35	-4.574273e-69	2.932383e-35	-5.704302e-69
226	4.088816e-01	1.417186e-01	0.000000e+00	0.000000e+00	0.000000e+00	0.000000e+00	0.000000e+00
227	4.327485e-01	1.619103e-01	6.349148e-35	9.443059e-35	-4.574273e-69	3.105261e-35	-5.704302e-69
228	4.356290e-01	1.637569e-01	0.000000e+00	0.000000e+00	0.000000e+00	0.000000e+00	0.000000e+00
229	4.381578e-01	1.654649e-01	1.337949e-05	9.773584e-06	1.117636e-10	3.973814e-06	1.397052e-16
230	4.251252e-01	1.549341e-01	0.000000e+00	0.000000e+00	0.000000e+00	0.000000e+00	0.000000e+00
231	4.261524e-01	1.560698e-01	0.000000e+00	0.000000e+00	0.000000e+00	0.000000e+00	0.000000e+00
232	4.353688e-01	1.639938e-01	0.000000e+00	0.000000e+00	0.000000e+00	0.000000e+00	0.000000e+00
233	4.528191e-01	1.789928e-01	0.000000e+00	0.000000e+00	0.000000e+00	0.000000e+00	0.000000e+00
234	4.314246e-01	1.599174e-01	0.000000e+00	0.000000e+00	0.000000e+00	0.000000e+00	0.000000e+00
235	4.375363e-01	1.655056e-01	6.349148e-35	9.443059e-35	-4.574273e-69	2.381257e-35	-5.704302e-69
236	4.475140e-01	1.744327e-01	0.000000e+00	0.000000e+00	0.000000e+00	0.000000e+00	0.000000e+00
237	4.352254e-01	1.634040e-01	0.000000e+00	0.000000e+00	0.000000e+00	0.000000e+00	0.000000e+00
238	4.326437e-01	1.613209e-01	0.000000e+00	0.000000e+00	0.000000e+00	0.000000e+00	0.000000e+00
239	4.238947e-01	1.536244e-01	0.000000e+00	0.000000e+00	0.000000e+00	0.000000e+00	0.000000e+00
240	4.353688e-01	1.635745e-01	0.000000e+00	0.000000e+00	0.000000e+00	0.000000e+00	0.000000e+00
241	4.337190e-01	1.624767e-01	0.000000e+00	0.000000e+00	0.000000e+00	0.000000e+00	0.000000e+00
242	4.330740e-01	1.614586e-01	0.000000e+00	0.000000e+00	0.000000e+00	0.000000e+00	0.000000e+00
243	4.408009e-01	1.682516e-01	0.000000e+00	0.000000e+00	0.000000e+00	0.000000e+00	0.000000e+00
244	4.475140e-01	1.743311e-01	0.000000e+00	0.000000e+00	0.000000e+00	0.000000e+00	0.000000e+00
245	4.312874e-01	1.597721e-01	0.000000e+00	0.000000e+00	0.000000e+00	0.000000e+00	0.000000e+00
246	4.302772e-01	1.594838e-01	0.000000e+00	0.000000e+00	0.000000e+00	0.000000e+00	0.000000e+00
247	4.413210e-01	1.690804e-01	0.000000e+00	0.000000e+00	0.000000e+00	0.000000e+00	0.000000e+00
248	4.257554e-01	1.555563e-01	0.000000e+00	0.000000e+00	0.000000e+00	0.000000e+00	0.000000e+00
249	4.375390e-01	1.653824e-01	0.000000e+00	0.000000e+00	0.000000e+00	0.000000e+00	0.000000e+00
250	4.403170e-01	1.677774e-01	0.000000e+00	0.000000e+00	0.000000e+00	0.000000e+00	0.000000e+00
251	4.238017e-01	1.535984e-01	0.000000e+00	0.000000e+00	0.000000e+00	0.000000e+00	0.000000e+00
252	4.286995e-01	1.579890e-01	0.000000e+00	0.000000e+00	0.000000e+00	0.000000e+00	0.000000e+00
253	4.355122e-01	1.640348e-01	0.000000e+00	0.000000e+00	0.000000e+00	0.000000e+00	0.000000e+00
254	4.384206e-01	1.663519e-01	0.000000e+00	0.000000e+00	0.000000e+00	0.000000e+00	0.000000e+00
255	4.343468e-01	1.628907e-01	2.817797e-06	7.022721e-07	7.739072e-13	1.314655e-07	6.140148e-13
256	4.246093e-01	1.544604e-01	6.349148e-35	9.443059e-35	-4.574273e-69	-1.760274e-36	-5.704302e-69
257	4.365879e-01	1.646971e-01	0.000000e+00	0.000000e+00	0.000000e+00	0.000000e+00	0.000000e+00
258	4.350819e-01	1.633421e-01	0.000000e+00	0.000000e+00	0.000000e+00	0.000000e+00	0.000000e+00
259	4.247050e-01	1.546935e-01	0.000000e+00	0.000000e+00	0.000000e+00	0.000000e+00	0.000000e+00
260	4.309226e-01	1.595454e-01	0.000000e+00	0.000000e+00	0.000000e+00	0.000000e+00	0.000000e+00
261	4.289146e-01	1.579559e-01	0.000000e+00	0.000000e+00	0.000000e+00	0.000000e+00	0.000000e+00
262	4.195409e-01	1.501791e-01	0.000000e+00	0.000000e+00	0.000000e+00	0.000000e+00	0.000000e+00
263	4.242533e-01	1.541585e-01	0.000000e+00	0.000000e+00	0.000000e+00	0.000000e+00	0.000000e+00
264	4.233927e-01	1.535159e-01	0.000000e+00	0.000000e+00	0.000000e+00	0.000000e+00	0.000000e+00
265	4.318090e-01	1.601101e-01	0.000000e+00	0.000000e+00	0.000000e+00	0.000000e+00	0.000000e+00
266	4.300459e-01	1.590402e-01	0.000000e+00	0.000000e+00	0.000000e+00	0.000000e+00	0.000000e+00
267	4.379504e-01	1.657907e-01	0.000000e+00	0.000000e+00	0.000000e+00	0.000000e+00	0.000000e+00
268	4.298255e-01	1.586993e-01	0.000000e+00	0.000000e+00	0.000000e+00	0.000000e+00	0.000000e+00
269	4.298255e-01	1.586993e-01	0.000000e+00	0.000000e+00	0.000000e+00	0.000000e+00	0.000000e+00
270	4.840044e-01	2.094578e-01	0.000000e+00	0.000000e+00	0.000000e+00	0.000000e+00	0.000000e+00
271	4.298255e-01	1.586993e-01	0.000000e+00	0.000000e+00	0.000000e+00	0.000000e+00	0.000000e+00
272	4.298255e-01	1.586993e-01	0.000000e+00	0.000000e+00	0.000000e+00	0.000000e+00	0.000000e+00
273	4.379504e-01	1.657907e-01	0.000000e+00	0.000000e+00	0.000000e+00	0.000000e+00	0.000000e+00
274	4.300459e-01	1.590402e-01	0.000000e+00	0.000000e+00	0.000000e+00	0.000000e+00	0.000000e+00
275	4.318090e-01	1.601101e-01	0.000000e+00	0.000000e+00	0.000000e+00	0.000000e+00	0.000000e+00
276	4.233927e-01	1.535159e-01	0.000000e+00	0.000000e+00	0.000000e+00	0.000000e+00	0.000000e+00
277	4.242533e-01	1.541585e-01	0.000000e+00	0.000000e+00	0.000000e+00	0.000000e+00	0.000000e+00
278	4.195409e-01	1.501791e-01	0.000000e+00	0.000000e+00	0.000000e+00	0.000000e+00	0.000000e+00
279	4.289146e-01	1.579559e-01	0.000000e+00	0.000000e+00	0.000000e+00	0.000000e+00	0.000000e+00
280	4.309226e-01	1.595454e-01	0.000000e+00	0.000000e+00	0.000000e+00	0.000000e+00	0.000000e+00
281	4.247050e-01	1.546935e-01	0.000000e+00	0.000000e+00	0.000000e+00	0.000000e+00	0.000000e+00
282	4.350819e-01	1.633421e-01	0.000000e+00	0.000000e+00	0.000000e+00	0.000000e+00	0.000000e+00
283	4.365879e-01	1.646971e-01	0.000000e+00	0.000000e+00	0.000000e+00	0.000000e+00	0.000000e+00
284	4.246093e-01	1.544604e-01	6.349148e-35	9.443059e-35	-4.574273e-69	-3.215384e-35	-5.704302e-69
285	4.343468e-01	1.628907e-01	2.817797e-06	7.022721e-07	7.739072e-13	1.314655e-07	-6.140148e-13
286	4.384206e-01	1.663519e-01	0.000000e+00	0.000000e+00	0.000000e+00	0.000000e+00	0.000000e+00
287	4.355122e-01	1.640348e-01	0.000000e+00	0.000000e+00	0.000000e+00	0.000000e+00	0.000000e+00
288	4.286995e-01	1.579890e-01	0.000000e+00	0.000000e+00	0.000000e+00	0.000000e+00	0.000000e+00
289	4.238017e-01	1.535984e-01	0.000000e+00	0.000000e+00	0.000000e+00	0.000000e+00	0.000000e+00
290	4.403170e-01	1.677774e-01	0.000000e+00	0.000000e+00	0.000000e+00	0.000000e+00	0.000000e+00
291	4.375390e-01	1.653824e-01	0.000000e+00	0.000000e+00	0.000000e+00	0.000000e+00	0.000000e+00
292	4.257554e-01	1.555563e-01	0.000000e+00	0.000000e+00	0.000000e+00	0.000000e+00	0.000000e+00
293	4.413210e-01	1.690804e-01	0.000000e+00	0.000000e+00	0.000000e+00	0.000000e+00	0.000000e+00
294	4.302772e-01	1.594838e-01	0.000000e+00	0.000000e+00	0.000000e+00	0.000000e+00	0.000000e+00
295	4.312874e-01	1.597721e-01	0.000000e+00	0.000000e+00	0.000000e+00	0.000000e+00	0.000000e+00
296	4.475140e-01	1.743311e-01	0.000000e+00	0.000000e+00	0.000000e+00	0.000000e+00	0.000000e+00
297	4.408009e-01	1.682516e-01	0.000000e+00	0.000000e+00	0.000000e+00	0.000000e+00	0.000000e+00
298	4.330740e-01	1.614586e-01	0.000000e+00	0.000000e+00	0.000000e+00	0.000000e+00	0.000000e+00
299	4.337190e-01	1.624767e-01	0.000000e+00	0.000000e+00	0.000000e+00	0.000000e+00	0.000000e+00
300	4.353688e-01	1.635745e-01	0.000000e+00	0.000000e+00	0.000000e+00	0.000000e+00	0.000000e+00
301	4.238947e-01	1.536244e-01	0.000000e+00	0.000000e+00	0.000000e+00	0.000000e+00	0.000000e+00
302	4.326437e-01	1.613209e-01	0.000000e+00	0.000000e+00	0.000000e+00	0.000000e+00	0.000000e+00
303	4.352254e-01	1.634040e-01	0.000000e+00	0.000000e+00	0.000000e+00	0.000000e+00	0.000000e+00
304	4.475140e-01	1.744327e-01	0.000000e+00	0.000000e+00	0.000000e+00	0.000000e+00	0.000000e+00
305	4.375363e-01	1.655056e-01	6.349148e-35	9.443059e-35	-4.574273e-69	-3.770242e-35	-5.704302e-69
306	4.314246e-01	1.599174e-01	0.000000e+00	0.000000e+00	0.000000e+00	0.000000e+00	0.000000e+00
307	4.528191e-01	1.789928e-01	0.000000e+00	0.000000e+00	0.000000e+00	0.000000e+00	0.000000e+00
308	4.353688e-01	1.639938e-01	0.000000e+00	0.000000e+00	0.000000e+00	0.000000e+00	0.000000e+00
309	4.261524e-01	1.560698e-01	0.000000e+00	0.000000e+00	0.000000e+00	0.000000e+00	0.000000e+00
310	4.251252e-01	1.549341e-01	0.000000e+00	0.000000e+00	0.000000e+00	0.000000e+00	0.000000e+00
311	4.381578e-01	1.654649e-01	1.337949e-05	9.773584e-06	1.117636e-10	3.973814e-06	-1.397052e-16
312	4.356290e-01	1.637569e-01	0.000000e+00	0.000000e+00	0.000000e+00	0.000000e+00	0.000000e+00
313	4.327485e-01	1.619103e-01	6.349148e-35	9.443059e-35	-4.574273e-69	-3.368260e-35	-5.704302e-69
314	4.088816e-01	1.417186e-01	0.000000e+00	0.000000e+00	0.000000e+00	0.000000e+00	0.000000e+00
315	3.972504e-01	1.323038e-01	6.349148e-35	9.443059e-35	-4.574273e-69	-2.932383e-35	-5.704302e-69
316	4.088816e-01	1.417186e-01	0.000000e+00	0.000000e+00	0.000000e+00	-0.000000e+00	0.000000e+00
317	4.327485e-01	1.619103e-01	6.349148e-35	9.443059e-35	-4.574273e-69	-3.105261e-35	-5.704302e-69
318	4.356290e-01	1.637569e-01	0.000000e+00	0.000000e+00	0.000000e+00	-0.000000e+00	0.000000e+00
319	4.355590e-01	1.631666e-01	0.000000e+00	0.000000e+00	0.000000e+00	-0.000000e+00	0.000000e+00
320	4.251252e-01	1.549341e-01	0.000000e+00	0.000000e+00	0.000000e+00	-0.000000e+00	0.000000e+00
321	4.261524e-01	1.560698e-01	0.000000e+00	0.000000e+00	0.000000e+00	-0.000000e+00	0.000000e+00
322	4.353688e-01	1.639938e-01	0.000000e+00	0.000000e+00	0.000000e+00	-0.000000e+00	0.000000e+00
323	4.528191e-01	1.789928e-01	0.000000e+00	0.000000e+00	0.000000e+00	-0.000000e+00	0.000000e+00
324	4.314246e-01	1.599174e-01	0.000000e+00	0.000000e+00	0.000000e+00	-0.000000e+00	0.000000e+00
325	4.375363e-01	1.655056e-01	6.492932e-35	9.506181e-35	-4.656706e-69	-2.385832e-35	-5.838886e-69
326	4.475140e-01	1.744327e-01	0.000000e+00	0.000000e+00	0.000000e+00	-0.000000e+00	0.000000e+00
327	4.352254e-01	1.634040e-01	0.000000e+00	0.000000e+00	0.000000e+00	-0.000000e+00	0.000000e+00
328	4.326437e-01	1.613209e-01	0.000000e+00	0.000000e+00	0.000000e+00	-0.000000e+00	0.000000e+00
329	4.238947e-01	1.536244e-01	0.000000e+00	0.000000e+00	0.000000e+00	-0.000000e+00	0.000000e+00
330	4.353688e-01	1.635745e-01	0.000000e+00	0.000000e+00	0.000000e+00	-0.000000e+00	0.000000e+00
331	4.337190e-01	1.624767e-01	0.000000e+00	0.000000e+00	0.000000e+00	-0.000000e+00	0.000000e+00
332	4.330740e-01	1.614586e-01	0.000000e+00	0.000000e+00	0.000000e+00	-0.000000e+00	0.000000e+00
333	4.408009e-01	1.682516e-01	0.000000e+00	0.000000e+00	0.000000e+00	-0.000000e+00	0.000000e+00
334	4.475140e-01	1.743311e-01	0.000000e+00	0.000000e+00	0.000000e+00	-0.000000e+00	0.000000e+00
335	4.312874e-01	1.597721e-01	0.000000e+00	0.000000e+00	0.000000e+00	-0.000000e+00	0.000000e+00
336	4.302772e-01	1.594838e-01	0.000000e+00	0.000000e+00	0.000000e+00	-0.000000e+00	0.000000e+00
337	4.413210e-01	1.690804e-01	0.000000e+00	0.000000e+00	0.000000e+00	-0.000000e+00	0.000000e+00
338	4.257554e-01	1.555563e-01	0.000000e+00	0.000000e+00	0.000000e+00	-0.000000e+00	0.000000e+00
339	4.375390e-01	1.653824e-01	0.000000e+00	0.000000e+00	0.000000e+00	-0.000000e+00	0.000000e+00
340	4.403170e-01	1.677774e-01	0.000000e+00	0.000000e+00	0.000000e+00	-0.000000e+00	0.000000e+00
341	4.238017e-01	1.535984e-01	0.000000e+00	0.000000e+00	0.000000e+00	-0.000000e+00	0.000000e+00
342	4.286995e-01	1.579890e-01	0.000000e+00	0.000000e+00	0.000000e+00	-0.000000e+00	0.000000e+00
343	4.355122e-01	1.640348e-01	0.000000e+00	0.000000e+00	0.000000e+00	-0.000000e+00	0.000000e+00
344	4.384206e-01	1.663519e-01	0.000000e+00	0.000000e+00	0.000000e+00	-0.000000e+00	0.000000e+00
345	4.343468e-01	1.628907e-01	2.817797e-06	7.022721e-07	7.739072e-13	1.314655e-07	6.140148e-13
346	4.246093e-01	1.544604e-01	6.602402e-35	9.553703e-35	-4.719765e-69	2.025195e-36	-5.941093e-69
347	4.365879e-01	1.646971e-01	0.000000e+00	0.000000e+00	0.000000e+00	-0.000000e+00	0.000000e+00
348	4.350819e-01	1.633421e-01	0.000000e+00	0.000000e+00	0.000000e+00	-0.000000e+00	0.000000e+00
349	4.247050e-01	1.546935e-01	0.000000e+00	0.000000e+00	0.000000e+00	-0.000000e+00	0.000000e+00
350	4.309226e-01	1.595454e-01	0.000000e+00	0.000000e+00	0.000000e+00	-0.000000e+00	0.000000e+00
351	4.289146e-01	1.579559e-01	0.000000e+00	0.000000e+00	0.000000e+00	-0.000000e+00	0.000000e+00
352	4.195409e-01	1.501791e-01	0.000000e+00	0.000000e+00	0.000000e+00	-0.000000e+00	0.000000e+00
353	4.242533e-01	1.541585e-01	0.000000e+00	0.000000e+00	0.000000e+00	-0.000000e+00	0.000000e+00
354	4.233927e-01	1.535159e-01	0.000000e+00	0.000000e+00	0.000000e+00	-0.000000e+00	0.000000e+00
355	4.318090e-01	1.601101e-01	0.000000e+00	0.000000e+00	0.000000e+00	-0.000000e+00	0.000000e+00
356	4.300459e-01	1.590402e-01	0.000000e+00	0.000000e+00	0.000000e+00	-0.000000e+00	0.000000e+00
357	4.379504e-01	1.657907e-01	0.000000e+00	0.000000e+00	0.000000e+00	-0.000000e+00	0.000000e+00
358	4.298255e-01	1.586993e-01	0.000000e+00	0.000000e+00	0.000000e+00	-0.000000e+00	0.000000e+00
359	4.298255e-01	1.586993e-01	0.000000e+00	0.000000e+00	0.000000e+00	-0.000000e+00	0.000000e+00
