0.00	+1.602e-01	+3.381e-04	+9.725e-09	+2.779e-11	+6.147e-21	+2.209e-13	+1.307e-20
1.00	+1.602e-01	+3.316e-04	+8.993e-09	+1.801e-11	-8.124e-22	+2.072e-14	+7.202e-21
2.00	+1.602e-01	+3.330e-04	+9.261e-09	+3.788e-11	-1.134e-20	-1.396e-13	+1.937e-20
3.00	+1.602e-01	+3.332e-04	+9.488e-09	+2.335e-11	+5.176e-21	+2.029e-13	+9.695e-21
4.00	+1.602e-01	+3.283e-04	+8.763e-09	+3.218e-11	-9.061e-21	-1.199e-13	+1.449e-20
5.00	+1.602e-01	+3.300e-04	+9.733e-09	+2.885e-11	+1.502e-20	+5.228e-13	-2.872e-21
6.00	+1.602e-01	+3.353e-04	+6.980e-09	+6.776e-12	+1.617e-23	+4.471e-14	+1.474e-21
7.00	+1.602e-01	+3.262e-04	+8.874e-09	+1.757e-11	+2.554e-21	+1.209e-13	+6.450e-21
8.00	+1.602e-01	+3.369e-04	+1.361e-08	+3.698e-11	+1.753e-20	+4.744e-13	+1.952e-20
9.00	+1.602e-01	+3.389e-04	+1.210e-08	+2.751e-11	+1.556e-20	+4.804e-13	+3.105e-21
10.00	+1.602e-01	+3.328e-04	+9.053e-09	+2.337e-11	+5.009e-21	+1.956e-13	+9.514e-21
11.00	+1.602e-01	+3.266e-04	+9.672e-09	+3.085e-11	+3.523e-21	+1.458e-13	+1.648e-20
12.00	+1.602e-01	+3.364e-04	+8.904e-09	+2.188e-11	+8.866e-21	+3.994e-13	-3.833e-21
13.00	+1.603e-01	+3.409e-04	+4.356e-09	+2.292e-11	-4.901e-21	-1.690e-13	+5.333e-21
14.00	+1.602e-01	+3.385e-04	+6.889e-09	+2.478e-11	+9.978e-21	+4.512e-13	+2.300e-21
15.00	+1.602e-01	+3.300e-04	+1.354e-08	+3.760e-11	+7.924e-21	+3.110e-13	+2.563e-20
16.00	+1.602e-01	+3.309e-04	+1.172e-08	+2.439e-11	+8.491e-21	+3.221e-13	+9.900e-21
17.00	+1.602e-01	+3.305e-04	+9.422e-09	+3.599e-11	+1.096e-20	+2.020e-13	+1.787e-20
18.00	+1.602e-01	+3.353e-04	+1.003e-08	+2.115e-11	+4.686e-21	+2.467e-13	+8.535e-21
19.00	+1.602e-01	+3.375e-04	+1.015e-08	+3.399e-11	+1.690e-20	+5.359e-13	+1.062e-20
20.00	+1.602e-01	+3.314e-04	+1.491e-08	+5.161e-11	-2.198e-20	-1.411e-13	+3.958e-20
21.00	+1.602e-01	+3.320e-04	+4.816e-09	+3.980e-11	-3.688e-21	-3.325e-14	+1.703e-20
22.00	+1.602e-01	+3.343e-04	+4.615e-09	+8.074e-12	+1.522e-21	+1.167e-13	+3.369e-22
23.00	+1.602e-01	+3.325e-04	+1.028e-08	+3.289e-11	+5.388e-21	+9.329e-14	+1.835e-20
24.00	+1.602e-01	+3.315e-04	+6.092e-09	+1.903e-11	+5.090e-21	+2.818e-13	+4.007e-21
25.00	+1.602e-01	+3.347e-04	+6.788e-09	+2.772e-11	+3.105e-21	+9.731e-14	+1.162e-20
26.00	+1.602e-01	+3.306e-04	+5.854e-09	+1.966e-11	+1.893e-21	+1.608e-13	+6.395e-21
27.00	+1.602e-01	+3.308e-04	+7.089e-09	+2.796e-11	+1.026e-20	+3.773e-13	+7.050e-21
28.00	+1.602e-01	+3.301e-04	+5.782e-09	+1.498e-11	-1.203e-21	-4.477e-14	+4.241e-21
29.00	+1.602e-01	+3.384e-04	+6.727e-09	+1.813e-11	-1.648e-21	+2.856e-15	+6.114e-21
30.00	+1.603e-01	+3.419e-04	+1.246e-08	+4.993e-11	-2.896e-20	-6.438e-13	+2.670e-20
31.00	+1.602e-01	+3.338e-04	+1.714e-08	+4.424e-11	+3.571e-20	+6.861e-13	+1.447e-20
32.00	+1.602e-01	+3.228e-04	+5.718e-09	+1.694e-11	-4.143e-21	-1.163e-13	+3.260e-21
33.00	+1.602e-01	+3.366e-04	+5.250e-09	+7.965e-12	-1.598e-21	-1.423e-13	-3.168e-22
34.00	+1.602e-01	+3.329e-04	+6.309e-10	+2.447e-12	-4.685e-23	+9.624e-15	-8.392e-23
35.00	+1.602e-01	+3.289e-04	+2.666e-10	+5.283e-12	+1.897e-22	+8.870e-14	+5.752e-23
36.00	+1.602e-01	+3.256e-04	+1.154e-08	+2.612e-11	-1.090e-20	-2.841e-13	+9.312e-21
37.00	+1.602e-01	+3.396e-04	+9.706e-09	+2.484e-11	-8.068e-21	-2.177e-13	+9.148e-21
38.00	+1.602e-01	+3.142e-04	+1.311e-09	+6.765e-13	-1.695e-23	-1.149e-14	-1.090e-23
39.00	+1.603e-01	+3.395e-04	+1.117e-08	+2.655e-11	-7.004e-21	-1.087e-13	+1.265e-20
40.00	+1.602e-01	+3.401e-04	+1.179e-08	+3.264e-11	-1.702e-20	-4.568e-13	+1.098e-20
41.00	+1.602e-01	+3.288e-04	+2.562e-08	+7.891e-11	-6.060e-20	-5.991e-13	+9.442e-20
42.00	+1.602e-01	+3.288e-04	+9.975e-09	+1.959e-11	+2.519e-21	+1.281e-13	+8.282e-21
43.00	+1.603e-01	+3.424e-04	+1.836e-08	+5.346e-11	+3.479e-20	+7.641e-13	+3.994e-20
44.00	+1.602e-01	+3.387e-04	+1.201e-08	+3.908e-11	-6.305e-21	-1.235e-13	+2.603e-20
45.00	+1.603e-01	+3.611e-04	+2.758e-09	+6.645e-12	-7.310e-22	-1.025e-13	+5.241e-22
46.00	+1.602e-01	+3.387e-04	+2.579e-09	+6.302e-12	-3.137e-22	-1.431e-14	-7.397e-22
47.00	+1.603e-01	+3.424e-04	+2.812e-08	+8.226e-11	+1.251e-19	+1.515e-12	-2.919e-21
48.00	+1.602e-01	+3.288e-04	+9.399e-09	+1.710e-11	+1.909e-21	+1.065e-13	+6.586e-21
49.00	+1.602e-01	+3.288e-04	+2.500e-09	+2.354e-12	+1.714e-22	+3.972e-14	+5.670e-23
50.00	+1.602e-01	+3.401e-04	+1.489e-08	+3.338e-11	-2.023e-20	-4.856e-13	+1.202e-20
51.00	+1.603e-01	+3.395e-04	+9.772e-09	+8.770e-12	+1.752e-21	+1.096e-13	+1.876e-21
52.00	+1.602e-01	+3.142e-04	+1.543e-08	+6.822e-11	-6.311e-20	-1.104e-12	-3.026e-20
53.00	+1.602e-01	+3.415e-04	+1.801e-08	+5.752e-11	-1.860e-20	-3.234e-13	+5.552e-20
54.00	+1.602e-01	+3.257e-04	+1.443e-08	+3.259e-11	+1.224e-20	+2.878e-13	+1.869e-20
55.00	+1.602e-01	+3.297e-04	+1.059e-08	+5.585e-11	+7.797e-22	-2.298e-13	-4.294e-20
56.00	+1.602e-01	+3.329e-04	+6.056e-09	+3.526e-11	-1.508e-22	+2.073e-14	+1.629e-20
57.00	+1.602e-01	+3.366e-04	+1.366e-08	+4.838e-11	-1.891e-20	-3.654e-13	+3.447e-20
58.00	+1.602e-01	+3.229e-04	+1.070e-08	+2.054e-11	+7.711e-21	+3.497e-13	-5.766e-21
59.00	+1.602e-01	+3.338e-04	+1.515e-08	+5.270e-11	+2.184e-20	+5.425e-13	+4.172e-20
60.00	+1.603e-01	+3.419e-04	+1.348e-08	+3.004e-11	-9.804e-21	-3.111e-13	+1.641e-20
61.00	+1.602e-01	+3.384e-04	+9.977e-09	+3.055e-11	+1.160e-20	+3.002e-13	+1.225e-20
62.00	+1.602e-01	+3.301e-04	+5.585e-09	+2.593e-11	+6.368e-21	+2.305e-13	+7.535e-21
63.00	+1.602e-01	+3.323e-04	+1.131e-08	+4.212e-11	-1.094e-20	-2.971e-13	+2.693e-20
64.00	+1.602e-01	+3.306e-04	+1.078e-08	+2.950e-11	+9.828e-21	+2.182e-13	+1.343e-20
65.00	+1.602e-01	+3.347e-04	+5.585e-09	+1.151e-11	-8.507e-22	-2.848e-14	+2.793e-21
66.00	+1.602e-01	+3.315e-04	+1.212e-08	+3.038e-11	+1.808e-21	+1.715e-14	+1.835e-20
67.00	+1.602e-01	+3.325e-04	+7.495e-09	+2.253e-11	-8.483e-21	-4.108e-13	-3.715e-21
68.00	+1.602e-01	+3.343e-04	+5.704e-09	+2.097e-11	-6.368e-21	-2.514e-13	+3.475e-21
69.00	+1.602e-01	+3.336e-04	+2.166e-09	+1.459e-11	-2.497e-21	-1.086e-13	-7.021e-22
70.00	+1.602e-01	+3.314e-04	+1.346e-08	+6.025e-11	+5.098e-20	+1.097e-12	-1.860e-20
71.00	+1.602e-01	+3.375e-04	+4.934e-09	+1.093e-11	+1.454e-21	+1.235e-13	+2.079e-21
72.00	+1.602e-01	+3.353e-04	+4.868e-09	+1.025e-11	+2.282e-21	+1.792e-13	+2.016e-22
73.00	+1.602e-01	+3.305e-04	+4.798e-09	+7.242e-12	-7.086e-22	-1.694e-14	+1.149e-21
74.00	+1.602e-01	+3.326e-04	+9.668e-09	+3.754e-11	+6.468e-21	+2.237e-13	+2.167e-20
75.00	+1.602e-01	+3.300e-04	+1.569e-08	+4.479e-11	+2.416e-20	+4.901e-13	+2.873e-20
76.00	+1.602e-01	+3.366e-04	+1.973e-09	+5.463e-12	-2.519e-22	-1.915e-14	+5.081e-22
77.00	+1.603e-01	+3.409e-04	+6.447e-09	+5.176e-12	+9.049e-22	+6.998e-14	+2.746e-22
78.00	+1.602e-01	+3.364e-04	+8.991e-09	+3.563e-11	-1.489e-20	-2.573e-13	+1.360e-20
79.00	+1.602e-01	+3.266e-04	+9.042e-09	+1.518e-11	+2.444e-21	+1.251e-13	+5.066e-21
80.00	+1.602e-01	+3.328e-04	+9.104e-09	+2.963e-11	+9.140e-21	+2.879e-13	+1.238e-20
81.00	+1.602e-01	+3.388e-04	+1.562e-08	+4.749e-11	-5.248e-21	+2.326e-14	+4.056e-20
82.00	+1.602e-01	+3.369e-04	+1.553e-08	+5.165e-11	+3.578e-20	+6.691e-13	+2.933e-20
83.00	+1.602e-01	+3.262e-04	+9.350e-09	+3.447e-11	+9.115e-21	+2.827e-13	+1.731e-20
84.00	+1.602e-01	+3.353e-04	+8.733e-09	+1.243e-11	+2.767e-21	+1.699e-13	+3.016e-21
85.00	+1.602e-01	+3.317e-04	+8.711e-09	+6.025e-11	+1.996e-20	+4.793e-13	+3.881e-20
86.00	+1.602e-01	+3.283e-04	+9.213e-09	+1.669e-11	+5.673e-21	+3.024e-13	-3.261e-21
87.00	+1.602e-01	+3.332e-04	+9.621e-09	+1.712e-11	-3.562e-21	-6.901e-14	+5.966e-21
88.00	+1.602e-01	+3.330e-04	+9.219e-09	+1.732e-11	+6.920e-21	+2.915e-13	+1.951e-22
89.00	+1.602e-01	+3.316e-04	+9.357e-09	+3.223e-11	+1.128e-20	+3.394e-13	+1.364e-20
90.00	+1.602e-01	+3.381e-04	+9.725e-09	+2.779e-11	+6.147e-21	+2.209e-13	+1.307e-20
91.00	+1.602e-01	+3.316e-04	+8.993e-09	+1.801e-11	-8.124e-22	+2.072e-14	+7.202e-21
92.00	+1.602e-01	+3.330e-04	+9.261e-09	+3.788e-11	-1.134e-20	-1.396e-13	+1.937e-20
93.00	+1.602e-01	+3.332e-04	+9.488e-09	+2.335e-11	+5.176e-21	+2.029e-13	+9.695e-21
94.00	+1.602e-01	+3.283e-04	+8.763e-09	+3.218e-11	-9.061e-21	-1.199e-13	+1.449e-20
95.00	+1.602e-01	+3.300e-04	+9.733e-09	+2.885e-11	+1.502e-20	+5.228e-13	-2.872e-21
96.00	+1.602e-01	+3.353e-04	+6.980e-09	+6.776e-12	+1.617e-23	+4.471e-14	+1.474e-21
97.00	+1.602e-01	+3.262e-04	+8.874e-09	+1.757e-11	+2.554e-21	+1.209e-13	+6.450e-21
98.00	+1.602e-01	+3.369e-04	+1.361e-08	+3.698e-11	+1.753e-20	+4.744e-13	+1.952e-20
99.00	+1.602e-01	+3.389e-04	+1.210e-08	+2.751e-11	+1.556e-20	+4.804e-13	+3.105e-21
100.00	+1.602e-01	+3.328e-04	+9.053e-09	+2.337e-11	+5.009e-21	+1.956e-13	+9.514e-21
101.00	+1.602e-01	+3.266e-04	+9.672e-09	+3.085e-11	+3.523e-21	+1.458e-13	+1.648e-20
102.00	+1.602e-01	+3.364e-04	+8.904e-09	+2.188e-11	+8.866e-21	+3.994e-13	-3.833e-21
103.00	+1.603e-01	+3.409e-04	+4.356e-09	+2.292e-11	-4.901e-21	-1.690e-13	+5.333e-21
104.00	+1.602e-01	+3.366e-04	+5.473e-09	+1.944e-11	+5.564e-21	+2.974e-13	+3.039e-21
105.00	+1.602e-01	+3.300e-04	+1.354e-08	+3.760e-11	+7.924e-21	+3.110e-13	+2.563e-20
106.00	+1.602e-01	+3.309e-04	+1.172e-08	+2.439e-11	+8.491e-21	+3.221e-13	+9.900e-21
107.00	+1.602e-01	+3.305e-04	+9.422e-09	+3.599e-11	+1.096e-20	+2.020e-13	+1.787e-20
108.00	+1.602e-01	+3.353e-04	+1.003e-08	+2.115e-11	+4.686e-21	+2.467e-13	+8.535e-21
109.00	+1.602e-01	+3.375e-04	+1.015e-08	+3.399e-11	+1.690e-20	+5.359e-13	+1.062e-20
110.00	+1.602e-01	+3.314e-04	+1.491e-08	+5.161e-11	-2.198e-20	-1.411e-13	+3.958e-20
111.00	+1.602e-01	+3.336e-04	+1.005e-08	+5.909e-11	+1.655e-21	+1.555e-13	+4.550e-20
112.00	+1.602e-01	+3.343e-04	+4.615e-09	+8.074e-12	+1.522e-21	+1.167e-13	+3.369e-22
113.00	+1.602e-01	+3.325e-04	+1.028e-08	+3.289e-11	+5.388e-21	+9.329e-14	+1.835e-20
114.00	+1.602e-01	+3.315e-04	+6.092e-09	+1.903e-11	+5.090e-21	+2.818e-13	+4.007e-21
115.00	+1.602e-01	+3.347e-04	+6.788e-09	+2.772e-11	+3.105e-21	+9.731e-14	+1.162e-20
116.00	+1.602e-01	+3.306e-04	+5.854e-09	+1.966e-11	+1.893e-21	+1.608e-13	+6.395e-21
117.00	+1.602e-01	+3.323e-04	+1.228e-08	+4.049e-11	+1.697e-20	+3.688e-13	+2.296e-20
118.00	+1.602e-01	+3.301e-04	+5.782e-09	+1.498e-11	-1.203e-21	-4.477e-14	+4.241e-21
119.00	+1.602e-01	+3.384e-04	+6.727e-09	+1.813e-11	-1.648e-21	+2.856e-15	+6.114e-21
120.00	+1.603e-01	+3.419e-04	+1.246e-08	+4.993e-11	-2.896e-20	-6.438e-13	+2.670e-20
121.00	+1.602e-01	+3.338e-04	+1.714e-08	+4.424e-11	+3.571e-20	+6.861e-13	+1.447e-20
122.00	+1.602e-01	+3.228e-04	+5.718e-09	+1.694e-11	-4.143e-21	-1.163e-13	+3.260e-21
123.00	+1.602e-01	+3.366e-04	+5.250e-09	+7.965e-12	-1.598e-21	-1.423e-13	-3.168e-22
124.00	+1.602e-01	+3.329e-04	+6.309e-10	+2.447e-12	-4.685e-23	+9.624e-15	-8.392e-23
125.00	+1.602e-01	+3.289e-04	+2.666e-10	+5.283e-12	+1.897e-22	+8.870e-14	+5.752e-23
126.00	+1.602e-01	+3.256e-04	+1.154e-08	+2.612e-11	-1.090e-20	-2.841e-13	+9.312e-21
127.00	+1.602e-01	+3.396e-04	+9.706e-09	+2.484e-11	-8.068e-21	-2.177e-13	+9.148e-21
128.00	+1.602e-01	+3.142e-04	+1.311e-09	+6.765e-13	-1.695e-23	-1.149e-14	-1.090e-23
129.00	+1.603e-01	+3.395e-04	+1.117e-08	+2.655e-11	-7.004e-21	-1.087e-13	+1.265e-20
130.00	+1.602e-01	+3.401e-04	+1.179e-08	+3.264e-11	-1.702e-20	-4.568e-13	+1.098e-20
131.00	+1.602e-01	+3.288e-04	+2.562e-08	+7.891e-11	-6.060e-20	-5.991e-13	+9.442e-20
132.00	+1.602e-01	+3.288e-04	+9.975e-09	+1.959e-11	+2.519e-21	+1.281e-13	+8.282e-21
133.00	+1.603e-01	+3.424e-04	+1.836e-08	+5.346e-11	+3.479e-20	+7.641e-13	+3.994e-20
134.00	+1.602e-01	+3.387e-04	+1.201e-08	+3.908e-11	-6.305e-21	-1.235e-13	+2.603e-20
135.00	+1.603e-01	+3.611e-04	+2.758e-09	+6.645e-12	-7.310e-22	-1.025e-13	+5.241e-22
136.00	+1.602e-01	+3.387e-04	+2.579e-09	+6.302e-12	-3.137e-22	-1.431e-14	-7.397e-22
137.00	+1.603e-01	+3.424e-04	+2.812e-08	+8.226e-11	+1.251e-19	+1.515e-12	-2.919e-21
138.00	+1.602e-01	+3.288e-04	+9.399e-09	+1.710e-11	+1.909e-21	+1.065e-13	+6.586e-21
139.00	+1.602e-01	+3.288e-04	+2.500e-09	+2.354e-12	+1.714e-22	+3.972e-14	+5.670e-23
140.00	+1.602e-01	+3.397e-04	+1.146e-08	+2.441e-11	-5.495e-21	-1.593e-13	+1.168e-20
141.00	+1.603e-01	+3.395e-04	+9.772e-09	+8.770e-12	+1.752e-21	+1.096e-13	+1.876e-21
142.00	+1.602e-01	+3.142e-04	+1.543e-08	+6.822e-11	-6.311e-20	-1.104e-12	-3.026e-20
143.00	+1.602e-01	+3.415e-04	+1.801e-08	+5.752e-11	-1.860e-20	-3.234e-13	+5.552e-20
144.00	+1.602e-01	+3.257e-04	+1.443e-08	+3.259e-11	+1.224e-20	+2.878e-13	+1.869e-20
145.00	+1.602e-01	+3.297e-04	+1.059e-08	+5.585e-11	+7.797e-22	-2.298e-13	-4.294e-20
146.00	+1.602e-01	+3.329e-04	+6.056e-09	+3.526e-11	-1.508e-22	+2.073e-14	+1.629e-20
147.00	+1.602e-01	+3.366e-04	+1.366e-08	+4.838e-11	-1.891e-20	-3.654e-13	+3.447e-20
148.00	+1.602e-01	+3.229e-04	+1.070e-08	+2.054e-11	+7.711e-21	+3.497e-13	-5.766e-21
149.00	+1.602e-01	+3.338e-04	+1.515e-08	+5.270e-11	+2.184e-20	+5.425e-13	+4.172e-20
150.00	+1.603e-01	+3.419e-04	+1.348e-08	+3.004e-11	-9.804e-21	-3.111e-13	+1.641e-20
151.00	+1.602e-01	+3.384e-04	+9.977e-09	+3.055e-11	+1.160e-20	+3.002e-13	+1.225e-20
152.00	+1.602e-01	+3.301e-04	+5.585e-09	+2.593e-11	+6.368e-21	+2.305e-13	+7.535e-21
153.00	+1.602e-01	+3.323e-04	+1.131e-08	+4.212e-11	-1.094e-20	-2.971e-13	+2.693e-20
154.00	+1.602e-01	+3.306e-04	+1.078e-08	+2.950e-11	+9.828e-21	+2.182e-13	+1.343e-20
155.00	+1.602e-01	+3.347e-04	+5.585e-09	+1.151e-11	-8.507e-22	-2.848e-14	+2.793e-21
156.00	+1.602e-01	+3.315e-04	+1.212e-08	+3.038e-11	+1.808e-21	+1.715e-14	+1.835e-20
157.00	+1.602e-01	+3.325e-04	+7.495e-09	+2.253e-11	-8.483e-21	-4.108e-13	-3.715e-21
158.00	+1.602e-01	+3.343e-04	+5.704e-09	+2.097e-11	-6.368e-21	-2.514e-13	+3.475e-21
159.00	+1.602e-01	+3.320e-04	+4.683e-10	+8.047e-12	-9.739e-23	-1.321e-13	+4.843e-22
160.00	+1.602e-01	+3.314e-04	+1.346e-08	+6.025e-11	+5.098e-20	+1.097e-12	-1.860e-20
161.00	+1.602e-01	+3.375e-04	+4.934e-09	+1.093e-11	+1.454e-21	+1.235e-13	+2.079e-21
162.00	+1.602e-01	+3.353e-04	+4.868e-09	+1.025e-11	+2.282e-21	+1.792e-13	+2.016e-22
163.00	+1.602e-01	+3.305e-04	+4.798e-09	+7.242e-12	-7.086e-22	-1.694e-14	+1.149e-21
164.00	+1.602e-01	+3.326e-04	+9.668e-09	+3.754e-11	+6.468e-21	+2.237e-13	+2.167e-20
165.00	+1.602e-01	+3.300e-04	+1.569e-08	+4.479e-11	+2.416e-20	+4.901e-13	+2.873e-20
166.00	+1.602e-01	+3.366e-04	+1.973e-09	+5.463e-12	-2.519e-22	-1.915e-14	+5.081e-22
167.00	+1.603e-01	+3.409e-04	+6.447e-09	+5.176e-12	+9.049e-22	+6.998e-14	+2.746e-22
168.00	+1.602e-01	+3.364e-04	+8.991e-09	+3.563e-11	-1.489e-20	-2.573e-13	+1.360e-20
169.00	+1.602e-01	+3.266e-04	+9.042e-09	+1.518e-11	+2.444e-21	+1.251e-13	+5.066e-21
170.00	+1.602e-01	+3.328e-04	+9.104e-09	+2.963e-11	+9.140e-21	+2.879e-13	+1.238e-20
171.00	+1.602e-01	+3.388e-04	+1.562e-08	+4.749e-11	-5.248e-21	+2.326e-14	+4.056e-20
172.00	+1.602e-01	+3.369e-04	+1.553e-08	+5.165e-11	+3.578e-20	+6.691e-13	+2.933e-20
173.00	+1.602e-01	+3.262e-04	+9.350e-09	+3.447e-11	+9.115e-21	+2.827e-13	+1.731e-20
174.00	+1.602e-01	+3.353e-04	+8.733e-09	+1.243e-11	+2.767e-21	+1.699e-13	+3.016e-21
175.00	+1.602e-01	+3.300e-04	+4.358e-09	+3.608e-11	+8.952e-21	+4.185e-13	+1.116e-20
176.00	+1.602e-01	+3.283e-04	+9.213e-09	+1.669e-11	+5.673e-21	+3.024e-13	-3.261e-21
177.00	+1.602e-01	+3.332e-04	+9.621e-09	+1.712e-11	-3.562e-21	-6.901e-14	+5.966e-21
178.00	+1.602e-01	+3.330e-04	+9.219e-09	+1.732e-11	+6.920e-21	+2.915e-13	+1.951e-22
179.00	+1.602e-01	+3.316e-04	+9.357e-09	+3.223e-11	+1.128e-20	+3.394e-13	+1.364e-20
180.00	+1.602e-01	+3.381e-04	+9.725e-09	+2.779e-11	+6.147e-21	+2.209e-13	+1.307e-20
181.00	+1.602e-01	+3.316e-04	+8.993e-09	+1.801e-11	-8.124e-22	+2.072e-14	+7.202e-21
182.00	+1.602e-01	+3.330e-04	+9.261e-09	+3.788e-11	-1.134e-20	-1.396e-13	+1.937e-20
183.00	+1.602e-01	+3.332e-04	+9.488e-09	+2.335e-11	+5.176e-21	+2.029e-13	+9.695e-21
184.00	+1.602e-01	+3.283e-04	+8.763e-09	+3.218e-11	-9.061e-21	-1.199e-13	+1.449e-20
185.00	+1.602e-01	+3.300e-04	+9.733e-09	+2.885e-11	+1.502e-20	+5.228e-13	-2.872e-21
186.00	+1.602e-01	+3.353e-04	+6.980e-09	+6.776e-12	+1.617e-23	+4.471e-14	+1.474e-21
187.00	+1.602e-01	+3.262e-04	+8.874e-09	+1.757e-11	+2.554e-21	+1.209e-13	+6.450e-21
188.00	+1.602e-01	+3.369e-04	+1.361e-08	+3.698e-11	+1.753e-20	+4.744e-13	+1.952e-20
189.00	+1.602e-01	+3.389e-04	+1.210e-08	+2.751e-11	+1.556e-20	+4.804e-13	+3.105e-21
190.00	+1.602e-01	+3.328e-04	+9.053e-09	+2.337e-11	+5.009e-21	+1.956e-13	+9.514e-21
191.00	+1.602e-01	+3.266e-04	+9.672e-09	+3.085e-11	+3.523e-21	+1.458e-13	+1.648e-20
192.00	+1.602e-01	+3.364e-04	+8.904e-09	+2.188e-11	+8.866e-21	+3.994e-13	-3.833e-21
193.00	+1.603e-01	+3.409e-04	+4.356e-09	+2.292e-11	-4.901e-21	-1.690e-13	+5.333e-21
194.00	+1.602e-01	+3.366e-04	+5.473e-09	+1.944e-11	+5.564e-21	+2.974e-13	+3.039e-21
195.00	+1.602e-01	+3.300e-04	+1.354e-08	+3.760e-11	+7.924e-21	+3.110e-13	+2.563e-20
196.00	+1.602e-01	+3.309e-04	+1.172e-08	+2.439e-11	+8.491e-21	+3.221e-13	+9.900e-21
197.00	+1.602e-01	+3.290e-04	+4.637e-09	+2.333e-11	+6.108e-21	+2.457e-13	+4.642e-21
198.00	+1.602e-01	+3.353e-04	+1.003e-08	+2.115e-11	+4.686e-21	+2.467e-13	+8.535e-21
199.00	+1.602e-01	+3.375e-04	+1.015e-08	+3.399e-11	+1.690e-20	+5.359e-13	+1.062e-20
200.00	+1.602e-01	+3.314e-04	+1.491e-08	+5.161e-11	-2.198e-20	-1.411e-13	+3.958e-20
201.00	+1.602e-01	+3.336e-04	+1.005e-08	+5.909e-11	+1.655e-21	+1.555e-13	+4.550e-20
202.00	+1.602e-01	+3.343e-04	+4.615e-09	+8.074e-12	+1.522e-21	+1.167e-13	+3.369e-22
203.00	+1.602e-01	+3.325e-04	+1.028e-08	+3.289e-11	+5.388e-21	+9.329e-14	+1.835e-20
204.00	+1.602e-01	+3.315e-04	+6.092e-09	+1.903e-11	+5.090e-21	+2.818e-13	+4.007e-21
205.00	+1.602e-01	+3.347e-04	+6.788e-09	+2.772e-11	+3.105e-21	+9.731e-14	+1.162e-20
206.00	+1.602e-01	+3.306e-04	+5.854e-09	+1.966e-11	+1.893e-21	+1.608e-13	+6.395e-21
207.00	+1.602e-01	+3.323e-04	+1.228e-08	+4.049e-11	+1.697e-20	+3.688e-13	+2.296e-20
208.00	+1.602e-01	+3.301e-04	+5.782e-09	+1.498e-11	-1.203e-21	-4.477e-14	+4.241e-21
209.00	+1.602e-01	+3.384e-04	+6.727e-09	+1.813e-11	-1.648e-21	+2.856e-15	+6.114e-21
210.00	+1.603e-01	+3.419e-04	+1.246e-08	+4.993e-11	-2.896e-20	-6.438e-13	+2.670e-20
211.00	+1.602e-01	+3.338e-04	+1.714e-08	+4.424e-11	+3.571e-20	+6.861e-13	+1.447e-20
212.00	+1.602e-01	+3.228e-04	+5.718e-09	+1.694e-11	-4.143e-21	-1.163e-13	+3.260e-21
213.00	+1.602e-01	+3.366e-04	+5.250e-09	+7.965e-12	-1.598e-21	-1.423e-13	-3.168e-22
214.00	+1.602e-01	+3.348e-04	+2.386e-09	+4.666e-12	+4.919e-22	+7.946e-14	-2.136e-23
215.00	+1.602e-01	+3.297e-04	+1.803e-09	+1.273e-11	+1.496e-21	+2.179e-13	+1.218e-21
216.00	+1.602e-01	+3.256e-04	+1.154e-08	+2.612e-11	-1.090e-20	-2.841e-13	+9.312e-21
217.00	+1.602e-01	+3.396e-04	+9.706e-09	+2.484e-11	-8.068e-21	-2.177e-13	+9.148e-21
218.00	+1.602e-01	+3.142e-04	+1.311e-09	+6.765e-13	-1.695e-23	-1.149e-14	-1.090e-23
219.00	+1.603e-01	+3.395e-04	+1.117e-08	+2.655e-11	-7.004e-21	-1.087e-13	+1.265e-20
220.00	+1.602e-01	+3.397e-04	+6.159e-09	+1.684e-11	-5.237e-21	-2.712e-13	+1.414e-21
221.00	+1.602e-01	+3.288e-04	+2.562e-08	+7.891e-11	-6.060e-20	-5.991e-13	+9.442e-20
222.00	+1.602e-01	+3.288e-04	+9.975e-09	+1.959e-11	+2.519e-21	+1.281e-13	+8.282e-21
223.00	+1.603e-01	+3.424e-04	+1.836e-08	+5.346e-11	+3.479e-20	+7.641e-13	+3.994e-20
224.00	+1.602e-01	+3.387e-04	+1.201e-08	+3.908e-11	-6.305e-21	-1.235e-13	+2.603e-20
225.00	+1.603e-01	+3.611e-04	+2.758e-09	+6.645e-12	-7.310e-22	-1.025e-13	+5.241e-22
226.00	+1.602e-01	+3.387e-04	+2.579e-09	+6.302e-12	-3.137e-22	-1.431e-14	-7.397e-22
227.00	+1.603e-01	+3.424e-04	+2.812e-08	+8.226e-11	+1.251e-19	+1.515e-12	-2.919e-21
228.00	+1.602e-01	+3.288e-04	+9.399e-09	+1.710e-11	+1.909e-21	+1.065e-13	+6.586e-21
229.00	+1.602e-01	+3.288e-04	+2.500e-09	+2.354e-12	+1.714e-22	+3.972e-14	+5.670e-23
230.00	+1.602e-01	+3.401e-04	+1.489e-08	+3.338e-11	-2.023e-20	-4.856e-13	+1.202e-20
231.00	+1.603e-01	+3.395e-04	+9.772e-09	+8.770e-12	+1.752e-21	+1.096e-13	+1.876e-21
232.00	+1.602e-01	+3.142e-04	+1.543e-08	+6.822e-11	-6.311e-20	-1.104e-12	-3.026e-20
233.00	+1.602e-01	+3.415e-04	+1.801e-08	+5.752e-11	-1.860e-20	-3.234e-13	+5.552e-20
234.00	+1.602e-01	+3.257e-04	+1.443e-08	+3.259e-11	+1.224e-20	+2.878e-13	+1.869e-20
235.00	+1.602e-01	+3.297e-04	+1.059e-08	+5.585e-11	+7.797e-22	-2.298e-13	-4.294e-20
236.00	+1.602e-01	+3.356e-04	+6.125e-09	+2.379e-11	+7.822e-21	+4.161e-13	+4.616e-21
237.00	+1.602e-01	+3.366e-04	+1.366e-08	+4.838e-11	-1.891e-20	-3.654e-13	+3.447e-20
238.00	+1.602e-01	+3.229e-04	+1.070e-08	+2.054e-11	+7.711e-21	+3.497e-13	-5.766e-21
239.00	+1.602e-01	+3.338e-04	+1.515e-08	+5.270e-11	+2.184e-20	+5.425e-13	+4.172e-20
240.00	+1.603e-01	+3.419e-04	+1.348e-08	+3.004e-11	-9.804e-21	-3.111e-13	+1.641e-20
241.00	+1.602e-01	+3.384e-04	+9.977e-09	+3.055e-11	+1.160e-20	+3.002e-13	+1.225e-20
242.00	+1.602e-01	+3.301e-04	+5.585e-09	+2.593e-11	+6.368e-21	+2.305e-13	+7.535e-21
243.00	+1.602e-01	+3.323e-04	+1.131e-08	+4.212e-11	-1.094e-20	-2.971e-13	+2.693e-20
244.00	+1.602e-01	+3.306e-04	+1.078e-08	+2.950e-11	+9.828e-21	+2.182e-13	+1.343e-20
245.00	+1.602e-01	+3.347e-04	+5.585e-09	+1.151e-11	-8.507e-22	-2.848e-14	+2.793e-21
246.00	+1.602e-01	+3.315e-04	+1.212e-08	+3.038e-11	+1.808e-21	+1.715e-14	+1.835e-20
247.00	+1.602e-01	+3.325e-04	+7.495e-09	+2.253e-11	-8.483e-21	-4.108e-13	-3.715e-21
248.00	+1.602e-01	+3.343e-04	+5.704e-09	+2.097e-11	-6.368e-21	-2.514e-13	+3.475e-21
249.00	+1.602e-01	+3.320e-04	+4.683e-10	+8.047e-12	-9.739e-23	-1.321e-13	+4.843e-22
250.00	+1.602e-01	+3.314e-04	+1.346e-08	+6.025e-11	+5.098e-20	+1.097e-12	-1.860e-20
251.00	+1.602e-01	+3.375e-04	+4.934e-09	+1.093e-11	+1.454e-21	+1.235e-13	+2.079e-21
252.00	+1.602e-01	+3.353e-04	+4.868e-09	+1.025e-11	+2.282e-21	+1.792e-13	+2.016e-22
253.00	+1.602e-01	+3.290e-04	+5.401e-09	+1.267e-11	-3.149e-21	-1.761e-13	+1.035e-21
254.00	+1.602e-01	+3.326e-04	+9.668e-09	+3.754e-11	+6.468e-21	+2.237e-13	+2.167e-20
255.00	+1.602e-01	+3.300e-04	+1.569e-08	+4.479e-11	+2.416e-20	+4.901e-13	+2.873e-20
256.00	+1.602e-01	+3.366e-04	+1.973e-09	+5.463e-12	-2.519e-22	-1.915e-14	+5.081e-22
257.00	+1.603e-01	+3.409e-04	+6.447e-09	+5.176e-12	+9.049e-22	+6.998e-14	+2.746e-22
258.00	+1.602e-01	+3.364e-04	+8.991e-09	+3.563e-11	-1.489e-20	-2.573e-13	+1.360e-20
259.00	+1.602e-01	+3.266e-04	+9.042e-09	+1.518e-11	+2.444e-21	+1.251e-13	+5.066e-21
260.00	+1.602e-01	+3.328e-04	+9.104e-09	+2.963e-11	+9.140e-21	+2.879e-13	+1.238e-20
261.00	+1.602e-01	+3.388e-04	+1.562e-08	+4.749e-11	-5.248e-21	+2.326e-14	+4.056e-20
262.00	+1.602e-01	+3.369e-04	+1.553e-08	+5.165e-11	+3.578e-20	+6.691e-13	+2.933e-20
263.00	+1.602e-01	+3.262e-04	+9.350e-09	+3.447e-11	+9.115e-21	+2.827e-13	+1.731e-20
264.00	+1.602e-01	+3.353e-04	+8.733e-09	+1.243e-11	+2.767e-21	+1.699e-13	+3.016e-21
265.00	+1.602e-01	+3.300e-04	+4.358e-09	+3.608e-11	+8.952e-21	+4.185e-13	+1.116e-20
266.00	+1.602e-01	+3.283e-04	+9.213e-09	+1.669e-11	+5.673e-21	+3.024e-13	-3.261e-21
267.00	+1.602e-01	+3.332e-04	+9.621e-09	+1.712e-11	-3.562e-21	-6.901e-14	+5.966e-21
268.00	+1.602e-01	+3.330e-04	+9.219e-09	+1.732e-11	+6.920e-21	+2.915e-13	+1.951e-22
269.00	+1.602e-01	+3.316e-04	+9.357e-09	+3.223e-11	+1.128e-20	+3.394e-13	+1.364e-20
270.00	+1.602e-01	+3.381e-04	+9.725e-09	+2.779e-11	+6.147e-21	+2.209e-13	+1.307e-20
271.00	+1.602e-01	+3.316e-04	+8.993e-09	+1.801e-11	-8.124e-22	+2.072e-14	+7.202e-21
272.00	+1.602e-01	+3.330e-04	+9.261e-09	+3.788e-11	-1.134e-20	-1.396e-13	+1.937e-20
273.00	+1.602e-01	+3.332e-04	+9.488e-09	+2.335e-11	+5.176e-21	+2.029e-13	+9.695e-21
274.00	+1.602e-01	+3.283e-04	+8.763e-09	+3.218e-11	-9.061e-21	-1.199e-13	+1.449e-20
275.00	+1.602e-01	+3.317e-04	+8.664e-09	+2.097e-11	+7.489e-21	+2.701e-13	+4.880e-21
276.00	+1.602e-01	+3.353e-04	+6.980e-09	+6.776e-12	+1.617e-23	+4.471e-14	+1.474e-21
277.00	+1.602e-01	+3.262e-04	+8.874e-09	+1.757e-11	+2.554e-21	+1.209e-13	+6.450e-21
278.00	+1.602e-01	+3.369e-04	+1.361e-08	+3.698e-11	+1.753e-20	+4.744e-13	+1.952e-20
279.00	+1.602e-01	+3.389e-04	+1.210e-08	+2.751e-11	+1.556e-20	+4.804e-13	+3.105e-21
280.00	+1.602e-01	+3.328e-04	+9.053e-09	+2.337e-11	+5.009e-21	+1.956e-13	+9.514e-21
281.00	+1.602e-01	+3.266e-04	+9.672e-09	+3.085e-11	+3.523e-21	+1.458e-13	+1.648e-20
282.00	+1.602e-01	+3.364e-04	+8.904e-09	+2.188e-11	+8.866e-21	+3.994e-13	-3.833e-21
283.00	+1.603e-01	+3.409e-04	+4.356e-09	+2.292e-11	-4.901e-21	-1.690e-13	+5.333e-21
284.00	+1.602e-01	+3.385e-04	+6.889e-09	+2.478e-11	+9.978e-21	+4.512e-13	+2.300e-21
285.00	+1.602e-01	+3.300e-04	+1.354e-08	+3.760e-11	+7.924e-21	+3.110e-13	+2.563e-20
286.00	+1.602e-01	+3.309e-04	+1.172e-08	+2.439e-11	+8.491e-21	+3.221e-13	+9.900e-21
287.00	+1.602e-01	+3.290e-04	+4.637e-09	+2.333e-11	+6.108e-21	+2.457e-13	+4.642e-21
288.00	+1.602e-01	+3.353e-04	+1.003e-08	+2.115e-11	+4.686e-21	+2.467e-13	+8.535e-21
289.00	+1.602e-01	+3.375e-04	+1.015e-08	+3.399e-11	+1.690e-20	+5.359e-13	+1.062e-20
290.00	+1.602e-01	+3.314e-04	+1.491e-08	+5.161e-11	-2.198e-20	-1.411e-13	+3.958e-20
291.00	+1.602e-01	+3.320e-04	+4.816e-09	+3.980e-11	-3.688e-21	-3.325e-14	+1.703e-20
292.00	+1.602e-01	+3.343e-04	+4.615e-09	+8.074e-12	+1.522e-21	+1.167e-13	+3.369e-22
293.00	+1.602e-01	+3.325e-04	+1.028e-08	+3.289e-11	+5.388e-21	+9.329e-14	+1.835e-20
294.00	+1.602e-01	+3.315e-04	+6.092e-09	+1.903e-11	+5.090e-21	+2.818e-13	+4.007e-21
295.00	+1.602e-01	+3.347e-04	+6.788e-09	+2.772e-11	+3.105e-21	+9.731e-14	+1.162e-20
296.00	+1.602e-01	+3.306e-04	+5.854e-09	+1.966e-11	+1.893e-21	+1.608e-13	+6.395e-21
297.00	+1.602e-01	+3.323e-04	+1.228e-08	+4.049e-11	+1.697e-20	+3.688e-13	+2.296e-20
298.00	+1.602e-01	+3.301e-04	+5.782e-09	+1.498e-11	-1.203e-21	-4.477e-14	+4.241e-21
299.00	+1.602e-01	+3.384e-04	+6.727e-09	+1.813e-11	-1.648e-21	+2.856e-15	+6.114e-21
300.00	+1.603e-01	+3.419e-04	+1.246e-08	+4.993e-11	-2.896e-20	-6.438e-13	+2.670e-20
301.00	+1.602e-01	+3.338e-04	+1.714e-08	+4.424e-11	+3.571e-20	+6.861e-13	+1.447e-20
302.00	+1.602e-01	+3.228e-04	+5.718e-09	+1.694e-11	-4.143e-21	-1.163e-13	+3.260e-21
303.00	+1.602e-01	+3.366e-04	+5.250e-09	+7.965e-12	-1.598e-21	-1.423e-13	-3.168e-22
304.00	+1.602e-01	+3.348e-04	+2.386e-09	+4.666e-12	+4.919e-22	+7.946e-14	-2.136e-23
305.00	+1.602e-01	+3.297e-04	+1.803e-09	+1.273e-11	+1.496e-21	+2.179e-13	+1.218e-21
306.00	+1.602e-01	+3.256e-04	+1.154e-08	+2.612e-11	-1.090e-20	-2.841e-13	+9.312e-21
307.00	+1.602e-01	+3.396e-04	+9.706e-09	+2.484e-11	-8.068e-21	-2.177e-13	+9.148e-21
308.00	+1.602e-01	+3.142e-04	+1.311e-09	+6.765e-13	-1.695e-23	-1.149e-14	-1.090e-23
309.00	+1.603e-01	+3.395e-04	+1.117e-08	+2.655e-11	-7.004e-21	-1.087e-13	+1.265e-20
310.00	+1.602e-01	+3.401e-04	+1.179e-08	+3.264e-11	-1.702e-20	-4.568e-13	+1.098e-20
311.00	+1.602e-01	+3.288e-04	+2.562e-08	+7.891e-11	-6.060e-20	-5.991e-13	+9.442e-20
312.00	+1.602e-01	+3.288e-04	+9.975e-09	+1.959e-11	+2.519e-21	+1.281e-13	+8.282e-21
313.00	+1.603e-01	+3.424e-04	+1.836e-08	+5.346e-11	+3.479e-20	+7.641e-13	+3.994e-20
314.00	+1.602e-01	+3.387e-04	+1.201e-08	+3.908e-11	-6.305e-21	-1.235e-13	+2.603e-20
315.00	+1.603e-01	+3.611e-04	+2.758e-09	+6.645e-12	-7.310e-22	-1.025e-13	+5.241e-22
316.00	+1.602e-01	+3.393e-04	+2.707e-09	+6.687e-12	+7.314e-22	+1.135e-13	-5.240e-22
317.00	+1.603e-01	+3.424e-04	+2.812e-08	+8.226e-11	+1.251e-19	+1.515e-12	-2.919e-21
318.00	+1.602e-01	+3.288e-04	+9.399e-09	+1.710e-11	+1.909e-21	+1.065e-13	+6.586e-21
319.00	+1.602e-01	+3.288e-04	+2.500e-09	+2.354e-12	+1.714e-22	+3.972e-14	+5.670e-23
320.00	+1.602e-01	+3.401e-04	+1.489e-08	+3.338e-11	-2.023e-20	-4.856e-13	+1.202e-20
321.00	+1.603e-01	+3.395e-04	+9.772e-09	+8.770e-12	+1.752e-21	+1.096e-13	+1.876e-21
322.00	+1.602e-01	+3.142e-04	+1.543e-08	+6.822e-11	-6.311e-20	-1.104e-12	-3.026e-20
323.00	+1.602e-01	+3.415e-04	+1.801e-08	+5.752e-11	-1.860e-20	-3.234e-13	+5.552e-20
324.00	+1.602e-01	+3.257e-04	+1.443e-08	+3.259e-11	+1.224e-20	+2.878e-13	+1.869e-20
325.00	+1.602e-01	+3.297e-04	+1.059e-08	+5.585e-11	+7.797e-22	-2.298e-13	-4.294e-20
326.00	+1.602e-01	+3.348e-04	+6.001e-09	+3.429e-11	+6.555e-21	+3.506e-13	+1.411e-20
327.00	+1.602e-01	+3.366e-04	+1.366e-08	+4.838e-11	-1.891e-20	-3.654e-13	+3.447e-20
328.00	+1.602e-01	+3.229e-04	+1.070e-08	+2.054e-11	+7.711e-21	+3.497e-13	-5.766e-21
329.00	+1.602e-01	+3.338e-04	+1.515e-08	+5.270e-11	+2.184e-20	+5.425e-13	+4.172e-20
330.00	+1.603e-01	+3.419e-04	+1.348e-08	+3.004e-11	-9.804e-21	-3.111e-13	+1.641e-20
331.00	+1.602e-01	+3.384e-04	+9.977e-09	+3.055e-11	+1.160e-20	+3.002e-13	+1.225e-20
332.00	+1.602e-01	+3.301e-04	+5.585e-09	+2.593e-11	+6.368e-21	+2.305e-13	+7.535e-21
333.00	+1.602e-01	+3.308e-04	+9.362e-09	+3.418e-11	-1.236e-21	+3.186e-15	+1.930e-20
334.00	+1.602e-01	+3.306e-04	+1.078e-08	+2.950e-11	+9.828e-21	+2.182e-13	+1.343e-20
335.00	+1.602e-01	+3.347e-04	+5.585e-09	+1.151e-11	-8.507e-22	-2.848e-14	+2.793e-21
336.00	+1.602e-01	+3.315e-04	+1.212e-08	+3.038e-11	+1.808e-21	+1.715e-14	+1.835e-20
337.00	+1.602e-01	+3.325e-04	+7.495e-09	+2.253e-11	-8.483e-21	-4.108e-13	-3.715e-21
338.00	+1.602e-01	+3.343e-04	+5.704e-09	+2.097e-11	-6.368e-21	-2.514e-13	+3.475e-21
339.00	+1.602e-01	+3.336e-04	+2.166e-09	+1.459e-11	-2.497e-21	-1.086e-13	-7.021e-22
340.00	+1.602e-01	+3.314e-04	+1.346e-08	+6.025e-11	+5.098e-20	+1.097e-12	-1.860e-20
341.00	+1.602e-01	+3.375e-04	+4.934e-09	+1.093e-11	+1.454e-21	+1.235e-13	+2.079e-21
342.00	+1.602e-01	+3.353e-04	+4.868e-09	+1.025e-11	+2.282e-21	+1.792e-13	+2.016e-22
343.00	+1.602e-01	+3.290e-04	+5.401e-09	+1.267e-11	-3.149e-21	-1.761e-13	+1.035e-21
344.00	+1.602e-01	+3.326e-04	+9.668e-09	+3.754e-11	+6.468e-21	+2.237e-13	+2.167e-20
345.00	+1.602e-01	+3.300e-04	+1.569e-08	+4.479e-11	+2.416e-20	+4.901e-13	+2.873e-20
346.00	+1.602e-01	+3.366e-04	+1.973e-09	+5.463e-12	-2.519e-22	-1.915e-14	+5.081e-22
347.00	+1.603e-01	+3.409e-04	+6.447e-09	+5.176e-12	+9.049e-22	+6.998e-14	+2.746e-22
348.00	+1.602e-01	+3.364e-04	+8.991e-09	+3.563e-11	-1.489e-20	-2.573e-13	+1.360e-20
349.00	+1.602e-01	+3.266e-04	+9.042e-09	+1.518e-11	+2.444e-21	+1.251e-13	+5.066e-21
350.00	+1.602e-01	+3.328e-04	+9.104e-09	+2.963e-11	+9.140e-21	+2.879e-13	+1.238e-20
351.00	+1.602e-01	+3.388e-04	+1.562e-08	+4.749e-11	-5.248e-21	+2.326e-14	+4.056e-20
352.00	+1.602e-01	+3.369e-04	+1.553e-08	+5.165e-11	+3.578e-20	+6.691e-13	+2.933e-20
353.00	+1.602e-01	+3.262e-04	+9.350e-09	+3.447e-11	+9.115e-21	+2.827e-13	+1.731e-20
354.00	+1.602e-01	+3.353e-04	+8.733e-09	+1.243e-11	+2.767e-21	+1.699e-13	+3.016e-21
355.00	+1.602e-01	+3.300e-04	+4.358e-09	+3.608e-11	+8.952e-21	+4.185e-13	+1.116e-20
356.00	+1.602e-01	+3.283e-04	+9.213e-09	+1.669e-11	+5.673e-21	+3.024e-13	-3.261e-21
357.00	+1.602e-01	+3.332e-04	+9.621e-09	+1.712e-11	-3.562e-21	-6.901e-14	+5.966e-21
358.00	+1.602e-01	+3.330e-04	+9.219e-09	+1.732e-11	+6.920e-21	+2.915e-13	+1.951e-22
359.00	+1.602e-01	+3.316e-04	+9.357e-09	+3.223e-11	+1.128e-20	+3.394e-13	+1.364e-20
