0	2.080000e-01	2.304000e-03	1.061683e-02	2.949120e-04	5.218385e-07	1.415578e-05	-0.000000e+00
1	1.712963e-01	3.429355e-04	2.146522e-03	1.270132e-05	2.097205e-09	2.352096e-07	-3.713921e-22
2	1.712963e-01	3.429355e-04	2.146522e-03	1.270132e-05	2.097205e-09	2.352096e-07	-3.713921e-22
3	1.712963e-01	3.429355e-04	2.146522e-03	1.270132e-05	2.097205e-09	2.352096e-07	-3.713921e-22
4	1.712963e-01	3.429355e-04	2.146522e-03	1.270132e-05	2.097205e-09	2.352096e-07	-3.713921e-22
5	1.712963e-01	3.429355e-04	2.146522e-03	1.270132e-05	2.097205e-09	2.352096e-07	-3.713921e-22
6	1.712963e-01	3.429355e-04	2.146522e-03	1.270132e-05	2.097205e-09	2.352096e-07	-3.713921e-22
7	1.712963e-01	3.429355e-04	2.146522e-03	1.270132e-05	2.097205e-09	2.352096e-07	-3.713921e-22
8	1.712963e-01	3.429355e-04	2.146522e-03	1.270132e-05	2.097205e-09	2.352096e-07	-3.713921e-22
9	1.712963e-01	3.429355e-04	2.146522e-03	1.270132e-05	2.097205e-09	2.352096e-07	-3.713921e-22
10	1.712963e-01	3.429355e-04	2.146522e-03	1.270132e-05	2.097205e-09	2.352096e-07	-3.713921e-22
11	1.712963e-01	3.429355e-04	2.146522e-03	1.270132e-05	2.097205e-09	2.352096e-07	-3.713921e-22
12	2.013889e-01	4.099151e-03	4.918981e-03	1.607510e-04	5.891724e-08	-2.232653e-06	-1.302381e-07
13	2.013889e-01	4.099151e-03	4.918981e-03	1.607510e-04	5.891724e-08	-2.232653e-06	-1.302381e-07
14	2.013524e-01	1.573753e-03	6.593162e-03	1.811109e-04	-4.515626e-08	-2.316797e-06	-1.926877e-07
15	1.915509e-01	2.966191e-03	3.968219e-03	9.196128e-05	-4.306779e-08	-4.889458e-06	3.508946e-08
16	1.838871e-01	1.193335e-03	2.350295e-03	3.529558e-05	-1.013751e-08	-1.217969e-06	-7.579483e-10
17	1.893313e-01	2.551422e-04	3.364388e-03	1.799955e-05	1.749251e-09	-1.444328e-07	4.069369e-09
18	1.893313e-01	2.551422e-04	3.364388e-03	1.799955e-05	1.749251e-09	-1.444328e-07	4.069369e-09
19	1.893313e-01	2.551422e-04	3.364388e-03	1.799955e-05	1.749251e-09	-1.444328e-07	4.069369e-09
20	1.759259e-01	2.143347e-05	1.490916e-03	7.392563e-05	2.253127e-08	3.275477e-07	9.730213e-09
21	1.620391e-01	2.394957e-04	9.408393e-04	1.043425e-05	-5.949103e-10	-1.222482e-07	-8.455108e-10
22	1.620391e-01	2.394957e-04	9.408393e-04	1.043425e-05	-5.949103e-10	-1.222482e-07	-8.455108e-10
23	1.828704e-01	5.840621e-04	1.572185e-03	9.089379e-05	-3.195322e-08	-2.195902e-06	1.263333e-08
24	1.932870e-01	1.898202e-03	3.947114e-03	2.313277e-06	-1.802080e-10	4.340552e-08	-1.280081e-10
25	2.223892e-01	3.533607e-03	6.948284e-03	5.069239e-05	-2.913443e-08	-2.464674e-06	7.503629e-09
26	2.223892e-01	3.533607e-03	6.948284e-03	5.069239e-05	-2.913443e-08	-2.464674e-06	7.503629e-09
27	2.223892e-01	3.533607e-03	6.948284e-03	5.069239e-05	-2.913443e-08	-2.464674e-06	7.503629e-09
28	1.893313e-01	8.512267e-04	3.078885e-03	9.863662e-06	1.709934e-10	-7.360499e-08	1.710387e-09
29	1.822917e-01	2.076702e-03	1.623648e-03	4.225994e-05	-1.030815e-08	1.530697e-06	-4.035116e-09
30	1.712998e-01	3.093317e-04	2.294898e-03	2.289533e-05	5.247958e-09	-5.346243e-08	3.870734e-11
31	1.712963e-01	3.429355e-04	2.146522e-03	1.270132e-05	2.097205e-09	2.352096e-07	2.611351e-23
32	1.712963e-01	3.429355e-04	2.146522e-03	1.270132e-05	2.097205e-09	2.352096e-07	2.611351e-23
33	1.838871e-01	2.109054e-03	2.550986e-03	2.499562e-05	4.932466e-09	2.282919e-07	-3.938143e-09
34	1.712963e-01	3.429355e-04	2.146522e-03	1.270132e-05	2.097205e-09	2.352096e-07	2.611351e-23
35	1.712963e-01	3.429355e-04	2.146522e-03	1.270132e-05	2.097205e-09	2.352096e-07	2.611351e-23
36	1.712963e-01	3.429355e-04	2.146522e-03	1.270132e-05	2.097205e-09	2.352096e-07	2.611351e-23
37	2.085048e-01	1.204273e-03	6.346975e-03	3.569249e-05	9.820549e-09	1.213584e-06	1.386208e-08
38	1.697971e-01	1.411185e-03	1.676373e-03	5.874939e-05	3.434917e-09	-4.801180e-07	-1.811421e-08
39	1.697971e-01	1.411185e-03	1.676373e-03	5.874939e-05	3.434917e-09	-4.801180e-07	-1.811421e-08
40	1.766045e-01	2.155461e-03	1.240837e-03	1.731510e-05	2.538019e-09	8.038874e-07	-1.754681e-22
41	1.766045e-01	2.155461e-03	1.240837e-03	1.731510e-05	2.538019e-09	8.038874e-07	-1.754681e-22
42	1.766045e-01	2.155461e-03	1.240837e-03	1.731510e-05	2.538019e-09	8.038874e-07	-1.754681e-22
43	1.766045e-01	2.155461e-03	1.240837e-03	1.731510e-05	2.538019e-09	8.038874e-07	-1.754681e-22
44	1.766045e-01	2.155461e-03	1.240837e-03	1.731510e-05	2.538019e-09	8.038874e-07	-1.754681e-22
45	1.767493e-01	7.470580e-04	1.919438e-03	1.945923e-05	1.845680e-09	1.999453e-07	3.276701e-09
46	1.637731e-01	1.197930e-03	1.097585e-03	1.214393e-05	-9.411881e-10	-1.679824e-07	1.039163e-09
47	1.788129e-01	1.648264e-03	1.531064e-03	1.622173e-05	-9.255016e-10	6.493913e-07	2.383075e-09
48	2.000000e-01	1.360000e-03	2.916000e-03	3.600000e-05	-1.091750e-08	5.472000e-07	-4.105728e-09
49	2.146991e-01	6.031513e-04	4.370029e-03	7.298993e-05	1.621487e-08	1.718575e-06	-3.789974e-08
50	1.893491e-01	4.309265e-04	2.768193e-03	1.995266e-05	-3.359730e-09	-3.055887e-07	3.271220e-09
51	1.778426e-01	2.124965e-04	1.539593e-03	1.638639e-06	-8.230532e-11	2.388687e-08	0.000000e+00
52	1.811561e-01	4.980516e-04	2.259739e-03	1.225216e-05	-2.037600e-09	-7.702607e-09	6.620286e-11
53	1.811561e-01	4.980516e-04	2.259739e-03	1.225216e-05	-2.037600e-09	-7.702607e-09	6.620286e-11
54	1.767493e-01	7.470580e-04	1.919438e-03	1.945923e-05	1.845680e-09	1.999453e-07	-3.276701e-09
55	1.767493e-01	7.470580e-04	1.919438e-03	1.945923e-05	1.845680e-09	1.999453e-07	-3.276701e-09
56	1.886574e-01	1.673150e-03	4.214908e-03	9.804448e-05	1.551057e-08	3.888875e-06	6.108899e-08
57	1.712998e-01	3.093317e-04	2.294898e-03	2.289533e-05	5.247958e-09	-5.346243e-08	-3.870734e-11
58	1.712998e-01	3.093317e-04	2.294898e-03	2.289533e-05	5.247958e-09	-5.346243e-08	-3.870734e-11
59	1.802458e-01	3.521996e-04	2.268778e-03	3.617804e-05	-8.075162e-09	2.679834e-07	6.497854e-09
60	1.998497e-01	2.063717e-03	2.678662e-03	1.225006e-04	6.238114e-08	4.766430e-06	3.213655e-08
61	1.998497e-01	2.063717e-03	2.678662e-03	1.225006e-04	6.238114e-08	4.766430e-06	3.213655e-08
62	1.998497e-01	2.063717e-03	2.678662e-03	1.225006e-04	6.238114e-08	4.766430e-06	3.213655e-08
63	1.998497e-01	2.063717e-03	2.678662e-03	1.225006e-04	6.238114e-08	4.766430e-06	3.213655e-08
64	1.998497e-01	2.063717e-03	2.678662e-03	1.225006e-04	6.238114e-08	4.766430e-06	3.213655e-08
65	1.898148e-01	2.786351e-03	2.044614e-03	3.463093e-05	3.817715e-09	1.705729e-06	8.387124e-09
66	1.898148e-01	2.786351e-03	2.044614e-03	3.463093e-05	3.817715e-09	1.705729e-06	8.387124e-09
67	1.707176e-01	3.700623e-04	1.176147e-03	2.000473e-05	3.026572e-09	3.735781e-07	-5.056822e-10
68	1.707176e-01	3.700623e-04	1.176147e-03	2.000473e-05	3.026572e-09	3.735781e-07	-5.056822e-10
69	1.707176e-01	3.700623e-04	1.176147e-03	2.000473e-05	3.026572e-09	3.735781e-07	-5.056822e-10
70	1.707176e-01	3.700623e-04	1.176147e-03	2.000473e-05	3.026572e-09	3.735781e-07	-5.056822e-10
71	1.712998e-01	3.093317e-04	2.294898e-03	2.289533e-05	5.247958e-09	-5.346243e-08	3.870734e-11
72	1.712998e-01	3.093317e-04	2.294898e-03	2.289533e-05	5.247958e-09	-5.346243e-08	3.870734e-11
73	1.637731e-01	1.197930e-03	1.097585e-03	1.214393e-05	-9.411881e-10	-1.679824e-07	1.039163e-09
74	1.828704e-01	5.840621e-04	1.572185e-03	9.089379e-05	-3.195322e-08	-2.195902e-06	-1.263333e-08
75	1.759259e-01	2.143347e-05	1.490916e-03	7.392563e-05	2.253127e-08	3.275477e-07	-9.730213e-09
76	1.759259e-01	2.143347e-05	1.490916e-03	7.392563e-05	2.253127e-08	3.275477e-07	-9.730213e-09
77	1.828704e-01	2.641675e-03	2.058010e-03	8.136780e-05	3.218040e-08	3.118364e-06	-8.549826e-09
78	1.766045e-01	1.379794e-03	9.738366e-04	2.036513e-05	1.798825e-09	7.556238e-07	-2.233708e-09
79	1.712963e-01	3.429355e-04	2.146522e-03	1.270132e-05	2.097205e-09	2.352096e-07	-3.917026e-22
80	1.712963e-01	3.429355e-04	2.146522e-03	1.270132e-05	2.097205e-09	2.352096e-07	-3.917026e-22
81	1.712963e-01	3.429355e-04	2.146522e-03	1.270132e-05	2.097205e-09	2.352096e-07	-3.917026e-22
82	1.712963e-01	3.429355e-04	2.146522e-03	1.270132e-05	2.097205e-09	2.352096e-07	-3.917026e-22
83	1.712963e-01	3.429355e-04	2.146522e-03	1.270132e-05	2.097205e-09	2.352096e-07	-3.917026e-22
84	1.712963e-01	3.429355e-04	2.146522e-03	1.270132e-05	2.097205e-09	2.352096e-07	-3.917026e-22
85	1.712963e-01	3.429355e-04	2.146522e-03	1.270132e-05	2.097205e-09	2.352096e-07	-3.917026e-22
86	1.712963e-01	3.429355e-04	2.146522e-03	1.270132e-05	2.097205e-09	2.352096e-07	-3.917026e-22
87	1.712963e-01	3.429355e-04	2.146522e-03	1.270132e-05	2.097205e-09	2.352096e-07	-3.917026e-22
88	1.712963e-01	3.429355e-04	2.146522e-03	1.270132e-05	2.097205e-09	2.352096e-07	-3.917026e-22
89	1.833208e-01	1.790511e-03	3.055526e-03	3.740965e-05	-1.036553e-08	-2.683165e-07	-7.247420e-09
90	2.080000e-01	2.304000e-03	1.061683e-02	2.949120e-04	5.218385e-07	1.415578e-05	-9.655952e-21
91	1.712963e-01	3.429355e-04	2.146522e-03	1.270132e-05	2.097205e-09	2.352096e-07	-5.135656e-22
92	1.712963e-01	3.429355e-04	2.146522e-03	1.270132e-05	2.097205e-09	2.352096e-07	-5.135656e-22
93	1.712963e-01	3.429355e-04	2.146522e-03	1.270132e-05	2.097205e-09	2.352096e-07	-5.135656e-22
94	1.712963e-01	3.429355e-04	2.146522e-03	1.270132e-05	2.097205e-09	2.352096e-07	-5.135656e-22
95	1.712963e-01	3.429355e-04	2.146522e-03	1.270132e-05	2.097205e-09	2.352096e-07	-5.135656e-22
96	1.712963e-01	3.429355e-04	2.146522e-03	1.270132e-05	2.097205e-09	2.352096e-07	-5.135656e-22
97	1.712963e-01	3.429355e-04	2.146522e-03	1.270132e-05	2.097205e-09	2.352096e-07	-5.135656e-22
98	1.712963e-01	3.429355e-04	2.146522e-03	1.270132e-05	2.097205e-09	2.352096e-07	-5.135656e-22
99	1.712963e-01	3.429355e-04	2.146522e-03	1.270132e-05	2.097205e-09	2.352096e-07	-5.135656e-22
100	1.712963e-01	3.429355e-04	2.146522e-03	1.270132e-05	2.097205e-09	2.352096e-07	-5.135656e-22
101	1.712963e-01	3.429355e-04	2.146522e-03	1.270132e-05	2.097205e-09	2.352096e-07	-5.135656e-22
102	2.013889e-01	4.099151e-03	4.918981e-03	1.607510e-04	5.891724e-08	-2.232653e-06	-1.302381e-07
103	2.013889e-01	4.099151e-03	4.918981e-03	1.607510e-04	5.891724e-08	-2.232653e-06	-1.302381e-07
104	2.013524e-01	1.573753e-03	6.593162e-03	1.811109e-04	-4.515626e-08	-2.316797e-06	-1.926877e-07
105	1.915509e-01	2.966191e-03	3.968219e-03	9.196128e-05	-4.306779e-08	-4.889458e-06	3.508946e-08
106	1.838871e-01	1.193335e-03	2.350295e-03	3.529558e-05	-1.013751e-08	-1.217969e-06	-7.579483e-10
107	1.893313e-01	2.551422e-04	3.364388e-03	1.799955e-05	1.749251e-09	-1.444328e-07	4.069369e-09
108	1.893313e-01	2.551422e-04	3.364388e-03	1.799955e-05	1.749251e-09	-1.444328e-07	4.069369e-09
109	1.893313e-01	2.551422e-04	3.364388e-03	1.799955e-05	1.749251e-09	-1.444328e-07	4.069369e-09
110	1.759259e-01	2.143347e-05	1.490916e-03	7.392563e-05	2.253127e-08	3.275477e-07	9.730213e-09
111	1.620391e-01	2.394957e-04	9.408393e-04	1.043425e-05	-5.949103e-10	-1.222482e-07	-8.455108e-10
112	1.620391e-01	2.394957e-04	9.408393e-04	1.043425e-05	-5.949103e-10	-1.222482e-07	-8.455108e-10
113	1.828704e-01	5.840621e-04	1.572185e-03	9.089379e-05	-3.195322e-08	-2.195902e-06	1.263333e-08
114	1.932870e-01	1.898202e-03	3.947114e-03	2.313277e-06	-1.802080e-10	4.340552e-08	-1.280081e-10
115	2.223892e-01	3.533607e-03	6.948284e-03	5.069239e-05	-2.913443e-08	-2.464674e-06	7.503629e-09
116	2.223892e-01	3.533607e-03	6.948284e-03	5.069239e-05	-2.913443e-08	-2.464674e-06	7.503629e-09
117	2.223892e-01	3.533607e-03	6.948284e-03	5.069239e-05	-2.913443e-08	-2.464674e-06	7.503629e-09
118	1.893313e-01	8.512267e-04	3.078885e-03	9.863662e-06	1.709934e-10	-7.360499e-08	1.710387e-09
119	1.822917e-01	2.076702e-03	1.623648e-03	4.225994e-05	-1.030815e-08	1.530697e-06	-4.035116e-09
120	1.712998e-01	3.093317e-04	2.294898e-03	2.289533e-05	5.247958e-09	-5.346243e-08	3.870734e-11
121	1.712963e-01	3.429355e-04	2.146522e-03	1.270132e-05	2.097205e-09	2.352096e-07	-3.713921e-22
122	1.712963e-01	3.429355e-04	2.146522e-03	1.270132e-05	2.097205e-09	2.352096e-07	-3.713921e-22
123	1.838871e-01	2.109054e-03	2.550986e-03	2.499562e-05	4.932466e-09	2.282919e-07	-3.938143e-09
124	1.712963e-01	3.429355e-04	2.146522e-03	1.270132e-05	2.097205e-09	2.352096e-07	-3.713921e-22
125	1.712963e-01	3.429355e-04	2.146522e-03	1.270132e-05	2.097205e-09	2.352096e-07	-3.713921e-22
126	1.712963e-01	3.429355e-04	2.146522e-03	1.270132e-05	2.097205e-09	2.352096e-07	-3.713921e-22
127	2.085048e-01	1.204273e-03	6.346975e-03	3.569249e-05	9.820549e-09	1.213584e-06	1.386208e-08
128	1.697971e-01	1.411185e-03	1.676373e-03	5.874939e-05	3.434917e-09	-4.801180e-07	-1.811421e-08
129	1.697971e-01	1.411185e-03	1.676373e-03	5.874939e-05	3.434917e-09	-4.801180e-07	-1.811421e-08
130	1.766045e-01	2.155461e-03	1.240837e-03	1.731510e-05	2.538019e-09	8.038874e-07	-2.462653e-22
131	1.766045e-01	2.155461e-03	1.240837e-03	1.731510e-05	2.538019e-09	8.038874e-07	-2.462653e-22
132	1.766045e-01	2.155461e-03	1.240837e-03	1.731510e-05	2.538019e-09	8.038874e-07	-2.462653e-22
133	1.766045e-01	2.155461e-03	1.240837e-03	1.731510e-05	2.538019e-09	8.038874e-07	-2.462653e-22
134	1.766045e-01	2.155461e-03	1.240837e-03	1.731510e-05	2.538019e-09	8.038874e-07	-2.462653e-22
135	1.767493e-01	7.470580e-04	1.919438e-03	1.945923e-05	1.845680e-09	1.999453e-07	3.276701e-09
136	1.637731e-01	1.197930e-03	1.097585e-03	1.214393e-05	-9.411881e-10	-1.679824e-07	1.039163e-09
137	1.788129e-01	1.648264e-03	1.531064e-03	1.622173e-05	-9.255016e-10	6.493913e-07	2.383075e-09
138	2.000000e-01	1.360000e-03	2.916000e-03	3.600000e-05	-1.091750e-08	5.472000e-07	-4.105728e-09
139	2.146991e-01	6.031513e-04	4.370029e-03	7.298993e-05	1.621487e-08	1.718575e-06	-3.789974e-08
140	1.893491e-01	4.309265e-04	2.768193e-03	1.995266e-05	-3.359730e-09	-3.055887e-07	3.271220e-09
141	1.778426e-01	2.124965e-04	1.539593e-03	1.638639e-06	-8.230532e-11	2.388687e-08	-1.447375e-23
142	1.811561e-01	4.980516e-04	2.259739e-03	1.225216e-05	-2.037600e-09	-7.702607e-09	6.620286e-11
143	1.811561e-01	4.980516e-04	2.259739e-03	1.225216e-05	-2.037600e-09	-7.702607e-09	6.620286e-11
144	1.767493e-01	7.470580e-04	1.919438e-03	1.945923e-05	1.845680e-09	1.999453e-07	-3.276701e-09
145	1.767493e-01	7.470580e-04	1.919438e-03	1.945923e-05	1.845680e-09	1.999453e-07	-3.276701e-09
146	1.886574e-01	1.673150e-03	4.214908e-03	9.804448e-05	1.551057e-08	3.888875e-06	6.108899e-08
147	1.712998e-01	3.093317e-04	2.294898e-03	2.289533e-05	5.247958e-09	-5.346243e-08	-3.870734e-11
148	1.712998e-01	3.093317e-04	2.294898e-03	2.289533e-05	5.247958e-09	-5.346243e-08	-3.870734e-11
149	1.802458e-01	3.521996e-04	2.268778e-03	3.617804e-05	-8.075162e-09	2.679834e-07	6.497854e-09
150	1.998497e-01	2.063717e-03	2.678662e-03	1.225006e-04	6.238114e-08	4.766430e-06	3.213655e-08
151	1.998497e-01	2.063717e-03	2.678662e-03	1.225006e-04	6.238114e-08	4.766430e-06	3.213655e-08
152	1.998497e-01	2.063717e-03	2.678662e-03	1.225006e-04	6.238114e-08	4.766430e-06	3.213655e-08
153	1.998497e-01	2.063717e-03	2.678662e-03	1.225006e-04	6.238114e-08	4.766430e-06	3.213655e-08
154	1.998497e-01	2.063717e-03	2.678662e-03	1.225006e-04	6.238114e-08	4.766430e-06	3.213655e-08
155	1.898148e-01	2.786351e-03	2.044614e-03	3.463093e-05	3.817715e-09	1.705729e-06	8.387124e-09
156	1.898148e-01	2.786351e-03	2.044614e-03	3.463093e-05	3.817715e-09	1.705729e-06	8.387124e-09
157	1.707176e-01	3.700623e-04	1.176147e-03	2.000473e-05	3.026572e-09	3.735781e-07	-5.056822e-10
158	1.707176e-01	3.700623e-04	1.176147e-03	2.000473e-05	3.026572e-09	3.735781e-07	-5.056822e-10
159	1.707176e-01	3.700623e-04	1.176147e-03	2.000473e-05	3.026572e-09	3.735781e-07	-5.056822e-10
160	1.707176e-01	3.700623e-04	1.176147e-03	2.000473e-05	3.026572e-09	3.735781e-07	-5.056822e-10
161	1.712998e-01	3.093317e-04	2.294898e-03	2.289533e-05	5.247958e-09	-5.346243e-08	3.870734e-11
162	1.712998e-01	3.093317e-04	2.294898e-03	2.289533e-05	5.247958e-09	-5.346243e-08	3.870734e-11
163	1.637731e-01	1.197930e-03	1.097585e-03	1.214393e-05	-9.411881e-10	-1.679824e-07	1.039163e-09
164	1.828704e-01	5.840621e-04	1.572185e-03	9.089379e-05	-3.195322e-08	-2.195902e-06	-1.263333e-08
165	1.759259e-01	2.143347e-05	1.490916e-03	7.392563e-05	2.253127e-08	3.275477e-07	-9.730213e-09
166	1.759259e-01	2.143347e-05	1.490916e-03	7.392563e-05	2.253127e-08	3.275477e-07	-9.730213e-09
167	1.828704e-01	2.641675e-03	2.058010e-03	8.136780e-05	3.218040e-08	3.118364e-06	-8.549826e-09
168	1.766045e-01	1.379794e-03	9.738366e-04	2.036513e-05	1.798825e-09	7.556238e-07	-2.233708e-09
169	1.712963e-01	3.429355e-04	2.146522e-03	1.270132e-05	2.097205e-09	2.352096e-07	3.713921e-22
170	1.712963e-01	3.429355e-04	2.146522e-03	1.270132e-05	2.097205e-09	2.352096e-07	3.713921e-22
171	1.712963e-01	3.429355e-04	2.146522e-03	1.270132e-05	2.097205e-09	2.352096e-07	3.713921e-22
172	1.712963e-01	3.429355e-04	2.146522e-03	1.270132e-05	2.097205e-09	2.352096e-07	3.713921e-22
173	1.712963e-01	3.429355e-04	2.146522e-03	1.270132e-05	2.097205e-09	2.352096e-07	3.713921e-22
174	1.712963e-01	3.429355e-04	2.146522e-03	1.270132e-05	2.097205e-09	2.352096e-07	3.713921e-22
175	1.712963e-01	3.429355e-04	2.146522e-03	1.270132e-05	2.097205e-09	2.352096e-07	3.713921e-22
176	1.712963e-01	3.429355e-04	2.146522e-03	1.270132e-05	2.097205e-09	2.352096e-07	3.713921e-22
177	1.712963e-01	3.429355e-04	2.146522e-03	1.270132e-05	2.097205e-09	2.352096e-07	3.713921e-22
178	1.712963e-01	3.429355e-04	2.146522e-03	1.270132e-05	2.097205e-09	2.352096e-07	3.713921e-22
179	1.833208e-01	1.790511e-03	3.055526e-03	3.740965e-05	-1.036553e-08	-2.683165e-07	-7.247420e-09
180	2.080000e-01	2.304000e-03	1.061683e-02	2.949120e-04	5.218385e-07	1.415578e-05	7.724762e-20
181	1.712963e-01	3.429355e-04	2.146522e-03	1.270132e-05	2.097205e-09	2.352096e-07	0.000000e+00
182	1.712963e-01	3.429355e-04	2.146522e-03	1.270132e-05	2.097205e-09	2.352096e-07	0.000000e+00
183	1.712963e-01	3.429355e-04	2.146522e-03	1.270132e-05	2.097205e-09	2.352096e-07	0.000000e+00
184	1.712963e-01	3.429355e-04	2.146522e-03	1.270132e-05	2.097205e-09	2.352096e-07	0.000000e+00
185	1.712963e-01	3.429355e-04	2.146522e-03	1.270132e-05	2.097205e-09	2.352096e-07	0.000000e+00
186	1.712963e-01	3.429355e-04	2.146522e-03	1.270132e-05	2.097205e-09	2.352096e-07	0.000000e+00
187	1.712963e-01	3.429355e-04	2.146522e-03	1.270132e-05	2.097205e-09	2.352096e-07	0.000000e+00
188	1.712963e-01	3.429355e-04	2.146522e-03	1.270132e-05	2.097205e-09	2.352096e-07	0.000000e+00
189	1.712963e-01	3.429355e-04	2.146522e-03	1.270132e-05	2.097205e-09	2.352096e-07	0.000000e+00
190	1.712963e-01	3.429355e-04	2.146522e-03	1.270132e-05	2.097205e-09	2.352096e-07	0.000000e+00
191	1.712963e-01	3.429355e-04	2.146522e-03	1.270132e-05	2.097205e-09	2.352096e-07	0.000000e+00
192	2.013889e-01	4.099151e-03	4.918981e-03	1.607510e-04	5.891724e-08	-2.232653e-06	-1.302381e-07
193	2.013889e-01	4.099151e-03	4.918981e-03	1.607510e-04	5.891724e-08	-2.232653e-06	-1.302381e-07
194	2.013524e-01	1.573753e-03	6.593162e-03	1.811109e-04	-4.515626e-08	-2.316797e-06	-1.926877e-07
195	1.915509e-01	2.966191e-03	3.968219e-03	9.196128e-05	-4.306779e-08	-4.889458e-06	3.508946e-08
196	1.838871e-01	1.193335e-03	2.350295e-03	3.529558e-05	-1.013751e-08	-1.217969e-06	-7.579483e-10
197	1.893313e-01	2.551422e-04	3.364388e-03	1.799955e-05	1.749251e-09	-1.444328e-07	4.069369e-09
198	1.893313e-01	2.551422e-04	3.364388e-03	1.799955e-05	1.749251e-09	-1.444328e-07	4.069369e-09
199	1.893313e-01	2.551422e-04	3.364388e-03	1.799955e-05	1.749251e-09	-1.444328e-07	4.069369e-09
200	1.759259e-01	2.143347e-05	1.490916e-03	7.392563e-05	2.253127e-08	3.275477e-07	9.730213e-09
201	1.620391e-01	2.394957e-04	9.408393e-04	1.043425e-05	-5.949103e-10	-1.222482e-07	-8.455108e-10
202	1.620391e-01	2.394957e-04	9.408393e-04	1.043425e-05	-5.949103e-10	-1.222482e-07	-8.455108e-10
203	1.828704e-01	5.840621e-04	1.572185e-03	9.089379e-05	-3.195322e-08	-2.195902e-06	1.263333e-08
204	1.932870e-01	1.898202e-03	3.947114e-03	2.313277e-06	-1.802080e-10	4.340552e-08	-1.280081e-10
205	2.223892e-01	3.533607e-03	6.948284e-03	5.069239e-05	-2.913443e-08	-2.464674e-06	7.503629e-09
206	2.223892e-01	3.533607e-03	6.948284e-03	5.069239e-05	-2.913443e-08	-2.464674e-06	7.503629e-09
207	2.223892e-01	3.533607e-03	6.948284e-03	5.069239e-05	-2.913443e-08	-2.464674e-06	7.503629e-09
208	1.893313e-01	8.512267e-04	3.078885e-03	9.863662e-06	1.709934e-10	-7.360499e-08	1.710387e-09
209	1.822917e-01	2.076702e-03	1.623648e-03	4.225994e-05	-1.030815e-08	1.530697e-06	-4.035116e-09
210	1.712998e-01	3.093317e-04	2.294898e-03	2.289533e-05	5.247958e-09	-5.346243e-08	3.870734e-11
211	1.712963e-01	3.429355e-04	2.146522e-03	1.270132e-05	2.097205e-09	2.352096e-07	1.508780e-22
212	1.712963e-01	3.429355e-04	2.146522e-03	1.270132e-05	2.097205e-09	2.352096e-07	1.508780e-22
213	1.838871e-01	2.109054e-03	2.550986e-03	2.499562e-05	4.932466e-09	2.282919e-07	-3.938143e-09
214	1.712963e-01	3.429355e-04	2.146522e-03	1.270132e-05	2.097205e-09	2.352096e-07	1.508780e-22
215	1.712963e-01	3.429355e-04	2.146522e-03	1.270132e-05	2.097205e-09	2.352096e-07	1.508780e-22
216	1.712963e-01	3.429355e-04	2.146522e-03	1.270132e-05	2.097205e-09	2.352096e-07	1.508780e-22
217	2.085048e-01	1.204273e-03	6.346975e-03	3.569249e-05	9.820549e-09	1.213584e-06	1.386208e-08
218	1.697971e-01	1.411185e-03	1.676373e-03	5.874939e-05	3.434917e-09	-4.801180e-07	-1.811421e-08
219	1.697971e-01	1.411185e-03	1.676373e-03	5.874939e-05	3.434917e-09	-4.801180e-07	-1.811421e-08
220	1.766045e-01	2.155461e-03	1.240837e-03	1.731510e-05	2.538019e-09	8.038874e-07	3.095256e-22
221	1.766045e-01	2.155461e-03	1.240837e-03	1.731510e-05	2.538019e-09	8.038874e-07	3.095256e-22
222	1.766045e-01	2.155461e-03	1.240837e-03	1.731510e-05	2.538019e-09	8.038874e-07	3.095256e-22
223	1.766045e-01	2.155461e-03	1.240837e-03	1.731510e-05	2.538019e-09	8.038874e-07	3.095256e-22
224	1.766045e-01	2.155461e-03	1.240837e-03	1.731510e-05	2.538019e-09	8.038874e-07	3.095256e-22
225	1.767493e-01	7.470580e-04	1.919438e-03	1.945923e-05	1.845680e-09	1.999453e-07	3.276701e-09
226	1.637731e-01	1.197930e-03	1.097585e-03	1.214393e-05	-9.411881e-10	-1.679824e-07	1.039163e-09
227	1.788129e-01	1.648264e-03	1.531064e-03	1.622173e-05	-9.255016e-10	6.493913e-07	2.383075e-09
228	2.000000e-01	1.360000e-03	2.916000e-03	3.600000e-05	-1.091750e-08	5.472000e-07	-4.105728e-09
229	2.146991e-01	6.031513e-04	4.370029e-03	7.298993e-05	1.621487e-08	1.718575e-06	-3.789974e-08
230	1.893491e-01	4.309265e-04	2.768193e-03	1.995266e-05	-3.359730e-09	-3.055887e-07	3.271220e-09
231	1.778426e-01	2.124965e-04	1.539593e-03	1.638639e-06	-8.230532e-11	2.388687e-08	-3.087734e-23
232	1.811561e-01	4.980516e-04	2.259739e-03	1.225216e-05	-2.037600e-09	-7.702607e-09	6.620286e-11
233	1.811561e-01	4.980516e-04	2.259739e-03	1.225216e-05	-2.037600e-09	-7.702607e-09	6.620286e-11
234	1.767493e-01	7.470580e-04	1.919438e-03	1.945923e-05	1.845680e-09	1.999453e-07	-3.276701e-09
235	1.767493e-01	7.470580e-04	1.919438e-03	1.945923e-05	1.845680e-09	1.999453e-07	-3.276701e-09
236	1.886574e-01	1.673150e-03	4.214908e-03	9.804448e-05	1.551057e-08	3.888875e-06	6.108899e-08
237	1.712998e-01	3.093317e-04	2.294898e-03	2.289533e-05	5.247958e-09	-5.346243e-08	-3.870734e-11
238	1.712998e-01	3.093317e-04	2.294898e-03	2.289533e-05	5.247958e-09	-5.346243e-08	-3.870734e-11
239	1.802458e-01	3.521996e-04	2.268778e-03	3.617804e-05	-8.075162e-09	2.679834e-07	6.497854e-09
240	1.998497e-01	2.063717e-03	2.678662e-03	1.225006e-04	6.238114e-08	4.766430e-06	3.213655e-08
241	1.998497e-01	2.063717e-03	2.678662e-03	1.225006e-04	6.238114e-08	4.766430e-06	3.213655e-08
242	1.998497e-01	2.063717e-03	2.678662e-03	1.225006e-04	6.238114e-08	4.766430e-06	3.213655e-08
243	1.998497e-01	2.063717e-03	2.678662e-03	1.225006e-04	6.238114e-08	4.766430e-06	3.213655e-08
244	1.998497e-01	2.063717e-03	2.678662e-03	1.225006e-04	6.238114e-08	4.766430e-06	3.213655e-08
245	1.898148e-01	2.786351e-03	2.044614e-03	3.463093e-05	3.817715e-09	1.705729e-06	8.387124e-09
246	1.898148e-01	2.786351e-03	2.044614e-03	3.463093e-05	3.817715e-09	1.705729e-06	8.387124e-09
247	1.707176e-01	3.700623e-04	1.176147e-03	2.000473e-05	3.026572e-09	3.735781e-07	-5.056822e-10
248	1.707176e-01	3.700623e-04	1.176147e-03	2.000473e-05	3.026572e-09	3.735781e-07	-5.056822e-10
249	1.707176e-01	3.700623e-04	1.176147e-03	2.000473e-05	3.026572e-09	3.735781e-07	-5.056822e-10
250	1.707176e-01	3.700623e-04	1.176147e-03	2.000473e-05	3.026572e-09	3.735781e-07	-5.056822e-10
251	1.712998e-01	3.093317e-04	2.294898e-03	2.289533e-05	5.247958e-09	-5.346243e-08	3.870734e-11
252	1.712998e-01	3.093317e-04	2.294898e-03	2.289533e-05	5.247958e-09	-5.346243e-08	3.870734e-11
253	1.637731e-01	1.197930e-03	1.097585e-03	1.214393e-05	-9.411881e-10	-1.679824e-07	1.039163e-09
254	1.828704e-01	5.840621e-04	1.572185e-03	9.089379e-05	-3.195322e-08	-2.195902e-06	-1.263333e-08
255	1.759259e-01	2.143347e-05	1.490916e-03	7.392563e-05	2.253127e-08	3.275477e-07	-9.730213e-09
256	1.759259e-01	2.143347e-05	1.490916e-03	7.392563e-05	2.253127e-08	3.275477e-07	-9.730213e-09
257	1.828704e-01	2.641675e-03	2.058010e-03	8.136780e-05	3.218040e-08	3.118364e-06	-8.549826e-09
258	1.766045e-01	1.379794e-03	9.738366e-04	2.036513e-05	1.798825e-09	7.556238e-07	-2.233708e-09
259	1.712963e-01	3.429355e-04	2.146522e-03	1.270132e-05	2.097205e-09	2.352096e-07	-1.276660e-22
260	1.712963e-01	3.429355e-04	2.146522e-03	1.270132e-05	2.097205e-09	2.352096e-07	-1.276660e-22
261	1.712963e-01	3.429355e-04	2.146522e-03	1.270132e-05	2.097205e-09	2.352096e-07	-1.276660e-22
262	1.712963e-01	3.429355e-04	2.146522e-03	1.270132e-05	2.097205e-09	2.352096e-07	-1.276660e-22
263	1.712963e-01	3.429355e-04	2.146522e-03	1.270132e-05	2.097205e-09	2.352096e-07	-1.276660e-22
264	1.712963e-01	3.429355e-04	2.146522e-03	1.270132e-05	2.097205e-09	2.352096e-07	-1.276660e-22
265	1.712963e-01	3.429355e-04	2.146522e-03	1.270132e-05	2.097205e-09	2.352096e-07	-1.276660e-22
266	1.712963e-01	3.429355e-04	2.146522e-03	1.270132e-05	2.097205e-09	2.352096e-07	-1.276660e-22
267	1.712963e-01	3.429355e-04	2.146522e-03	1.270132e-05	2.097205e-09	2.352096e-07	-1.276660e-22
268	1.712963e-01	3.429355e-04	2.146522e-03	1.270132e-05	2.097205e-09	2.352096e-07	-1.276660e-22
269	1.833208e-01	1.790511e-03	3.055526e-03	3.740965e-05	-1.036553e-08	-2.683165e-07	-7.247420e-09
270	2.080000e-01	2.304000e-03	1.061683e-02	2.949120e-04	5.218385e-07	1.415578e-05	7.724762e-20
271	1.712963e-01	3.429355e-04	2.146522e-03	1.270132e-05	2.097205e-09	2.352096e-07	-2.437261e-22
272	1.712963e-01	3.429355e-04	2.146522e-03	1.270132e-05	2.097205e-09	2.352096e-07	-2.437261e-22
273	1.712963e-01	3.429355e-04	2.146522e-03	1.270132e-05	2.097205e-09	2.352096e-07	-2.437261e-22
274	1.712963e-01	3.429355e-04	2.146522e-03	1.270132e-05	2.097205e-09	2.352096e-07	-2.437261e-22
275	1.712963e-01	3.429355e-04	2.146522e-03	1.270132e-05	2.097205e-09	2.352096e-07	-2.437261e-22
276	1.712963e-01	3.429355e-04	2.146522e-03	1.270132e-05	2.097205e-09	2.352096e-07	-2.437261e-22
277	1.712963e-01	3.429355e-04	2.146522e-03	1.270132e-05	2.097205e-09	2.352096e-07	-2.437261e-22
278	1.712963e-01	3.429355e-04	2.146522e-03	1.270132e-05	2.097205e-09	2.352096e-07	-2.437261e-22
279	1.712963e-01	3.429355e-04	2.146522e-03	1.270132e-05	2.097205e-09	2.352096e-07	-2.437261e-22
280	1.712963e-01	3.429355e-04	2.146522e-03	1.270132e-05	2.097205e-09	2.352096e-07	-2.437261e-22
281	1.712963e-01	3.429355e-04	2.146522e-03	1.270132e-05	2.097205e-09	2.352096e-07	-2.437261e-22
282	2.013889e-01	4.099151e-03	4.918981e-03	1.607510e-04	5.891724e-08	-2.232653e-06	-1.302381e-07
283	2.013889e-01	4.099151e-03	4.918981e-03	1.607510e-04	5.891724e-08	-2.232653e-06	-1.302381e-07
284	2.013524e-01	1.573753e-03	6.593162e-03	1.811109e-04	-4.515626e-08	-2.316797e-06	-1.926877e-07
285	1.915509e-01	2.966191e-03	3.968219e-03	9.196128e-05	-4.306779e-08	-4.889458e-06	3.508946e-08
286	1.838871e-01	1.193335e-03	2.350295e-03	3.529558e-05	-1.013751e-08	-1.217969e-06	-7.579483e-10
287	1.893313e-01	2.551422e-04	3.364388e-03	1.799955e-05	1.749251e-09	-1.444328e-07	4.069369e-09
288	1.893313e-01	2.551422e-04	3.364388e-03	1.799955e-05	1.749251e-09	-1.444328e-07	4.069369e-09
289	1.893313e-01	2.551422e-04	3.364388e-03	1.799955e-05	1.749251e-09	-1.444328e-07	4.069369e-09
290	1.759259e-01	2.143347e-05	1.490916e-03	7.392563e-05	2.253127e-08	3.275477e-07	9.730213e-09
291	1.620391e-01	2.394957e-04	9.408393e-04	1.043425e-05	-5.949103e-10	-1.222482e-07	-8.455108e-10
292	1.620391e-01	2.394957e-04	9.408393e-04	1.043425e-05	-5.949103e-10	-1.222482e-07	-8.455108e-10
293	1.828704e-01	5.840621e-04	1.572185e-03	9.089379e-05	-3.195322e-08	-2.195902e-06	1.263333e-08
294	1.932870e-01	1.898202e-03	3.947114e-03	2.313277e-06	-1.802080e-10	4.340552e-08	-1.280081e-10
295	2.223892e-01	3.533607e-03	6.948284e-03	5.069239e-05	-2.913443e-08	-2.464674e-06	7.503629e-09
296	2.223892e-01	3.533607e-03	6.948284e-03	5.069239e-05	-2.913443e-08	-2.464674e-06	7.503629e-09
297	2.223892e-01	3.533607e-03	6.948284e-03	5.069239e-05	-2.913443e-08	-2.464674e-06	7.503629e-09
298	1.893313e-01	8.512267e-04	3.078885e-03	9.863662e-06	1.709934e-10	-7.360499e-08	1.710387e-09
299	1.822917e-01	2.076702e-03	1.623648e-03	4.225994e-05	-1.030815e-08	1.530697e-06	-4.035116e-09
300	1.712998e-01	3.093317e-04	2.294898e-03	2.289533e-05	5.247958e-09	-5.346243e-08	3.870734e-11
301	1.712963e-01	3.429355e-04	2.146522e-03	1.270132e-05	2.097205e-09	2.352096e-07	0.000000e+00
302	1.712963e-01	3.429355e-04	2.146522e-03	1.270132e-05	2.097205e-09	2.352096e-07	0.000000e+00
303	1.838871e-01	2.109054e-03	2.550986e-03	2.499562e-05	4.932466e-09	2.282919e-07	-3.938143e-09
304	1.712963e-01	3.429355e-04	2.146522e-03	1.270132e-05	2.097205e-09	2.352096e-07	0.000000e+00
305	1.712963e-01	3.429355e-04	2.146522e-03	1.270132e-05	2.097205e-09	2.352096e-07	0.000000e+00
306	1.712963e-01	3.429355e-04	2.146522e-03	1.270132e-05	2.097205e-09	2.352096e-07	0.000000e+00
307	2.085048e-01	1.204273e-03	6.346975e-03	3.569249e-05	9.820549e-09	1.213584e-06	1.386208e-08
308	1.697971e-01	1.411185e-03	1.676373e-03	5.874939e-05	3.434917e-09	-4.801180e-07	-1.811421e-08
309	1.697971e-01	1.411185e-03	1.676373e-03	5.874939e-05	3.434917e-09	-4.801180e-07	-1.811421e-08
310	1.766045e-01	2.155461e-03	1.240837e-03	1.731510e-05	2.538019e-09	8.038874e-07	-3.129392e-23
311	1.766045e-01	2.155461e-03	1.240837e-03	1.731510e-05	2.538019e-09	8.038874e-07	-3.129392e-23
312	1.766045e-01	2.155461e-03	1.240837e-03	1.731510e-05	2.538019e-09	8.038874e-07	-3.129392e-23
313	1.766045e-01	2.155461e-03	1.240837e-03	1.731510e-05	2.538019e-09	8.038874e-07	-3.129392e-23
314	1.766045e-01	2.155461e-03	1.240837e-03	1.731510e-05	2.538019e-09	8.038874e-07	-3.129392e-23
315	1.767493e-01	7.470580e-04	1.919438e-03	1.945923e-05	1.845680e-09	1.999453e-07	3.276701e-09
316	1.637731e-01	1.197930e-03	1.097585e-03	1.214393e-05	-9.411881e-10	-1.679824e-07	1.039163e-09
317	1.788129e-01	1.648264e-03	1.531064e-03	1.622173e-05	-9.255016e-10	6.493913e-07	2.383075e-09
318	2.000000e-01	1.360000e-03	2.916000e-03	3.600000e-05	-1.091750e-08	5.472000e-07	-4.105728e-09
319	2.146991e-01	6.031513e-04	4.370029e-03	7.298993e-05	1.621487e-08	1.718575e-06	-3.789974e-08
320	1.893491e-01	4.309265e-04	2.768193e-03	1.995266e-05	-3.359730e-09	-3.055887e-07	3.271220e-09
321	1.778426e-01	2.124965e-04	1.539593e-03	1.638639e-06	-8.230532e-11	2.388687e-08	6.754418e-24
322	1.811561e-01	4.980516e-04	2.259739e-03	1.225216e-05	-2.037600e-09	-7.702607e-09	6.620286e-11
323	1.811561e-01	4.980516e-04	2.259739e-03	1.225216e-05	-2.037600e-09	-7.702607e-09	6.620286e-11
324	1.767493e-01	7.470580e-04	1.919438e-03	1.945923e-05	1.845680e-09	1.999453e-07	-3.276701e-09
325	1.767493e-01	7.470580e-04	1.919438e-03	1.945923e-05	1.845680e-09	1.999453e-07	-3.276701e-09
326	1.886574e-01	1.673150e-03	4.214908e-03	9.804448e-05	1.551057e-08	3.888875e-06	6.108899e-08
327	1.712998e-01	3.093317e-04	2.294898e-03	2.289533e-05	5.247958e-09	-5.346243e-08	-3.870734e-11
328	1.712998e-01	3.093317e-04	2.294898e-03	2.289533e-05	5.247958e-09	-5.346243e-08	-3.870734e-11
329	1.802458e-01	3.521996e-04	2.268778e-03	3.617804e-05	-8.075162e-09	2.679834e-07	6.497854e-09
330	1.998497e-01	2.063717e-03	2.678662e-03	1.225006e-04	6.238114e-08	4.766430e-06	3.213655e-08
331	1.998497e-01	2.063717e-03	2.678662e-03	1.225006e-04	6.238114e-08	4.766430e-06	3.213655e-08
332	1.998497e-01	2.063717e-03	2.678662e-03	1.225006e-04	6.238114e-08	4.766430e-06	3.213655e-08
333	1.998497e-01	2.063717e-03	2.678662e-03	1.225006e-04	6.238114e-08	4.766430e-06	3.213655e-08
334	1.998497e-01	2.063717e-03	2.678662e-03	1.225006e-04	6.238114e-08	4.766430e-06	3.213655e-08
335	1.898148e-01	2.786351e-03	2.044614e-03	3.463093e-05	3.817715e-09	1.705729e-06	8.387124e-09
336	1.898148e-01	2.786351e-03	2.044614e-03	3.463093e-05	3.817715e-09	1.705729e-06	8.387124e-09
337	1.707176e-01	3.700623e-04	1.176147e-03	2.000473e-05	3.026572e-09	3.735781e-07	-5.056822e-10
338	1.707176e-01	3.700623e-04	1.176147e-03	2.000473e-05	3.026572e-09	3.735781e-07	-5.056822e-10
339	1.707176e-01	3.700623e-04	1.176147e-03	2.000473e-05	3.026572e-09	3.735781e-07	-5.056822e-10
340	1.707176e-01	3.700623e-04	1.176147e-03	2.000473e-05	3.026572e-09	3.735781e-07	-5.056822e-10
341	1.712998e-01	3.093317e-04	2.294898e-03	2.289533e-05	5.247958e-09	-5.346243e-08	3.870734e-11
342	1.712998e-01	3.093317e-04	2.294898e-03	2.289533e-05	5.247958e-09	-5.346243e-08	3.870734e-11
343	1.637731e-01	1.197930e-03	1.097585e-03	1.214393e-05	-9.411881e-10	-1.679824e-07	1.039163e-09
344	1.828704e-01	5.840621e-04	1.572185e-03	9.089379e-05	-3.195322e-08	-2.195902e-06	-1.263333e-08
345	1.759259e-01	2.143347e-05	1.490916e-03	7.392563e-05	2.253127e-08	3.275477e-07	-9.730213e-09
346	1.759259e-01	2.143347e-05	1.490916e-03	7.392563e-05	2.253127e-08	3.275477e-07	-9.730213e-09
347	1.828704e-01	2.641675e-03	2.058010e-03	8.136780e-05	3.218040e-08	3.118364e-06	-8.549826e-09
348	1.766045e-01	1.379794e-03	9.738366e-04	2.036513e-05	1.798825e-09	7.556238e-07	-2.233708e-09
349	1.712963e-01	3.429355e-04	2.146522e-03	1.270132e-05	2.097205e-09	2.352096e-07	-3.713921e-22
350	1.712963e-01	3.429355e-04	2.146522e-03	1.270132e-05	2.097205e-09	2.352096e-07	-3.713921e-22
351	1.712963e-01	3.429355e-04	2.146522e-03	1.270132e-05	2.097205e-09	2.352096e-07	-3.713921e-22
352	1.712963e-01	3.429355e-04	2.146522e-03	1.270132e-05	2.097205e-09	2.352096e-07	-3.713921e-22
353	1.712963e-01	3.429355e-04	2.146522e-03	1.270132e-05	2.097205e-09	2.352096e-07	-3.713921e-22
354	1.712963e-01	3.429355e-04	2.146522e-03	1.270132e-05	2.097205e-09	2.352096e-07	-3.713921e-22
355	1.712963e-01	3.429355e-04	2.146522e-03	1.270132e-05	2.097205e-09	2.352096e-07	-3.713921e-22
356	1.712963e-01	3.429355e-04	2.146522e-03	1.270132e-05	2.097205e-09	2.352096e-07	-3.713921e-22
357	1.712963e-01	3.429355e-04	2.146522e-03	1.270132e-05	2.097205e-09	2.352096e-07	-3.713921e-22
358	1.712963e-01	3.429355e-04	2.146522e-03	1.270132e-05	2.097205e-09	2.352096e-07	-3.713921e-22
359	1.833208e-01	1.790511e-03	3.055526e-03	3.740965e-05	-1.036553e-08	-2.683165e-07	-7.247420e-09
