0	7.259842e+00	5.267874e+01	1.800422e-04	2.022169e-05	-1.167772e-09	-1.432105e-04	3.536610e-10
1	3.689760e+00	1.357948e+01	1.102046e-05	5.604196e-06	4.289481e-11	1.563677e-05	-9.987887e-12
2	3.689037e+00	1.356453e+01	1.194241e-05	5.542530e-06	4.361275e-11	1.587257e-05	-1.145852e-11
3	3.657979e+00	1.334715e+01	5.484055e-03	5.460864e-03	2.988429e-05	1.995051e-02	-4.232053e-09
4	3.659279e+00	1.335105e+01	3.449725e-03	3.457409e-03	1.194038e-05	1.263268e-02	-4.378388e-09
5	3.681732e+00	1.352192e+01	9.451281e-04	2.214407e-04	6.373818e-08	1.546094e-04	7.874116e-08
6	3.613054e+00	1.302018e+01	6.476000e-04	5.714099e-04	3.475536e-07	2.002283e-03	5.442639e-09
7	3.617363e+00	1.305193e+01	5.358620e-04	4.887230e-04	2.500944e-07	1.743327e-03	2.198185e-09
8	3.670338e+00	1.343800e+01	1.738656e-02	1.691378e-02	2.900462e-04	6.159734e-02	-4.608244e-07
9	3.636198e+00	1.318626e+01	5.950845e-03	5.913469e-03	3.507945e-05	2.147326e-02	-2.399478e-09
10	3.654860e+00	1.332514e+01	6.600275e-05	4.079907e-05	2.101272e-09	1.334758e-04	2.589906e-10
11	3.572921e+00	1.273238e+01	1.317398e-02	1.295495e-02	1.692436e-04	4.619948e-02	5.539825e-08
12	3.549372e+00	1.256251e+01	3.533484e-02	3.525296e-02	1.244213e-03	1.248621e-01	-5.150334e-08
13	3.333311e+00	1.107794e+01	1.406326e-02	1.349776e-02	1.859663e-04	4.459434e-02	5.063634e-07
14	3.059098e+00	9.323165e+00	9.789727e-03	9.335869e-03	8.925141e-05	2.818857e-02	2.921020e-07
15	3.301807e+00	1.086549e+01	9.773604e-03	7.887774e-03	6.921105e-05	2.456325e-02	2.502346e-06
16	3.085685e+00	9.487698e+00	6.565044e-02	6.359986e-02	4.109626e-03	1.946153e-01	-7.636502e-06
17	3.099100e+00	9.569627e+00	2.005113e-03	2.886629e-04	-3.708229e-08	-4.453516e-04	2.164585e-07
18	3.097375e+00	9.557975e+00	5.221989e-02	4.883586e-02	2.466142e-03	1.487591e-01	-1.513690e-05
19	2.981275e+00	8.856132e+00	1.268291e-02	9.182549e-03	9.885944e-05	2.485805e-02	-6.837262e-06
20	2.921929e+00	8.503058e+00	1.031538e-02	4.581438e-03	3.001762e-05	9.305398e-03	-9.533900e-06
21	2.987874e+00	8.893244e+00	3.312777e-02	2.874552e-02	8.868943e-04	8.291153e-02	-1.697829e-05
22	2.752999e+00	7.545384e+00	5.074601e-03	8.333530e-04	2.217180e-07	-6.263544e-04	1.699335e-06
23	2.827501e+00	7.961506e+00	7.192996e-03	2.294708e-03	7.888638e-06	3.068260e-03	-4.968280e-06
24	2.933767e+00	8.570935e+00	1.025191e-02	3.951601e-03	2.310643e-05	7.057572e-03	-9.934027e-06
25	2.809810e+00	7.860089e+00	5.325782e-02	4.796582e-02	2.424143e-03	1.311950e-01	-2.912455e-05
26	2.930113e+00	8.549133e+00	2.601483e-01	2.508296e-01	6.407336e-02	7.283058e-01	-1.553577e-04
27	2.762110e+00	7.594189e+00	9.821528e-03	2.284125e-03	6.736075e-06	1.096990e-03	8.465602e-06
28	2.757060e+00	7.566120e+00	9.345113e-03	4.036556e-03	2.349327e-05	7.504650e-03	-7.918444e-06
29	2.658466e+00	7.032981e+00	6.120033e-03	1.268379e-03	1.747578e-06	1.749750e-04	-3.071514e-06
30	2.692488e+00	7.215251e+00	2.284619e-02	1.774913e-02	3.570186e-04	4.440866e-02	-1.682412e-05
31	2.808718e+00	7.852711e+00	9.867901e-03	4.154606e-03	2.504798e-05	7.765502e-03	-8.957783e-06
32	2.736372e+00	7.451312e+00	1.526454e-02	9.505523e-03	1.135862e-04	2.186831e-02	1.443815e-05
33	2.626927e+00	6.867171e+00	4.007701e-03	4.807028e-04	-4.748527e-07	-1.053635e-03	4.687048e-07
34	2.723540e+00	7.380204e+00	1.367186e-02	5.613646e-03	4.602729e-05	9.911762e-03	-1.732288e-05
35	2.651699e+00	6.995936e+00	6.350507e-03	1.529293e-03	3.124653e-06	9.427919e-04	-3.598590e-06
36	2.634535e+00	6.905934e+00	1.934428e-02	1.365488e-02	2.212595e-04	3.244466e-02	-1.718546e-05
37	2.654897e+00	7.013101e+00	1.061103e-02	6.923881e-03	5.900610e-05	1.597031e-02	-6.357421e-06
38	2.595015e+00	6.699164e+00	5.264950e-03	1.066467e-03	1.175653e-06	9.913808e-05	-2.236951e-06
39	2.607901e+00	6.766057e+00	6.973833e-03	3.822610e-03	1.939469e-05	7.790764e-03	3.658596e-06
40	2.645450e+00	6.963264e+00	1.052154e-02	7.922881e-03	7.222377e-05	1.898349e-02	4.057566e-06
41	2.652140e+00	6.996519e+00	1.500276e-02	8.010606e-03	8.606925e-05	1.676346e-02	-1.743812e-05
42	2.619625e+00	6.828268e+00	2.469465e-02	1.747156e-02	3.618374e-04	4.111695e-02	-2.788025e-05
43	2.637729e+00	6.922841e+00	2.468250e-03	9.522684e-04	1.344456e-06	1.447606e-03	5.690770e-07
44	2.521852e+00	6.326690e+00	1.564117e-01	1.429509e-01	2.137444e-02	3.511435e-01	-2.059780e-04
45	3.065178e+00	9.355463e+00	1.381781e+00	1.366676e+00	1.878097e+00	4.169788e+00	7.512192e-04
46	2.602331e+00	6.737039e+00	7.675356e-02	7.202791e-02	5.355459e-03	1.857932e-01	-2.229744e-05
47	2.641303e+00	6.942546e+00	4.354110e-03	1.144109e-03	1.855990e-06	9.260475e-04	1.753883e-06
48	2.562271e+00	6.531474e+00	1.171688e-02	1.035561e-02	1.140560e-04	2.579118e-02	-1.756329e-06
49	2.587665e+00	6.661826e+00	7.593089e-03	4.898809e-03	2.969375e-05	1.114423e-02	-3.308964e-06
50	2.596818e+00	6.708377e+00	3.433154e-03	5.105016e-04	-6.136939e-08	-5.956441e-04	6.730454e-07
51	2.618993e+00	6.824089e+00	3.443536e-03	1.249488e-03	2.330945e-06	1.776023e-03	1.133178e-06
52	2.644055e+00	6.956607e+00	2.719789e-02	2.528957e-02	6.632387e-04	6.543308e-02	4.482216e-06
53	2.754814e+00	7.552616e+00	2.529398e-03	5.652119e-04	3.929533e-07	2.399929e-04	-5.498263e-07
54	2.688926e+00	7.194156e+00	1.622706e-03	1.835370e-04	-9.206737e-08	-4.679029e-04	-3.944783e-08
55	2.747974e+00	7.515039e+00	4.696909e-03	3.143063e-03	1.202109e-05	7.698522e-03	-1.153988e-06
56	2.722616e+00	7.374375e+00	3.225202e-03	1.606312e-03	3.553880e-06	3.364326e-03	-8.586821e-07
57	2.754491e+00	7.550949e+00	7.350024e-04	9.924239e-05	-8.930312e-09	-1.603240e-04	-2.527198e-08
58	2.798537e+00	7.795800e+00	3.898508e-02	3.721752e-02	1.417646e-03	1.028440e-01	4.903834e-06
59	2.865023e+00	8.171753e+00	5.553223e-02	5.357255e-02	2.922033e-03	1.523496e-01	-6.199759e-06
60	2.861905e+00	8.153448e+00	1.377459e-02	1.291414e-02	1.722388e-04	3.631640e-02	9.608889e-07
61	2.960669e+00	8.729643e+00	4.564359e-03	3.605802e-03	1.461537e-05	1.000979e-02	-6.140021e-07
62	2.967005e+00	8.766350e+00	4.680164e-03	3.974846e-03	1.713904e-05	1.130269e-02	-4.106531e-07
63	3.235321e+00	1.042941e+01	6.257648e-02	6.108730e-02	3.776869e-03	1.970893e-01	-1.236723e-06
64	2.854914e+00	8.116531e+00	4.356401e-04	2.723762e-04	9.316071e-08	6.804593e-04	-1.114332e-08
65	3.028355e+00	9.136981e+00	6.182404e-03	5.714972e-03	3.396943e-05	1.700062e-02	-2.492716e-07
66	3.102930e+00	9.593352e+00	2.155178e-02	2.086750e-02	4.425338e-04	6.437626e-02	7.733481e-07
67	3.164759e+00	9.980683e+00	2.344279e-03	2.269900e-03	5.236173e-06	7.079904e-03	-8.970471e-09
68	3.330788e+00	1.105804e+01	1.341072e-03	1.838630e-04	-2.674165e-08	-3.473565e-04	8.729517e-08
69	3.305052e+00	1.088849e+01	2.095872e-02	2.073440e-02	4.322347e-04	6.838997e-02	1.493559e-08
70	3.396844e+00	1.150360e+01	1.460458e-02	1.423757e-02	2.053045e-04	4.824436e-02	1.313541e-07
71	3.363746e+00	1.128006e+01	7.496615e-04	6.010045e-04	4.031206e-07	1.876621e-03	-1.534098e-08
72	3.359159e+00	1.125197e+01	2.497353e-03	2.412368e-03	5.921122e-06	8.024244e-03	1.377862e-08
73	3.444296e+00	1.182850e+01	2.196656e-04	1.935444e-04	3.990309e-08	6.557981e-04	5.780757e-10
74	3.563534e+00	1.266380e+01	4.471917e-05	3.918622e-05	1.640113e-09	1.340465e-04	-3.007189e-11
75	3.436133e+00	1.177407e+01	2.394769e-03	2.421276e-03	5.830397e-06	8.295594e-03	-3.741963e-09
76	3.507947e+00	1.227169e+01	2.203436e-03	1.445909e-03	2.566722e-06	4.436995e-03	2.696109e-07
77	3.552890e+00	1.258813e+01	1.811112e-02	1.780625e-02	3.197654e-04	6.313641e-02	-9.583799e-08
78	3.523962e+00	1.238410e+01	2.757985e-04	2.354349e-04	5.997983e-08	8.084164e-04	-1.268633e-09
79	3.575136e+00	1.274558e+01	6.540605e-03	6.403077e-03	4.143734e-05	2.282484e-02	-2.886630e-08
80	3.622643e+00	1.308853e+01	2.155967e-04	2.417996e-05	-1.675835e-09	-8.490120e-05	-4.894225e-10
81	3.622427e+00	1.308873e+01	5.180504e-03	4.927281e-03	2.489395e-05	1.765138e-02	9.455609e-08
82	3.676483e+00	1.348109e+01	3.361324e-04	3.288217e-04	1.093190e-07	1.195694e-03	-3.531590e-11
83	3.696986e+00	1.363262e+01	1.954151e-04	2.167022e-05	-1.404180e-09	-7.988903e-05	-1.299276e-10
84	3.669045e+00	1.342677e+01	1.504869e-02	1.468801e-02	2.183702e-04	5.352979e-02	-2.022300e-07
85	3.635434e+00	1.318121e+01	8.813880e-04	2.685557e-04	1.075749e-07	4.171801e-04	-7.415578e-08
86	3.650676e+00	1.329659e+01	2.519244e-04	1.760260e-04	3.693327e-08	5.634970e-04	-3.158872e-09
87	3.688504e+00	1.356833e+01	2.395478e-05	6.978781e-06	7.226670e-11	1.074767e-05	-5.403259e-11
88	3.667735e+00	1.342870e+01	2.583389e-05	7.370008e-06	8.119080e-11	1.056525e-05	-6.123558e-11
89	3.680184e+00	1.351405e+01	1.096698e-05	5.906847e-06	4.661887e-11	1.704460e-05	-9.323027e-12
90	7.259842e+00	5.267874e+01	1.800422e-04	2.022169e-05	-1.167772e-09	-1.432105e-04	3.536610e-10
91	3.689760e+00	1.357948e+01	1.102046e-05	5.604196e-06	4.289481e-11	1.563677e-05	-9.987887e-12
92	3.689037e+00	1.356453e+01	1.194241e-05	5.542530e-06	4.361275e-11	1.587257e-05	-1.145852e-11
93	3.657979e+00	1.334715e+01	5.484055e-03	5.460864e-03	2.988429e-05	1.995051e-02	-4.232053e-09
94	3.659279e+00	1.335105e+01	3.449725e-03	3.457409e-03	1.194038e-05	1.263268e-02	-4.378388e-09
95	3.681732e+00	1.352192e+01	9.451281e-04	2.214407e-04	6.373818e-08	1.546094e-04	7.874116e-08
96	3.613054e+00	1.302018e+01	6.476000e-04	5.714099e-04	3.475536e-07	2.002283e-03	5.442639e-09
97	3.617363e+00	1.305193e+01	5.358620e-04	4.887230e-04	2.500944e-07	1.743327e-03	2.198185e-09
98	3.670338e+00	1.343800e+01	1.738656e-02	1.691378e-02	2.900462e-04	6.159734e-02	-4.608244e-07
99	3.636198e+00	1.318626e+01	5.950845e-03	5.913469e-03	3.507945e-05	2.147326e-02	-2.399478e-09
100	3.654860e+00	1.332514e+01	6.600275e-05	4.079907e-05	2.101272e-09	1.334758e-04	2.589906e-10
101	3.648484e+00	1.327802e+01	8.319421e-03	7.571781e-03	6.009271e-05	2.702961e-02	6.018545e-07
102	3.698280e+00	1.364246e+01	4.473232e-03	4.238060e-03	1.845259e-05	1.540431e-02	7.924126e-08
103	3.558800e+00	1.263226e+01	1.750615e-02	1.734365e-02	3.022080e-04	6.161625e-02	-4.537607e-08
104	3.280763e+00	1.072939e+01	1.453898e-03	1.475149e-03	2.160334e-06	4.831748e-03	-9.181202e-10
105	3.600852e+00	1.292992e+01	1.658583e-02	1.569771e-02	2.532904e-04	5.578833e-02	1.107570e-06
106	3.408631e+00	1.158415e+01	7.034575e-02	7.003008e-02	4.915253e-03	2.380944e-01	3.023348e-08
107	3.400765e+00	1.152965e+01	2.950434e-04	1.788153e-04	4.068004e-08	5.102468e-04	-5.663596e-09
108	3.343313e+00	1.114083e+01	1.310641e-02	1.299026e-02	1.694996e-04	4.320713e-02	-2.463960e-08
109	3.232475e+00	1.041661e+01	9.396147e-03	8.414785e-03	7.481728e-05	2.642336e-02	-9.836925e-07
110	3.157459e+00	9.934013e+00	1.847554e-03	9.399051e-04	1.207171e-06	2.249216e-03	-2.771679e-07
111	3.202497e+00	1.022069e+01	7.015749e-03	6.824600e-03	4.722288e-05	2.168328e-02	-5.675953e-08
112	2.942214e+00	8.622773e+00	1.304242e-03	4.902833e-04	3.576375e-07	8.488750e-04	-1.606374e-07
113	3.003804e+00	8.989727e+00	7.014539e-03	5.022217e-03	2.972977e-05	1.364876e-02	-2.167458e-06
114	3.100201e+00	9.574752e+00	2.045203e-03	5.720052e-04	4.778178e-07	6.395911e-04	-3.930125e-07
115	2.969249e+00	8.781221e+00	3.106411e-02	2.955757e-02	8.956321e-04	8.664663e-02	-3.317115e-06
116	3.078704e+00	9.441757e+00	1.897489e-01	1.856202e-01	3.483592e-02	5.682274e-01	-3.817514e-05
117	2.857255e+00	8.129032e+00	1.368212e-02	1.052439e-02	1.261353e-04	2.778981e-02	6.267121e-06
118	2.867746e+00	8.188769e+00	2.345803e-03	5.278043e-04	3.464038e-07	2.172655e-04	-4.742553e-07
119	2.755321e+00	7.557419e+00	3.087700e-03	6.802629e-04	5.585856e-07	2.079456e-04	8.123918e-07
120	2.811436e+00	7.869962e+00	1.309456e-02	1.111497e-02	1.340541e-04	2.987476e-02	-3.247785e-06
121	2.924241e+00	8.515619e+00	7.699784e-03	4.437726e-03	2.560139e-05	1.074598e-02	-4.181332e-06
122	2.838091e+00	8.019120e+00	1.360367e-02	1.033378e-02	1.223479e-04	2.671984e-02	6.542487e-06
123	2.752382e+00	7.542582e+00	2.368026e-03	2.639236e-04	-2.055037e-07	-7.199767e-04	3.607650e-08
124	2.828398e+00	7.962970e+00	8.702022e-03	3.305995e-03	1.621720e-05	5.649619e-03	-7.171791e-06
125	2.753971e+00	7.549291e+00	3.899978e-03	8.909439e-04	1.005735e-06	4.553202e-04	-1.321597e-06
126	2.746646e+00	7.509482e+00	1.925467e-02	1.585130e-02	2.767930e-04	4.145218e-02	-8.612672e-06
127	2.754229e+00	7.550729e+00	5.273751e-03	3.554235e-03	1.531892e-05	8.645825e-03	-1.455250e-06
128	2.692162e+00	7.212739e+00	1.603234e-03	2.179686e-04	-4.093428e-08	-3.320710e-04	-1.221764e-07
129	2.693325e+00	7.218388e+00	3.549555e-03	2.611904e-03	7.936776e-06	6.349159e-03	5.053470e-07
130	2.726727e+00	7.398860e+00	8.651061e-03	8.256337e-03	6.977719e-05	2.213848e-02	2.295698e-07
131	2.755023e+00	7.553232e+00	9.461455e-03	5.260743e-03	3.652191e-05	1.174395e-02	-6.608641e-06
132	2.721883e+00	7.374524e+00	1.529389e-02	1.170806e-02	1.564641e-04	2.946390e-02	-8.032956e-06
133	2.728687e+00	7.410818e+00	3.892471e-03	3.843973e-03	1.486901e-05	1.032498e-02	-3.352115e-08
134	2.643085e+00	6.951910e+00	1.645080e-01	1.594949e-01	2.583527e-02	4.166065e-01	-4.788492e-05
135	3.116668e+00	9.674149e+00	1.494777e+00	1.485331e+00	2.213212e+00	4.614946e+00	4.147281e-04
136	2.755369e+00	7.555977e+00	9.606473e-02	9.348005e-02	8.858504e-03	2.568803e-01	-4.765250e-07
137	2.748850e+00	7.520407e+00	6.589538e-03	6.022678e-03	3.794064e-05	1.644308e-02	2.204063e-07
138	2.656670e+00	7.023870e+00	1.675644e-02	1.638700e-02	2.715439e-04	4.338999e-02	-2.241579e-07
139	2.694689e+00	7.226478e+00	6.358995e-03	5.796857e-03	3.519370e-05	1.537475e-02	-3.227053e-07
140	2.708498e+00	7.300012e+00	1.591630e-03	1.154573e-03	1.561451e-06	2.810470e-03	1.073873e-07
141	2.728537e+00	7.409181e+00	4.193529e-04	1.442834e-04	3.122736e-08	1.990276e-04	1.686533e-08
142	2.740834e+00	7.477626e+00	2.697580e-02	2.641121e-02	7.049679e-04	7.189246e-02	6.247856e-07
143	2.870952e+00	8.205129e+00	5.145209e-04	3.272550e-04	1.333726e-07	7.991878e-04	1.563630e-08
144	2.789836e+00	7.746759e+00	2.536625e-04	3.199839e-05	-1.515871e-09	-6.478718e-05	2.452120e-09
145	2.829531e+00	7.970001e+00	2.674529e-03	2.220158e-03	5.408082e-06	6.065572e-03	-1.450908e-07
146	2.823584e+00	7.933887e+00	1.196918e-03	9.917853e-04	1.080160e-06	2.702412e-03	-3.028955e-08
147	2.852498e+00	8.100439e+00	1.240698e-04	4.788761e-05	3.399153e-09	8.042395e-05	1.439006e-09
148	2.870596e+00	8.204669e+00	4.391056e-02	4.315150e-02	1.878357e-03	1.231783e-01	1.497458e-06
149	2.979000e+00	8.837463e+00	5.427038e-02	5.348043e-02	2.881202e-03	1.588587e-01	-8.687863e-07
150	2.959440e+00	8.721342e+00	1.477761e-02	1.443301e-02	2.107838e-04	4.242504e-02	2.215711e-07
151	3.046866e+00	9.247754e+00	3.540745e-03	3.071459e-03	1.012713e-05	9.061095e-03	-1.920025e-07
152	3.056089e+00	9.302969e+00	5.375077e-04	3.860698e-04	1.754220e-07	1.074807e-03	-1.254111e-08
153	3.337441e+00	1.110081e+01	6.092829e-02	5.966048e-02	3.596993e-03	1.987641e-01	7.718600e-07
154	2.940916e+00	8.615182e+00	1.810207e-03	1.678412e-03	2.925554e-06	4.896137e-03	-1.222938e-08
155	3.126078e+00	9.738367e+00	3.879975e-03	3.682075e-03	1.391716e-05	1.138879e-02	-4.949264e-08
156	3.207233e+00	1.025180e+01	8.545274e-03	8.189849e-03	6.851331e-05	2.603748e-02	2.008724e-07
157	3.268757e+00	1.064964e+01	1.893660e-03	1.921666e-03	3.665792e-06	6.257660e-03	3.546432e-09
158	3.415782e+00	1.163159e+01	8.811998e-04	3.020543e-04	1.369141e-07	5.386954e-04	7.442472e-08
159	3.386155e+00	1.143154e+01	2.093876e-02	2.080704e-02	4.343010e-04	7.031246e-02	-1.926886e-08
160	3.469275e+00	1.200162e+01	8.329636e-03	8.192635e-03	6.767814e-05	2.835717e-02	2.744247e-08
161	3.448701e+00	1.185893e+01	1.015280e-03	9.433107e-04	9.231332e-07	3.172165e-03	-6.506551e-09
162	3.444733e+00	1.183437e+01	3.914429e-03	3.883336e-03	1.514055e-05	1.335662e-02	2.861463e-09
163	3.531408e+00	1.243646e+01	1.141067e-05	9.514688e-06	9.910897e-11	3.301061e-05	2.467250e-12
164	3.647816e+00	1.327175e+01	7.793397e-05	1.276079e-05	4.976767e-11	-1.306769e-05	-3.993308e-10
165	3.523136e+00	1.237953e+01	4.146955e-03	4.171774e-03	1.735185e-05	1.466000e-02	-6.260181e-09
166	3.595791e+00	1.289576e+01	2.787798e-03	2.546952e-03	6.786453e-06	8.981288e-03	6.348523e-08
167	3.632308e+00	1.315911e+01	1.864022e-02	1.842684e-02	3.415088e-04	6.680642e-02	-5.157675e-08
168	3.609167e+00	1.299208e+01	2.088116e-04	6.489354e-05	6.294431e-09	1.082882e-04	-4.176568e-09
169	3.657379e+00	1.334043e+01	6.179352e-03	6.084165e-03	3.730551e-05	2.221613e-02	-6.511856e-09
170	3.664208e+00	1.339139e+01	3.667953e-05	4.366553e-06	-3.940207e-11	-1.262588e-05	-3.874625e-11
171	3.644298e+00	1.324780e+01	5.764397e-03	5.417481e-03	3.027381e-05	1.947821e-02	1.590369e-07
172	3.676483e+00	1.348109e+01	3.361324e-04	3.288217e-04	1.093190e-07	1.195694e-03	-3.531590e-11
173	3.696986e+00	1.363262e+01	1.954151e-04	2.167022e-05	-1.404180e-09	-7.988903e-05	-1.299276e-10
174	3.669045e+00	1.342677e+01	1.504869e-02	1.468801e-02	2.183702e-04	5.352979e-02	-2.022300e-07
175	3.635434e+00	1.318121e+01	8.813880e-04	2.685557e-04	1.075749e-07	4.171801e-04	-7.415578e-08
176	3.650676e+00	1.329659e+01	2.519244e-04	1.760260e-04	3.693327e-08	5.634970e-04	-3.158872e-09
177	3.688504e+00	1.356833e+01	2.395478e-05	6.978781e-06	7.226670e-11	1.074767e-05	-5.403259e-11
178	3.667735e+00	1.342870e+01	2.583389e-05	7.370008e-06	8.119080e-11	1.056525e-05	-6.123558e-11
179	3.680184e+00	1.351405e+01	1.096698e-05	5.906847e-06	4.661887e-11	1.704460e-05	-9.323027e-12
180	7.259842e+00	5.267874e+01	1.800422e-04	2.022169e-05	-1.167772e-09	-1.432105e-04	3.536610e-10
181	3.689760e+00	1.357948e+01	1.102046e-05	5.604196e-06	4.289481e-11	1.563677e-05	-9.987887e-12
182	3.689037e+00	1.356453e+01	1.194241e-05	5.542530e-06	4.361275e-11	1.587257e-05	-1.145852e-11
183	3.657979e+00	1.334715e+01	5.484055e-03	5.460864e-03	2.988429e-05	1.995051e-02	-4.232053e-09
184	3.659279e+00	1.335105e+01	3.449725e-03	3.457409e-03	1.194038e-05	1.263268e-02	-4.378388e-09
185	3.681732e+00	1.352192e+01	9.451281e-04	2.214407e-04	6.373818e-08	1.546094e-04	7.874116e-08
186	3.613922e+00	1.302652e+01	5.958840e-03	5.777075e-03	3.389551e-05	2.072673e-02	5.934073e-08
187	3.617363e+00	1.305193e+01	5.358620e-04	4.887230e-04	2.500944e-07	1.743327e-03	2.198185e-09
188	3.670338e+00	1.343800e+01	1.738656e-02	1.691378e-02	2.900462e-04	6.159734e-02	-4.608244e-07
189	3.636198e+00	1.318626e+01	5.950845e-03	5.913469e-03	3.507945e-05	2.147326e-02	-2.399478e-09
190	3.633197e+00	1.316712e+01	6.529259e-05	1.393549e-05	2.249486e-10	6.839340e-06	3.550994e-10
191	3.608298e+00	1.298660e+01	7.687437e-03	7.375854e-03	5.554024e-05	2.639364e-02	1.455070e-07
192	3.604665e+00	1.295845e+01	1.893867e-02	1.889991e-02	3.575728e-04	6.803082e-02	-4.260455e-08
193	3.474420e+00	1.203865e+01	1.509260e-02	1.500167e-02	2.257311e-04	5.204529e-02	1.878279e-08
194	3.200920e+00	1.021161e+01	1.660566e-04	1.799223e-04	3.109880e-08	5.723530e-04	-2.312388e-10
195	3.510500e+00	1.228730e+01	1.397759e-02	1.360263e-02	1.875642e-04	4.745233e-02	2.570920e-07
196	3.329964e+00	1.105383e+01	7.505227e-02	7.470892e-02	5.594233e-03	2.481979e-01	4.335208e-08
197	3.316918e+00	1.096607e+01	4.801350e-04	1.437843e-04	3.074184e-08	2.041640e-04	-2.195862e-08
198	3.267199e+00	1.063723e+01	9.931324e-03	9.833815e-03	9.718218e-05	3.200330e-02	-2.303187e-08
199	3.131356e+00	9.773259e+00	9.091110e-03	8.377147e-03	7.310340e-05	2.566934e-02	-6.093222e-07
200	3.077978e+00	9.438135e+00	1.265662e-03	6.203860e-04	5.330921e-07	1.421983e-03	-1.342361e-07
201	3.094581e+00	9.540737e+00	1.608443e-02	1.554931e-02	2.459059e-04	4.775612e-02	-4.399735e-07
202	2.857126e+00	8.129194e+00	2.078385e-03	1.696395e-03	3.183689e-06	4.589492e-03	-1.020096e-07
203	2.924262e+00	8.517844e+00	6.487073e-03	4.407299e-03	2.346733e-05	1.145991e-02	-2.152602e-06
204	2.991718e+00	8.913861e+00	1.654310e-03	3.790496e-04	1.825983e-07	1.879916e-04	-2.382305e-07
205	2.892901e+00	8.333228e+00	2.835410e-02	2.698425e-02	7.463985e-04	7.717741e-02	-2.695519e-06
206	3.005208e+00	8.994184e+00	1.359379e-01	1.323539e-01	1.775314e-02	3.952196e-01	-2.590699e-05
207	2.774967e+00	7.665267e+00	1.302938e-02	1.066587e-02	1.256682e-04	2.786642e-02	4.099697e-06
208	2.763655e+00	7.602760e+00	1.455911e-03	6.109439e-04	5.425027e-07	1.107979e-03	-1.941427e-07
209	2.674527e+00	7.118557e+00	2.000363e-03	4.031696e-04	1.663224e-07	-1.806348e-06	3.216017e-07
210	2.733182e+00	7.435543e+00	1.202306e-02	1.018157e-02	1.126152e-04	2.666561e-02	-2.782211e-06
211	2.822518e+00	7.930835e+00	4.569027e-03	1.747629e-03	4.524861e-06	3.053492e-03	-1.978227e-06
212	2.728886e+00	7.411689e+00	1.219889e-02	1.093088e-02	1.262139e-04	2.868616e-02	1.616835e-06
213	2.649191e+00	6.985221e+00	1.426397e-03	1.600848e-04	-7.308386e-08	-4.144124e-04	2.259583e-08
214	2.746807e+00	7.507665e+00	6.130104e-03	2.100578e-03	6.620237e-06	3.130728e-03	-3.604204e-06
215	2.651196e+00	6.993817e+00	2.403356e-03	6.585717e-04	6.295931e-07	6.631017e-04	-5.386016e-07
216	2.630047e+00	6.882972e+00	1.457379e-02	1.290174e-02	1.768929e-04	3.302815e-02	-2.634304e-06
217	2.659207e+00	7.036166e+00	2.098310e-03	1.267081e-03	2.045834e-06	2.854459e-03	-2.883329e-07
218	2.613157e+00	6.793157e+00	6.818627e-04	7.689807e-05	-1.630964e-08	-1.948365e-04	6.637310e-09
219	2.581478e+00	6.628441e+00	1.399645e-03	1.197198e-03	1.549354e-06	2.917129e-03	3.445438e-08
220	2.595011e+00	6.698507e+00	8.004134e-03	7.929252e-03	6.316921e-05	2.048902e-02	-3.894205e-08
221	2.662187e+00	7.050448e+00	3.643698e-03	1.657478e-03	3.901146e-06	3.179477e-03	-1.171567e-06
222	2.637296e+00	6.920813e+00	1.587599e-02	1.340442e-02	1.954801e-04	3.384295e-02	-4.961971e-06
223	2.602526e+00	6.738196e+00	4.403041e-03	4.592327e-03	2.065026e-05	1.191205e-02	-4.165008e-09
224	2.543852e+00	6.437048e+00	1.517760e-01	1.489308e-01	2.239124e-02	3.754757e-01	-1.855871e-05
225	2.910142e+00	8.430485e+00	1.515180e+00	1.508046e+00	2.279574e+00	4.376242e+00	2.598618e-04
226	2.639781e+00	6.933073e+00	9.597169e-02	9.298392e-02	8.783804e-03	2.442426e-01	1.643752e-05
227	2.640348e+00	6.935295e+00	6.532366e-03	6.062460e-03	3.815110e-05	1.594520e-02	-1.003004e-07
228	2.537931e+00	6.406725e+00	1.767797e-02	1.714784e-02	2.985590e-04	4.334473e-02	2.436380e-07
229	2.584011e+00	6.641985e+00	2.842196e-03	2.617739e-03	7.140266e-06	6.733708e-03	2.236973e-08
230	2.590859e+00	6.676338e+00	1.891214e-03	1.945910e-03	3.732970e-06	5.027737e-03	1.883628e-09
231	2.605231e+00	6.751540e+00	2.886926e-04	1.743416e-04	3.874000e-08	3.712860e-04	-5.387545e-09
232	2.596646e+00	6.708736e+00	1.465842e-02	1.428111e-02	2.066265e-04	3.686860e-02	-3.123370e-07
233	2.732534e+00	7.429891e+00	3.551923e-03	2.978722e-03	9.685363e-06	7.762427e-03	-2.635473e-07
234	2.650170e+00	6.987148e+00	5.102749e-04	1.925697e-04	5.497942e-08	2.988367e-04	-2.492338e-08
235	2.685813e+00	7.178388e+00	1.435197e-04	1.259845e-04	1.693935e-08	3.164110e-04	-2.132594e-10
236	2.678937e+00	7.138641e+00	4.774728e-04	3.313383e-04	1.313572e-07	7.792485e-04	-1.066976e-08
237	2.704909e+00	7.280764e+00	2.675947e-03	2.531707e-03	6.589536e-06	6.766403e-03	-2.880473e-08
238	2.714864e+00	7.334740e+00	3.931190e-02	3.925253e-02	1.541926e-03	1.063059e-01	1.233771e-07
239	2.828101e+00	7.961047e+00	4.365909e-02	4.250933e-02	1.831316e-03	1.195065e-01	2.582238e-06
240	2.791435e+00	7.754920e+00	1.637873e-02	1.617660e-02	2.633122e-04	4.492384e-02	-1.483862e-07
241	2.890363e+00	8.317748e+00	2.516673e-04	1.987982e-04	4.446355e-08	5.721587e-04	-5.032914e-10
242	2.901191e+00	8.379383e+00	4.935585e-03	5.029028e-03	2.505504e-05	1.452935e-02	2.745462e-08
243	3.171703e+00	1.002118e+01	3.792384e-02	3.583422e-02	1.320989e-03	1.127892e-01	5.694012e-06
244	2.785879e+00	7.726588e+00	3.031715e-03	2.631826e-03	7.432988e-06	7.182158e-03	1.300633e-07
245	2.939264e+00	8.604635e+00	8.101220e-04	6.804272e-04	5.050261e-07	1.944246e-03	1.254360e-08
246	2.972272e+00	8.799268e+00	2.891186e-02	2.884495e-02	8.329956e-04	8.556039e-02	9.672812e-09
247	3.071339e+00	9.396987e+00	3.768044e-04	3.503191e-04	1.272759e-07	1.063209e-03	-7.525922e-10
248	3.193608e+00	1.016228e+01	2.212431e-04	8.099536e-05	9.815910e-09	1.362187e-04	4.604928e-09
249	3.138263e+00	9.813484e+00	1.137321e-02	1.149915e-02	1.315044e-04	3.602278e-02	-3.758583e-08
250	3.234378e+00	1.042601e+01	7.865803e-03	7.908024e-03	6.236968e-05	2.552342e-02	-1.645168e-08
251	3.265418e+00	1.062756e+01	1.244660e-03	8.977094e-04	9.466054e-07	2.665424e-03	-6.622032e-08
252	3.284313e+00	1.075467e+01	5.378437e-03	5.010876e-03	2.601296e-05	1.618517e-02	-1.658791e-07
253	3.456274e+00	1.191135e+01	1.486837e-03	1.058612e-03	1.324417e-06	3.296221e-03	9.910365e-08
254	3.607227e+00	1.297744e+01	1.664031e-04	1.337621e-04	1.994217e-08	4.538393e-04	7.512329e-10
255	3.523136e+00	1.237953e+01	4.146955e-03	4.171774e-03	1.735185e-05	1.466000e-02	-6.260181e-09
256	3.595791e+00	1.289576e+01	2.787798e-03	2.546952e-03	6.786453e-06	8.981288e-03	6.348523e-08
257	3.632308e+00	1.315911e+01	1.864022e-02	1.842684e-02	3.415088e-04	6.680642e-02	-5.157675e-08
258	3.609167e+00	1.299208e+01	2.088116e-04	6.489354e-05	6.294431e-09	1.082882e-04	-4.176568e-09
259	3.657379e+00	1.334043e+01	6.179352e-03	6.084165e-03	3.730551e-05	2.221613e-02	-6.511856e-09
260	3.664208e+00	1.339139e+01	3.667953e-05	4.366553e-06	-3.940207e-11	-1.262588e-05	-3.874625e-11
261	3.644298e+00	1.324780e+01	5.764397e-03	5.417481e-03	3.027381e-05	1.947821e-02	1.590369e-07
262	3.676483e+00	1.348109e+01	3.361324e-04	3.288217e-04	1.093190e-07	1.195694e-03	-3.531590e-11
263	3.696986e+00	1.363262e+01	1.954151e-04	2.167022e-05	-1.404180e-09	-7.988903e-05	-1.299276e-10
264	3.669045e+00	1.342677e+01	1.504869e-02	1.468801e-02	2.183702e-04	5.352979e-02	-2.022300e-07
265	3.635434e+00	1.318121e+01	8.813880e-04	2.685557e-04	1.075749e-07	4.171801e-04	-7.415578e-08
266	3.650676e+00	1.329659e+01	2.519244e-04	1.760260e-04	3.693327e-08	5.634970e-04	-3.158872e-09
267	3.688504e+00	1.356833e+01	2.395478e-05	6.978781e-06	7.226670e-11	1.074767e-05	-5.403259e-11
268	3.667735e+00	1.342870e+01	2.583389e-05	7.370008e-06	8.119080e-11	1.056525e-05	-6.123558e-11
269	3.680184e+00	1.351405e+01	1.096698e-05	5.906847e-06	4.661887e-11	1.704460e-05	-9.323027e-12
270	7.259842e+00	5.267874e+01	1.800422e-04	2.022169e-05	-1.167772e-09	-1.432105e-04	3.536610e-10
271	3.689760e+00	1.357948e+01	1.102046e-05	5.604196e-06	4.289481e-11	1.563677e-05	-9.987887e-12
272	3.689037e+00	1.356453e+01	1.194241e-05	5.542530e-06	4.361275e-11	1.587257e-05	-1.145852e-11
273	3.657979e+00	1.334715e+01	5.484055e-03	5.460864e-03	2.988429e-05	1.995051e-02	-4.232053e-09
274	3.659279e+00	1.335105e+01	3.449725e-03	3.457409e-03	1.194038e-05	1.263268e-02	-4.378388e-09
275	3.681732e+00	1.352192e+01	9.451281e-04	2.214407e-04	6.373818e-08	1.546094e-04	7.874116e-08
276	3.613922e+00	1.302652e+01	5.958840e-03	5.777075e-03	3.389551e-05	2.072673e-02	5.934073e-08
277	3.617363e+00	1.305193e+01	5.358620e-04	4.887230e-04	2.500944e-07	1.743327e-03	2.198185e-09
278	3.670338e+00	1.343800e+01	1.738656e-02	1.691378e-02	2.900462e-04	6.159734e-02	-4.608244e-07
279	3.636198e+00	1.318626e+01	5.950845e-03	5.913469e-03	3.507945e-05	2.147326e-02	-2.399478e-09
280	3.633197e+00	1.316712e+01	6.529259e-05	1.393549e-05	2.249486e-10	6.839340e-06	3.550994e-10
281	3.532837e+00	1.244773e+01	1.301116e-02	1.283096e-02	1.657856e-04	4.524587e-02	-6.276139e-08
282	3.481419e+00	1.208515e+01	1.387410e-02	1.341767e-02	1.830701e-04	4.613404e-02	-3.602836e-07
283	3.248875e+00	1.052197e+01	1.262754e-02	1.169635e-02	1.421423e-04	3.728173e-02	1.048283e-06
284	2.977900e+00	8.832665e+00	6.163480e-03	5.714534e-03	3.391360e-05	1.662615e-02	2.335171e-07
285	3.211571e+00	1.027766e+01	7.597578e-03	6.562176e-03	4.632578e-05	2.029160e-02	9.256128e-07
286	3.006663e+00	9.006080e+00	7.211107e-02	7.008668e-02	4.982573e-03	2.092114e-01	-7.677290e-06
287	3.015198e+00	9.056274e+00	2.915968e-03	4.533362e-04	6.357376e-09	-5.091984e-04	5.211823e-07
288	3.022604e+00	9.099948e+00	4.683970e-02	4.370038e-02	1.977087e-03	1.299721e-01	-1.273162e-05
289	2.880224e+00	8.264032e+00	1.243143e-02	9.369756e-03	1.009646e-04	2.485759e-02	-5.670276e-06
290	2.842956e+00	8.047555e+00	9.062271e-03	3.915311e-03	2.209711e-05	7.603543e-03	-7.459131e-06
291	2.878781e+00	8.252808e+00	4.768269e-02	4.198359e-02	1.878206e-03	1.172670e-01	-3.026387e-05
292	2.667123e+00	7.079880e+00	3.550882e-03	4.051888e-04	-4.300883e-07	-1.003574e-03	-2.263619e-07
293	2.747802e+00	7.516793e+00	7.067680e-03	1.951749e-03	5.533038e-06	1.909952e-03	-4.683223e-06
294	2.825861e+00	7.949466e+00	9.586883e-03	3.501324e-03	1.828893e-05	5.683661e-03	-8.776064e-06
295	2.734088e+00	7.439874e+00	5.080206e-02	4.573559e-02	2.204401e-03	1.218641e-01	-2.656187e-05
296	2.858731e+00	8.135495e+00	2.015188e-01	1.928078e-01	3.800514e-02	5.454098e-01	-1.229526e-04
297	2.680519e+00	7.149839e+00	8.687235e-03	2.223047e-03	6.912403e-06	1.591059e-03	6.903477e-06
298	2.653440e+00	7.005744e+00	8.188382e-03	4.602346e-03	2.783076e-05	9.862899e-03	-4.867583e-06
299	2.566092e+00	6.550160e+00	5.281013e-03	6.918560e-04	-5.618865e-07	-1.147171e-03	-1.197155e-06
300	2.614609e+00	6.801402e+00	2.185424e-02	1.691039e-02	3.247080e-04	4.113956e-02	-1.567673e-05
301	2.707310e+00	7.293118e+00	7.001476e-03	1.708039e-03	3.934624e-06	1.121668e-03	-4.405372e-06
302	2.627326e+00	6.866981e+00	1.327088e-02	1.016978e-02	1.179930e-04	2.448290e-02	6.001260e-06
303	2.523684e+00	6.335446e+00	2.813477e-03	3.544069e-04	-1.936456e-07	-6.598747e-04	2.962150e-07
304	2.642308e+00	6.943895e+00	1.054664e-02	4.063694e-03	2.444072e-05	6.604388e-03	-1.050700e-05
305	2.549069e+00	6.462240e+00	4.474376e-03	1.250724e-03	2.284074e-06	1.222472e-03	-1.880751e-06
306	2.517939e+00	6.305650e+00	1.442423e-02	1.105890e-02	1.394950e-04	2.590089e-02	-7.060248e-06
307	2.560550e+00	6.520894e+00	5.948092e-03	3.577780e-03	1.633879e-05	7.694152e-03	-2.334788e-06
308	2.516328e+00	6.296589e+00	3.403213e-03	5.914561e-04	1.948596e-07	-2.290038e-04	-8.161900e-07
309	2.495760e+00	6.193858e+00	3.732891e-03	2.070091e-03	5.660870e-06	4.027640e-03	1.033789e-06
310	2.513790e+00	6.284855e+00	7.930477e-03	7.511978e-03	5.797991e-05	1.842072e-02	2.378453e-07
311	2.559994e+00	6.516422e+00	7.491337e-03	3.383033e-03	1.628622e-05	6.147913e-03	-4.981218e-06
312	2.535192e+00	6.392685e+00	2.556771e-02	1.992130e-02	4.491157e-04	4.711864e-02	-2.077599e-05
313	2.512272e+00	6.276800e+00	1.533455e-03	1.171316e-03	1.568175e-06	2.622331e-03	7.160918e-08
314	2.422439e+00	5.835226e+00	1.462226e-01	1.356675e-01	1.910775e-02	3.214967e-01	-1.392587e-04
315	2.859658e+00	8.139011e+00	1.433386e+00	1.422293e+00	2.030792e+00	4.051021e+00	4.637197e-04
316	2.486120e+00	6.146764e+00	7.578488e-02	7.310894e-02	5.441855e-03	1.812552e-01	1.222513e-06
317	2.533562e+00	6.384835e+00	2.644402e-03	9.568749e-04	1.365944e-06	1.365295e-03	6.715801e-07
318	2.443053e+00	5.934499e+00	1.161591e-02	1.095106e-02	1.235113e-04	2.653059e-02	-5.296804e-07
319	2.477221e+00	6.102354e+00	2.955622e-03	1.957516e-03	4.685777e-06	4.390774e-03	-4.619920e-07
320	2.479745e+00	6.113960e+00	1.737148e-03	6.732416e-04	6.699424e-07	9.471126e-04	2.850741e-07
321	2.495386e+00	6.192174e+00	1.514458e-03	1.208226e-03	1.633139e-06	2.753930e-03	6.348023e-08
322	2.499349e+00	6.213229e+00	1.362600e-02	1.345064e-02	1.820953e-04	3.348894e-02	1.896000e-08
323	2.617728e+00	6.816782e+00	3.678260e-04	3.525308e-04	1.269453e-07	8.907830e-04	7.841812e-11
324	2.549505e+00	6.464153e+00	9.095489e-05	7.083097e-05	5.680821e-09	1.633969e-04	2.237738e-10
325	2.605098e+00	6.751350e+00	2.406569e-04	3.739668e-05	6.821865e-11	-3.767063e-05	3.547059e-09
326	2.578812e+00	6.612851e+00	3.516196e-04	1.586280e-04	3.581166e-08	2.664458e-04	1.100118e-08
327	2.607751e+00	6.764700e+00	1.680378e-03	1.610333e-03	2.648960e-06	4.160986e-03	7.753224e-09
328	2.643002e+00	6.949399e+00	3.434763e-02	3.402922e-02	1.163393e-03	8.958037e-02	3.484830e-07
329	2.714494e+00	7.331900e+00	4.441536e-02	4.362727e-02	1.920453e-03	1.181162e-01	3.672881e-07
330	2.694152e+00	7.221204e+00	1.485973e-02	1.482953e-02	2.201388e-04	3.984751e-02	-2.776756e-08
331	2.804694e+00	7.829560e+00	5.482571e-04	3.510721e-04	1.530961e-07	8.854981e-04	-1.687523e-08
332	2.814186e+00	7.882048e+00	7.713510e-04	7.805942e-04	6.057021e-07	2.153406e-03	-2.899063e-09
333	3.070226e+00	9.387595e+00	3.925972e-02	3.765487e-02	1.447786e-03	1.151416e-01	3.265855e-06
334	2.699340e+00	7.251706e+00	8.568621e-04	6.833179e-04	5.225394e-07	1.787042e-03	1.845308e-08
335	2.842312e+00	8.044137e+00	1.834240e-03	1.723348e-03	3.063990e-06	4.887113e-03	3.992660e-09
336	2.927731e+00	8.535821e+00	1.000175e-02	9.818001e-03	9.729096e-05	2.860924e-02	7.631457e-08
337	2.967729e+00	8.771354e+00	6.616540e-04	5.286260e-04	3.124050e-07	1.482867e-03	-1.200104e-08
338	3.108770e+00	9.627444e+00	5.795634e-04	6.563102e-05	-1.165402e-08	-1.914959e-04	-5.294068e-09
339	3.056878e+00	9.308880e+00	1.157183e-02	1.162102e-02	1.347620e-04	3.545533e-02	-3.802856e-08
340	3.154542e+00	9.915677e+00	6.921482e-03	6.737393e-03	4.600838e-05	2.105447e-02	6.138411e-08
341	3.180377e+00	1.007925e+01	1.071627e-03	5.851998e-04	4.552707e-07	1.483456e-03	-8.654478e-08
342	3.198487e+00	1.019813e+01	3.452889e-03	3.319634e-03	1.123894e-05	1.051979e-02	-2.715157e-08
343	3.369305e+00	1.131743e+01	2.505858e-03	1.919800e-03	4.205318e-06	6.005915e-03	2.143539e-07
344	3.523046e+00	1.237702e+01	3.130597e-04	4.323504e-05	-1.389363e-09	-8.388006e-05	4.834305e-09
345	3.436133e+00	1.177407e+01	2.394769e-03	2.421276e-03	5.830397e-06	8.295594e-03	-3.741963e-09
346	3.507947e+00	1.227169e+01	2.203436e-03	1.445909e-03	2.566722e-06	4.436995e-03	2.696109e-07
347	3.552890e+00	1.258813e+01	1.811112e-02	1.780625e-02	3.197654e-04	6.313641e-02	-9.583799e-08
348	3.523962e+00	1.238410e+01	2.757985e-04	2.354349e-04	5.997983e-08	8.084164e-04	-1.268633e-09
349	3.575136e+00	1.274558e+01	6.540605e-03	6.403077e-03	4.143734e-05	2.282484e-02	-2.886630e-08
350	3.622643e+00	1.308853e+01	2.155967e-04	2.417996e-05	-1.675835e-09	-8.490120e-05	-4.894225e-10
351	3.622427e+00	1.308873e+01	5.180504e-03	4.927281e-03	2.489395e-05	1.765138e-02	9.455609e-08
352	3.676483e+00	1.348109e+01	3.361324e-04	3.288217e-04	1.093190e-07	1.195694e-03	-3.531590e-11
353	3.696986e+00	1.363262e+01	1.954151e-04	2.167022e-05	-1.404180e-09	-7.988903e-05	-1.299276e-10
354	3.669045e+00	1.342677e+01	1.504869e-02	1.468801e-02	2.183702e-04	5.352979e-02	-2.022300e-07
355	3.635434e+00	1.318121e+01	8.813880e-04	2.685557e-04	1.075749e-07	4.171801e-04	-7.415578e-08
356	3.650676e+00	1.329659e+01	2.519244e-04	1.760260e-04	3.693327e-08	5.634970e-04	-3.158872e-09
357	3.688504e+00	1.356833e+01	2.395478e-05	6.978781e-06	7.226670e-11	1.074767e-05	-5.403259e-11
358	3.667735e+00	1.342870e+01	2.583389e-05	7.370008e-06	8.119080e-11	1.056525e-05	-6.123558e-11
359	3.680184e+00	1.351405e+01	1.096698e-05	5.906847e-06	4.661887e-11	1.704460e-05	-9.323027e-12
