0.00	+8.366e+00	+6.996e+01	+0.000e+00	+0.000e+00	+0.000e+00	+0.000e+00	+0.000e+00
1.00	+3.057e+00	+9.308e+00	+1.658e-04	+2.399e-05	-2.345e-10	-3.441e-05	+1.495e-09
2.00	+2.975e+00	+8.816e+00	+3.806e-04	+5.325e-05	-1.852e-09	-8.862e-05	-7.351e-09
3.00	+2.991e+00	+8.911e+00	+1.454e-04	+7.066e-05	+6.950e-09	+1.597e-04	-1.732e-09
4.00	+3.008e+00	+9.011e+00	+8.343e-03	+8.121e-03	+6.685e-05	+2.432e-02	+9.759e-08
5.00	+2.908e+00	+8.424e+00	+6.316e-03	+6.191e-03	+3.871e-05	+1.790e-02	-3.127e-08
6.00	+2.900e+00	+8.378e+00	+1.331e-03	+1.304e-03	+1.718e-06	+3.749e-03	-5.647e-09
7.00	+2.918e+00	+8.484e+00	+1.233e-03	+9.124e-04	+9.661e-07	+2.437e-03	-5.753e-08
8.00	+2.934e+00	+8.573e+00	+7.951e-03	+7.913e-03	+6.276e-05	+2.304e-02	+3.765e-08
9.00	+2.905e+00	+8.404e+00	+3.222e-03	+2.575e-03	+7.410e-06	+7.014e-03	-2.826e-07
10.00	+2.942e+00	+8.621e+00	+5.581e-03	+5.375e-03	+2.944e-05	+1.572e-02	-4.416e-08
11.00	+2.976e+00	+8.827e+00	+7.743e-02	+7.659e-02	+5.898e-03	+2.275e-01	+1.206e-06
12.00	+3.015e+00	+9.055e+00	+2.230e-02	+2.204e-02	+4.884e-04	+6.628e-02	-5.980e-08
13.00	+3.013e+00	+9.043e+00	+1.155e-05	+9.080e-06	+9.294e-11	+2.665e-05	-2.348e-12
14.00	+2.871e+00	+8.209e+00	+2.392e-03	+2.346e-03	+5.556e-06	+6.719e-03	-4.979e-09
15.00	+3.014e+00	+9.050e+00	+3.862e-04	+3.590e-04	+1.337e-07	+1.076e-03	+8.206e-10
16.00	+3.141e+00	+9.837e+00	+7.222e-03	+7.138e-03	+5.125e-05	+2.237e-02	+3.006e-08
17.00	+3.027e+00	+9.131e+00	+1.631e-02	+1.633e-02	+2.664e-04	+4.932e-02	-6.094e-08
18.00	+2.973e+00	+8.808e+00	+9.422e-04	+9.553e-04	+9.063e-07	+2.834e-03	-1.519e-09
19.00	+2.957e+00	+8.708e+00	+1.267e-04	+1.226e-04	+1.527e-08	+3.600e-04	+5.824e-11
20.00	+2.929e+00	+8.543e+00	+1.702e-02	+1.676e-02	+2.830e-04	+4.897e-02	-1.027e-07
21.00	+2.812e+00	+7.873e+00	+4.503e-02	+4.427e-02	+1.977e-03	+1.240e-01	-1.101e-06
22.00	+2.921e+00	+8.500e+00	+3.206e-01	+3.188e-01	+1.019e-01	+9.293e-01	+7.411e-06
23.00	+2.947e+00	+8.648e+00	+9.714e-04	+1.015e-03	+1.007e-06	+2.961e-03	-6.848e-09
24.00	+2.970e+00	+8.786e+00	+6.462e-02	+6.364e-02	+4.081e-03	+1.884e-01	-1.937e-06
25.00	+3.040e+00	+9.209e+00	+1.155e-03	+1.123e-03	+1.279e-06	+3.402e-03	-1.699e-09
26.00	+2.960e+00	+8.727e+00	+1.013e-02	+1.004e-02	+1.013e-04	+2.967e-02	-2.495e-08
27.00	+2.856e+00	+8.124e+00	+1.918e-04	+1.869e-04	+3.538e-08	+5.278e-04	+2.347e-11
28.00	+2.993e+00	+8.923e+00	+0.000e+00	+0.000e+00	+0.000e+00	-0.000e+00	+0.000e+00
29.00	+2.909e+00	+8.433e+00	+3.656e-03	+3.580e-03	+1.295e-05	+1.036e-02	-1.514e-08
30.00	+2.965e+00	+8.754e+00	+3.761e-04	+2.402e-04	+7.172e-08	+6.112e-04	-8.440e-09
31.00	+2.940e+00	+8.607e+00	+8.221e-04	+5.555e-04	+3.738e-07	+1.403e-03	-3.485e-08
32.00	+2.986e+00	+8.884e+00	+5.187e-02	+5.131e-02	+2.647e-03	+1.527e-01	+1.322e-06
33.00	+2.879e+00	+8.256e+00	+6.855e-03	+6.641e-03	+4.481e-05	+1.908e-02	+1.416e-08
34.00	+2.950e+00	+8.670e+00	+3.498e-04	+1.807e-04	+4.440e-08	+4.093e-04	+9.697e-09
35.00	+3.002e+00	+8.976e+00	+6.499e-04	+5.819e-04	+3.578e-07	+1.686e-03	-4.991e-09
36.00	+2.946e+00	+8.644e+00	+5.435e-03	+5.330e-03	+2.869e-05	+1.566e-02	-1.680e-08
37.00	+3.217e+00	+1.032e+01	+9.428e-03	+9.049e-03	+8.359e-05	+2.885e-02	-2.457e-07
38.00	+3.004e+00	+8.988e+00	+2.678e-03	+2.446e-03	+6.259e-06	+7.212e-03	+5.720e-08
39.00	+2.974e+00	+8.815e+00	+1.798e-03	+1.848e-03	+3.369e-06	+5.483e-03	-6.710e-09
40.00	+2.956e+00	+8.703e+00	+1.434e-02	+1.416e-02	+2.017e-04	+4.169e-02	-9.138e-08
41.00	+3.025e+00	+9.116e+00	+1.547e-02	+1.521e-02	+2.334e-04	+4.566e-02	-8.930e-08
42.00	+2.927e+00	+8.532e+00	+1.647e-02	+1.498e-02	+2.353e-04	+4.242e-02	-2.394e-06
43.00	+3.083e+00	+9.469e+00	+1.223e-02	+1.104e-02	+1.282e-04	+3.365e-02	+1.149e-06
44.00	+2.908e+00	+8.419e+00	+2.485e-02	+2.369e-02	+5.749e-04	+6.872e-02	-5.570e-07
45.00	+3.008e+00	+9.012e+00	+2.867e-04	+2.922e-04	+8.456e-08	+8.680e-04	-3.141e-10
46.00	+2.950e+00	+8.669e+00	+4.574e-03	+4.338e-03	+1.932e-05	+1.257e-02	-8.431e-08
47.00	+2.917e+00	+8.475e+00	+2.023e-02	+1.993e-02	+4.003e-04	+5.800e-02	+2.296e-07
48.00	+2.863e+00	+8.163e+00	+1.687e-01	+1.660e-01	+2.779e-02	+4.743e-01	+1.684e-06
49.00	+3.002e+00	+8.978e+00	+2.065e-02	+2.118e-02	+4.428e-04	+6.344e-02	-1.373e-07
50.00	+2.969e+00	+8.783e+00	+2.972e-02	+2.938e-02	+8.683e-04	+8.708e-02	+4.557e-08
51.00	+2.980e+00	+8.845e+00	+5.226e-03	+5.148e-03	+2.670e-05	+1.527e-02	-2.020e-08
52.00	+2.915e+00	+8.463e+00	+8.436e-04	+7.485e-04	+5.948e-07	+2.158e-03	+5.955e-09
53.00	+3.289e+00	+1.078e+01	+9.465e-02	+9.416e-02	+8.889e-03	+3.090e-01	-2.989e-06
54.00	+2.977e+00	+8.827e+00	+1.672e-02	+1.632e-02	+2.695e-04	+4.836e-02	+2.304e-07
55.00	+2.984e+00	+8.871e+00	+5.326e-05	+9.207e-06	+4.525e-11	-4.359e-06	+1.988e-10
56.00	+2.863e+00	+8.166e+00	+1.189e-02	+1.172e-02	+1.383e-04	+3.346e-02	-4.145e-08
57.00	+3.032e+00	+9.157e+00	+1.338e-02	+1.281e-02	+1.677e-04	+3.837e-02	+5.757e-07
58.00	+2.767e+00	+7.624e+00	+8.529e-02	+8.481e-02	+7.213e-03	+2.342e-01	+1.079e-06
59.00	+2.979e+00	+8.841e+00	+9.052e-04	+9.008e-04	+8.135e-07	+2.665e-03	+3.439e-10
60.00	+2.961e+00	+8.736e+00	+3.886e-03	+3.877e-03	+1.505e-05	+1.143e-02	-8.200e-09
61.00	+2.887e+00	+8.296e+00	+6.394e-04	+6.728e-04	+4.413e-07	+1.937e-03	+2.211e-10
62.00	+3.027e+00	+9.130e+00	+9.667e-05	+6.452e-05	+5.072e-09	+1.660e-04	-4.824e-10
63.00	+2.914e+00	+8.460e+00	+3.256e-02	+3.224e-02	+1.045e-03	+9.360e-02	-5.138e-07
64.00	+2.947e+00	+8.652e+00	+2.711e-02	+2.683e-02	+7.237e-04	+7.892e-02	+8.362e-08
65.00	+2.998e+00	+8.952e+00	+1.498e-04	+1.392e-04	+2.009e-08	+3.976e-04	-4.441e-11
66.00	+2.876e+00	+8.241e+00	+6.853e-04	+5.776e-04	+3.633e-07	+1.552e-03	-8.457e-09
67.00	+2.951e+00	+8.672e+00	+8.366e-03	+8.335e-03	+6.960e-05	+2.454e-02	-3.199e-08
68.00	+3.043e+00	+9.227e+00	+6.205e-03	+6.130e-03	+3.780e-05	+1.855e-02	-3.777e-08
69.00	+3.082e+00	+9.467e+00	+7.271e-03	+6.933e-03	+4.923e-05	+2.123e-02	-1.482e-07
70.00	+2.838e+00	+8.024e+00	+6.158e-03	+5.925e-03	+3.579e-05	+1.665e-02	-9.592e-08
71.00	+3.002e+00	+8.977e+00	+6.916e-03	+6.744e-03	+4.606e-05	+2.014e-02	+5.500e-08
72.00	+2.969e+00	+8.784e+00	+7.677e-04	+8.367e-04	+6.705e-07	+2.455e-03	-6.678e-09
73.00	+3.163e+00	+9.969e+00	+2.487e-04	+2.185e-04	+5.094e-08	+6.639e-04	+8.388e-10
74.00	+2.983e+00	+8.865e+00	+6.851e-03	+6.442e-03	+4.279e-05	+1.901e-02	+1.984e-07
75.00	+3.091e+00	+9.518e+00	+6.557e-02	+6.517e-02	+4.261e-03	+2.010e-01	-8.913e-07
76.00	+2.951e+00	+8.677e+00	+5.116e-03	+4.991e-03	+2.522e-05	+1.465e-02	+3.670e-08
77.00	+3.042e+00	+9.222e+00	+1.457e-03	+1.449e-03	+2.105e-06	+4.379e-03	-1.728e-09
78.00	+3.036e+00	+9.184e+00	+2.960e-03	+3.061e-03	+9.215e-06	+9.277e-03	-2.448e-09
79.00	+2.913e+00	+8.451e+00	+2.842e-03	+2.937e-03	+8.484e-06	+8.528e-03	+1.755e-08
80.00	+3.015e+00	+9.058e+00	+5.732e-03	+5.702e-03	+3.260e-05	+1.710e-02	+7.639e-09
81.00	+2.970e+00	+8.788e+00	+1.135e-02	+1.129e-02	+1.278e-04	+3.346e-02	-3.177e-08
82.00	+3.017e+00	+9.067e+00	+4.231e-03	+4.196e-03	+1.768e-05	+1.263e-02	+1.995e-08
83.00	+2.993e+00	+8.923e+00	+4.387e-04	+3.961e-04	+1.651e-07	+1.126e-03	+1.036e-09
84.00	+2.944e+00	+8.638e+00	+2.042e-03	+1.995e-03	+4.026e-06	+5.847e-03	+4.449e-09
85.00	+2.968e+00	+8.774e+00	+4.571e-02	+4.596e-02	+2.106e-03	+1.359e-01	+7.809e-07
86.00	+3.065e+00	+9.364e+00	+2.964e-02	+2.849e-02	+8.279e-04	+8.631e-02	+2.205e-06
87.00	+3.002e+00	+8.980e+00	+1.734e-02	+1.717e-02	+2.964e-04	+5.116e-02	-8.187e-08
88.00	+2.981e+00	+8.855e+00	+3.317e-03	+2.216e-03	+5.981e-06	+5.774e-03	-5.881e-07
89.00	+3.076e+00	+9.428e+00	+5.408e-04	+5.229e-04	+2.781e-07	+1.593e-03	-6.625e-10
90.00	+8.366e+00	+6.996e+01	+0.000e+00	+0.000e+00	+0.000e+00	+0.000e+00	+0.000e+00
91.00	+3.057e+00	+9.308e+00	+1.658e-04	+2.399e-05	-2.345e-10	-3.441e-05	+1.495e-09
92.00	+2.975e+00	+8.816e+00	+3.806e-04	+5.325e-05	-1.852e-09	-8.862e-05	-7.351e-09
93.00	+2.991e+00	+8.911e+00	+1.454e-04	+7.066e-05	+6.950e-09	+1.597e-04	-1.732e-09
94.00	+3.008e+00	+9.011e+00	+8.343e-03	+8.121e-03	+6.685e-05	+2.432e-02	+9.759e-08
95.00	+2.908e+00	+8.424e+00	+6.316e-03	+6.191e-03	+3.871e-05	+1.790e-02	-3.127e-08
96.00	+2.900e+00	+8.378e+00	+1.331e-03	+1.304e-03	+1.718e-06	+3.749e-03	-5.647e-09
97.00	+2.918e+00	+8.484e+00	+1.233e-03	+9.124e-04	+9.661e-07	+2.437e-03	-5.753e-08
98.00	+2.934e+00	+8.573e+00	+7.951e-03	+7.913e-03	+6.276e-05	+2.304e-02	+3.765e-08
99.00	+2.905e+00	+8.404e+00	+3.222e-03	+2.575e-03	+7.410e-06	+7.014e-03	-2.826e-07
100.00	+2.942e+00	+8.621e+00	+5.581e-03	+5.375e-03	+2.944e-05	+1.572e-02	-4.416e-08
101.00	+3.011e+00	+9.033e+00	+6.011e-02	+5.942e-02	+3.551e-03	+1.786e-01	+5.254e-07
102.00	+3.015e+00	+9.055e+00	+2.230e-02	+2.204e-02	+4.884e-04	+6.628e-02	-5.980e-08
103.00	+3.013e+00	+9.043e+00	+1.155e-05	+9.080e-06	+9.294e-11	+2.665e-05	-2.348e-12
104.00	+2.871e+00	+8.209e+00	+2.392e-03	+2.346e-03	+5.556e-06	+6.719e-03	-4.979e-09
105.00	+3.014e+00	+9.050e+00	+3.862e-04	+3.590e-04	+1.337e-07	+1.076e-03	+8.206e-10
106.00	+3.141e+00	+9.837e+00	+7.222e-03	+7.138e-03	+5.125e-05	+2.237e-02	+3.006e-08
107.00	+3.062e+00	+9.344e+00	+8.709e-03	+8.747e-03	+7.634e-05	+2.673e-02	-2.984e-08
108.00	+2.973e+00	+8.808e+00	+9.422e-04	+9.553e-04	+9.063e-07	+2.834e-03	-1.519e-09
109.00	+2.957e+00	+8.708e+00	+1.267e-04	+1.226e-04	+1.527e-08	+3.600e-04	+5.824e-11
110.00	+2.929e+00	+8.543e+00	+1.702e-02	+1.676e-02	+2.830e-04	+4.897e-02	-1.027e-07
111.00	+2.812e+00	+7.873e+00	+4.503e-02	+4.427e-02	+1.977e-03	+1.240e-01	-1.101e-06
112.00	+2.921e+00	+8.500e+00	+3.206e-01	+3.188e-01	+1.019e-01	+9.293e-01	+7.411e-06
113.00	+2.947e+00	+8.648e+00	+9.714e-04	+1.015e-03	+1.007e-06	+2.961e-03	-6.848e-09
114.00	+2.980e+00	+8.848e+00	+1.016e-01	+1.003e-01	+1.013e-02	+2.982e-01	-2.902e-06
115.00	+3.040e+00	+9.209e+00	+1.155e-03	+1.123e-03	+1.279e-06	+3.402e-03	-1.699e-09
116.00	+2.960e+00	+8.727e+00	+1.013e-02	+1.004e-02	+1.013e-04	+2.967e-02	-2.495e-08
117.00	+2.856e+00	+8.124e+00	+1.918e-04	+1.869e-04	+3.538e-08	+5.278e-04	+2.347e-11
118.00	+2.993e+00	+8.923e+00	+0.000e+00	+0.000e+00	+0.000e+00	+0.000e+00	+0.000e+00
119.00	+2.909e+00	+8.433e+00	+3.656e-03	+3.580e-03	+1.295e-05	+1.036e-02	-1.514e-08
120.00	+2.965e+00	+8.754e+00	+3.761e-04	+2.402e-04	+7.172e-08	+6.112e-04	-8.440e-09
121.00	+2.940e+00	+8.607e+00	+8.221e-04	+5.555e-04	+3.738e-07	+1.403e-03	-3.485e-08
122.00	+2.986e+00	+8.884e+00	+5.187e-02	+5.131e-02	+2.647e-03	+1.527e-01	+1.322e-06
123.00	+2.879e+00	+8.256e+00	+6.855e-03	+6.641e-03	+4.481e-05	+1.908e-02	+1.416e-08
124.00	+2.950e+00	+8.670e+00	+3.498e-04	+1.807e-04	+4.440e-08	+4.093e-04	+9.697e-09
125.00	+3.002e+00	+8.976e+00	+6.499e-04	+5.819e-04	+3.578e-07	+1.686e-03	-4.991e-09
126.00	+2.946e+00	+8.644e+00	+5.435e-03	+5.330e-03	+2.869e-05	+1.566e-02	-1.680e-08
127.00	+3.217e+00	+1.032e+01	+9.428e-03	+9.049e-03	+8.359e-05	+2.885e-02	-2.457e-07
128.00	+3.005e+00	+8.997e+00	+3.482e-04	+6.152e-05	+2.377e-09	-2.537e-05	+8.685e-09
129.00	+2.974e+00	+8.815e+00	+1.798e-03	+1.848e-03	+3.369e-06	+5.483e-03	-6.710e-09
130.00	+2.956e+00	+8.703e+00	+1.434e-02	+1.416e-02	+2.017e-04	+4.169e-02	-9.138e-08
131.00	+3.025e+00	+9.116e+00	+1.547e-02	+1.521e-02	+2.334e-04	+4.566e-02	-8.930e-08
132.00	+2.927e+00	+8.532e+00	+1.647e-02	+1.498e-02	+2.353e-04	+4.242e-02	-2.394e-06
133.00	+3.083e+00	+9.469e+00	+1.223e-02	+1.104e-02	+1.282e-04	+3.365e-02	+1.149e-06
134.00	+2.908e+00	+8.419e+00	+2.485e-02	+2.369e-02	+5.749e-04	+6.872e-02	-5.570e-07
135.00	+3.008e+00	+9.012e+00	+2.867e-04	+2.922e-04	+8.456e-08	+8.680e-04	-3.141e-10
136.00	+2.950e+00	+8.669e+00	+4.574e-03	+4.338e-03	+1.932e-05	+1.257e-02	-8.431e-08
137.00	+2.917e+00	+8.475e+00	+2.023e-02	+1.993e-02	+4.003e-04	+5.800e-02	+2.296e-07
138.00	+2.863e+00	+8.163e+00	+1.687e-01	+1.660e-01	+2.779e-02	+4.743e-01	+1.684e-06
139.00	+3.002e+00	+8.978e+00	+2.065e-02	+2.118e-02	+4.428e-04	+6.344e-02	-1.373e-07
140.00	+2.969e+00	+8.783e+00	+2.972e-02	+2.938e-02	+8.683e-04	+8.708e-02	+4.557e-08
141.00	+2.980e+00	+8.845e+00	+5.226e-03	+5.148e-03	+2.670e-05	+1.527e-02	-2.020e-08
142.00	+2.915e+00	+8.463e+00	+8.436e-04	+7.485e-04	+5.948e-07	+2.158e-03	+5.955e-09
143.00	+3.289e+00	+1.078e+01	+9.465e-02	+9.416e-02	+8.889e-03	+3.090e-01	-2.989e-06
144.00	+2.977e+00	+8.827e+00	+1.672e-02	+1.632e-02	+2.695e-04	+4.836e-02	+2.304e-07
145.00	+2.984e+00	+8.871e+00	+5.326e-05	+9.207e-06	+4.525e-11	-4.359e-06	+1.988e-10
146.00	+2.863e+00	+8.166e+00	+1.189e-02	+1.172e-02	+1.383e-04	+3.346e-02	-4.145e-08
147.00	+3.032e+00	+9.157e+00	+1.338e-02	+1.281e-02	+1.677e-04	+3.837e-02	+5.757e-07
148.00	+2.767e+00	+7.624e+00	+8.529e-02	+8.481e-02	+7.213e-03	+2.342e-01	+1.079e-06
149.00	+2.979e+00	+8.841e+00	+9.052e-04	+9.008e-04	+8.135e-07	+2.665e-03	+3.439e-10
150.00	+2.961e+00	+8.736e+00	+3.886e-03	+3.877e-03	+1.505e-05	+1.143e-02	-8.200e-09
151.00	+2.887e+00	+8.296e+00	+6.394e-04	+6.728e-04	+4.413e-07	+1.937e-03	+2.211e-10
152.00	+3.027e+00	+9.130e+00	+9.667e-05	+6.452e-05	+5.072e-09	+1.660e-04	-4.824e-10
153.00	+2.914e+00	+8.460e+00	+3.256e-02	+3.224e-02	+1.045e-03	+9.360e-02	-5.138e-07
154.00	+2.947e+00	+8.652e+00	+2.711e-02	+2.683e-02	+7.237e-04	+7.892e-02	+8.362e-08
155.00	+2.998e+00	+8.952e+00	+1.498e-04	+1.392e-04	+2.009e-08	+3.976e-04	-4.441e-11
156.00	+2.876e+00	+8.241e+00	+6.853e-04	+5.776e-04	+3.633e-07	+1.552e-03	-8.457e-09
157.00	+2.951e+00	+8.672e+00	+8.366e-03	+8.335e-03	+6.960e-05	+2.454e-02	-3.199e-08
158.00	+3.043e+00	+9.227e+00	+6.205e-03	+6.130e-03	+3.780e-05	+1.855e-02	-3.777e-08
159.00	+3.082e+00	+9.467e+00	+7.271e-03	+6.933e-03	+4.923e-05	+2.123e-02	-1.482e-07
160.00	+2.838e+00	+8.024e+00	+6.158e-03	+5.925e-03	+3.579e-05	+1.665e-02	-9.592e-08
161.00	+3.002e+00	+8.977e+00	+6.916e-03	+6.744e-03	+4.606e-05	+2.014e-02	+5.500e-08
162.00	+2.969e+00	+8.784e+00	+7.677e-04	+8.367e-04	+6.705e-07	+2.455e-03	-6.678e-09
163.00	+3.171e+00	+1.002e+01	+5.322e-04	+3.707e-04	+1.641e-07	+1.056e-03	-1.346e-08
164.00	+2.983e+00	+8.865e+00	+6.851e-03	+6.442e-03	+4.279e-05	+1.901e-02	+1.984e-07
165.00	+3.091e+00	+9.518e+00	+6.557e-02	+6.517e-02	+4.261e-03	+2.010e-01	-8.913e-07
166.00	+2.951e+00	+8.677e+00	+5.116e-03	+4.991e-03	+2.522e-05	+1.465e-02	+3.670e-08
167.00	+3.042e+00	+9.222e+00	+1.457e-03	+1.449e-03	+2.105e-06	+4.379e-03	-1.728e-09
168.00	+3.036e+00	+9.184e+00	+2.960e-03	+3.061e-03	+9.215e-06	+9.277e-03	-2.448e-09
169.00	+2.913e+00	+8.451e+00	+2.842e-03	+2.937e-03	+8.484e-06	+8.528e-03	+1.755e-08
170.00	+3.015e+00	+9.058e+00	+5.732e-03	+5.702e-03	+3.260e-05	+1.710e-02	+7.639e-09
171.00	+2.970e+00	+8.788e+00	+1.135e-02	+1.129e-02	+1.278e-04	+3.346e-02	-3.177e-08
172.00	+3.017e+00	+9.067e+00	+4.231e-03	+4.196e-03	+1.768e-05	+1.263e-02	+1.995e-08
173.00	+2.993e+00	+8.923e+00	+4.387e-04	+3.961e-04	+1.651e-07	+1.126e-03	+1.036e-09
174.00	+2.944e+00	+8.638e+00	+2.042e-03	+1.995e-03	+4.026e-06	+5.847e-03	+4.449e-09
175.00	+2.968e+00	+8.774e+00	+4.571e-02	+4.596e-02	+2.106e-03	+1.359e-01	+7.809e-07
176.00	+3.065e+00	+9.364e+00	+2.964e-02	+2.849e-02	+8.279e-04	+8.631e-02	+2.205e-06
177.00	+3.002e+00	+8.980e+00	+1.734e-02	+1.717e-02	+2.964e-04	+5.116e-02	-8.187e-08
178.00	+2.981e+00	+8.855e+00	+3.317e-03	+2.216e-03	+5.981e-06	+5.774e-03	-5.881e-07
179.00	+3.076e+00	+9.428e+00	+5.408e-04	+5.229e-04	+2.781e-07	+1.593e-03	-6.625e-10
180.00	+8.366e+00	+6.996e+01	+0.000e+00	+0.000e+00	+0.000e+00	+0.000e+00	+0.000e+00
181.00	+3.057e+00	+9.308e+00	+1.658e-04	+2.399e-05	-2.345e-10	-3.441e-05	+1.495e-09
182.00	+2.975e+00	+8.816e+00	+3.806e-04	+5.325e-05	-1.852e-09	-8.862e-05	-7.351e-09
183.00	+3.003e+00	+8.984e+00	+5.127e-03	+4.983e-03	+2.519e-05	+1.487e-02	-1.700e-08
184.00	+3.008e+00	+9.011e+00	+8.343e-03	+8.121e-03	+6.685e-05	+2.432e-02	+9.759e-08
185.00	+2.908e+00	+8.424e+00	+6.316e-03	+6.191e-03	+3.871e-05	+1.790e-02	-3.127e-08
186.00	+2.915e+00	+8.464e+00	+7.034e-04	+7.200e-04	+5.124e-07	+2.093e-03	-2.051e-09
187.00	+2.918e+00	+8.484e+00	+1.233e-03	+9.124e-04	+9.661e-07	+2.437e-03	-5.753e-08
188.00	+2.934e+00	+8.573e+00	+7.951e-03	+7.913e-03	+6.276e-05	+2.304e-02	+3.765e-08
189.00	+2.905e+00	+8.404e+00	+3.222e-03	+2.575e-03	+7.410e-06	+7.014e-03	-2.826e-07
190.00	+2.942e+00	+8.621e+00	+5.581e-03	+5.375e-03	+2.944e-05	+1.572e-02	-4.416e-08
191.00	+2.976e+00	+8.827e+00	+7.743e-02	+7.659e-02	+5.898e-03	+2.275e-01	+1.206e-06
192.00	+3.015e+00	+9.055e+00	+2.230e-02	+2.204e-02	+4.884e-04	+6.628e-02	-5.980e-08
193.00	+3.013e+00	+9.043e+00	+1.155e-05	+9.080e-06	+9.294e-11	+2.665e-05	-2.348e-12
194.00	+2.871e+00	+8.209e+00	+2.392e-03	+2.346e-03	+5.556e-06	+6.719e-03	-4.979e-09
195.00	+3.014e+00	+9.050e+00	+3.862e-04	+3.590e-04	+1.337e-07	+1.076e-03	+8.206e-10
196.00	+3.141e+00	+9.837e+00	+7.222e-03	+7.138e-03	+5.125e-05	+2.237e-02	+3.006e-08
197.00	+3.027e+00	+9.131e+00	+1.631e-02	+1.633e-02	+2.664e-04	+4.932e-02	-6.094e-08
198.00	+2.973e+00	+8.808e+00	+9.422e-04	+9.553e-04	+9.063e-07	+2.834e-03	-1.519e-09
199.00	+2.957e+00	+8.708e+00	+1.267e-04	+1.226e-04	+1.527e-08	+3.600e-04	+5.824e-11
200.00	+2.929e+00	+8.543e+00	+1.702e-02	+1.676e-02	+2.830e-04	+4.897e-02	-1.027e-07
201.00	+2.812e+00	+7.873e+00	+4.503e-02	+4.427e-02	+1.977e-03	+1.240e-01	-1.101e-06
202.00	+2.921e+00	+8.500e+00	+3.206e-01	+3.188e-01	+1.019e-01	+9.293e-01	+7.411e-06
203.00	+2.947e+00	+8.648e+00	+9.714e-04	+1.015e-03	+1.007e-06	+2.961e-03	-6.848e-09
204.00	+2.970e+00	+8.786e+00	+6.462e-02	+6.364e-02	+4.081e-03	+1.884e-01	-1.937e-06
205.00	+3.040e+00	+9.209e+00	+1.155e-03	+1.123e-03	+1.279e-06	+3.402e-03	-1.699e-09
206.00	+2.960e+00	+8.727e+00	+1.013e-02	+1.004e-02	+1.013e-04	+2.967e-02	-2.495e-08
207.00	+2.856e+00	+8.124e+00	+1.918e-04	+1.869e-04	+3.538e-08	+5.278e-04	+2.347e-11
208.00	+2.993e+00	+8.923e+00	+0.000e+00	+0.000e+00	+0.000e+00	-0.000e+00	+0.000e+00
209.00	+2.909e+00	+8.433e+00	+3.656e-03	+3.580e-03	+1.295e-05	+1.036e-02	-1.514e-08
210.00	+2.965e+00	+8.754e+00	+3.761e-04	+2.402e-04	+7.172e-08	+6.112e-04	-8.440e-09
211.00	+2.940e+00	+8.607e+00	+8.221e-04	+5.555e-04	+3.738e-07	+1.403e-03	-3.485e-08
212.00	+2.986e+00	+8.884e+00	+5.187e-02	+5.131e-02	+2.647e-03	+1.527e-01	+1.322e-06
213.00	+2.879e+00	+8.256e+00	+6.855e-03	+6.641e-03	+4.481e-05	+1.908e-02	+1.416e-08
214.00	+2.950e+00	+8.670e+00	+3.498e-04	+1.807e-04	+4.440e-08	+4.093e-04	+9.697e-09
215.00	+3.002e+00	+8.976e+00	+6.499e-04	+5.819e-04	+3.578e-07	+1.686e-03	-4.991e-09
216.00	+2.946e+00	+8.644e+00	+5.435e-03	+5.330e-03	+2.869e-05	+1.566e-02	-1.680e-08
217.00	+3.217e+00	+1.032e+01	+9.428e-03	+9.049e-03	+8.359e-05	+2.885e-02	-2.457e-07
218.00	+3.005e+00	+8.997e+00	+3.482e-04	+6.152e-05	+2.377e-09	-2.537e-05	+8.685e-09
219.00	+2.974e+00	+8.815e+00	+1.798e-03	+1.848e-03	+3.369e-06	+5.483e-03	-6.710e-09
220.00	+2.956e+00	+8.703e+00	+1.434e-02	+1.416e-02	+2.017e-04	+4.169e-02	-9.138e-08
221.00	+3.025e+00	+9.116e+00	+1.547e-02	+1.521e-02	+2.334e-04	+4.566e-02	-8.930e-08
222.00	+2.927e+00	+8.532e+00	+1.647e-02	+1.498e-02	+2.353e-04	+4.242e-02	-2.394e-06
223.00	+3.083e+00	+9.469e+00	+1.223e-02	+1.104e-02	+1.282e-04	+3.365e-02	+1.149e-06
224.00	+2.908e+00	+8.419e+00	+2.485e-02	+2.369e-02	+5.749e-04	+6.872e-02	-5.570e-07
225.00	+3.008e+00	+9.012e+00	+2.867e-04	+2.922e-04	+8.456e-08	+8.680e-04	-3.141e-10
226.00	+2.950e+00	+8.669e+00	+4.574e-03	+4.338e-03	+1.932e-05	+1.257e-02	-8.431e-08
227.00	+2.917e+00	+8.475e+00	+2.023e-02	+1.993e-02	+4.003e-04	+5.800e-02	+2.296e-07
228.00	+2.863e+00	+8.163e+00	+1.687e-01	+1.660e-01	+2.779e-02	+4.743e-01	+1.684e-06
229.00	+3.002e+00	+8.978e+00	+2.065e-02	+2.118e-02	+4.428e-04	+6.344e-02	-1.373e-07
230.00	+2.969e+00	+8.783e+00	+2.972e-02	+2.938e-02	+8.683e-04	+8.708e-02	+4.557e-08
231.00	+2.980e+00	+8.845e+00	+5.226e-03	+5.148e-03	+2.670e-05	+1.527e-02	-2.020e-08
232.00	+2.915e+00	+8.463e+00	+8.436e-04	+7.485e-04	+5.948e-07	+2.158e-03	+5.955e-09
233.00	+3.289e+00	+1.078e+01	+9.465e-02	+9.416e-02	+8.889e-03	+3.090e-01	-2.989e-06
234.00	+2.977e+00	+8.827e+00	+1.672e-02	+1.632e-02	+2.695e-04	+4.836e-02	+2.304e-07
235.00	+2.984e+00	+8.871e+00	+5.326e-05	+9.207e-06	+4.525e-11	-4.359e-06	+1.988e-10
236.00	+2.863e+00	+8.166e+00	+1.189e-02	+1.172e-02	+1.383e-04	+3.346e-02	-4.145e-08
237.00	+3.032e+00	+9.157e+00	+1.338e-02	+1.281e-02	+1.677e-04	+3.837e-02	+5.757e-07
238.00	+2.767e+00	+7.624e+00	+8.529e-02	+8.481e-02	+7.213e-03	+2.342e-01	+1.079e-06
239.00	+2.979e+00	+8.841e+00	+9.052e-04	+9.008e-04	+8.135e-07	+2.665e-03	+3.439e-10
240.00	+2.961e+00	+8.736e+00	+3.886e-03	+3.877e-03	+1.505e-05	+1.143e-02	-8.200e-09
241.00	+2.887e+00	+8.296e+00	+6.394e-04	+6.728e-04	+4.413e-07	+1.937e-03	+2.211e-10
242.00	+3.027e+00	+9.130e+00	+9.667e-05	+6.452e-05	+5.072e-09	+1.660e-04	-4.824e-10
243.00	+2.914e+00	+8.460e+00	+3.256e-02	+3.224e-02	+1.045e-03	+9.360e-02	-5.138e-07
244.00	+2.947e+00	+8.652e+00	+2.711e-02	+2.683e-02	+7.237e-04	+7.892e-02	+8.362e-08
245.00	+2.998e+00	+8.952e+00	+1.498e-04	+1.392e-04	+2.009e-08	+3.976e-04	-4.441e-11
246.00	+2.876e+00	+8.241e+00	+6.853e-04	+5.776e-04	+3.633e-07	+1.552e-03	-8.457e-09
247.00	+2.951e+00	+8.672e+00	+8.366e-03	+8.335e-03	+6.960e-05	+2.454e-02	-3.199e-08
248.00	+3.043e+00	+9.227e+00	+6.205e-03	+6.130e-03	+3.780e-05	+1.855e-02	-3.777e-08
249.00	+3.082e+00	+9.467e+00	+7.271e-03	+6.933e-03	+4.923e-05	+2.123e-02	-1.482e-07
250.00	+2.838e+00	+8.024e+00	+6.158e-03	+5.925e-03	+3.579e-05	+1.665e-02	-9.592e-08
251.00	+3.002e+00	+8.977e+00	+6.916e-03	+6.744e-03	+4.606e-05	+2.014e-02	+5.500e-08
252.00	+2.969e+00	+8.784e+00	+7.677e-04	+8.367e-04	+6.705e-07	+2.455e-03	-6.678e-09
253.00	+3.163e+00	+9.969e+00	+2.487e-04	+2.185e-04	+5.094e-08	+6.639e-04	+8.388e-10
254.00	+2.983e+00	+8.865e+00	+6.851e-03	+6.442e-03	+4.279e-05	+1.901e-02	+1.984e-07
255.00	+3.091e+00	+9.518e+00	+6.557e-02	+6.517e-02	+4.261e-03	+2.010e-01	-8.913e-07
256.00	+2.951e+00	+8.677e+00	+5.116e-03	+4.991e-03	+2.522e-05	+1.465e-02	+3.670e-08
257.00	+3.042e+00	+9.222e+00	+1.457e-03	+1.449e-03	+2.105e-06	+4.379e-03	-1.728e-09
258.00	+3.036e+00	+9.184e+00	+2.960e-03	+3.061e-03	+9.215e-06	+9.277e-03	-2.448e-09
259.00	+2.913e+00	+8.451e+00	+2.842e-03	+2.937e-03	+8.484e-06	+8.528e-03	+1.755e-08
260.00	+3.015e+00	+9.058e+00	+5.732e-03	+5.702e-03	+3.260e-05	+1.710e-02	+7.639e-09
261.00	+2.970e+00	+8.788e+00	+1.135e-02	+1.129e-02	+1.278e-04	+3.346e-02	-3.177e-08
262.00	+3.017e+00	+9.067e+00	+4.231e-03	+4.196e-03	+1.768e-05	+1.263e-02	+1.995e-08
263.00	+2.993e+00	+8.923e+00	+4.387e-04	+3.961e-04	+1.651e-07	+1.126e-03	+1.036e-09
264.00	+2.944e+00	+8.638e+00	+2.042e-03	+1.995e-03	+4.026e-06	+5.847e-03	+4.449e-09
265.00	+2.968e+00	+8.774e+00	+4.571e-02	+4.596e-02	+2.106e-03	+1.359e-01	+7.809e-07
266.00	+3.065e+00	+9.364e+00	+2.964e-02	+2.849e-02	+8.279e-04	+8.631e-02	+2.205e-06
267.00	+3.002e+00	+8.980e+00	+1.734e-02	+1.717e-02	+2.964e-04	+5.116e-02	-8.187e-08
268.00	+2.981e+00	+8.855e+00	+3.317e-03	+2.216e-03	+5.981e-06	+5.774e-03	-5.881e-07
269.00	+3.076e+00	+9.428e+00	+5.408e-04	+5.229e-04	+2.781e-07	+1.593e-03	-6.625e-10
270.00	+8.366e+00	+6.996e+01	+0.000e+00	+0.000e+00	+0.000e+00	+0.000e+00	+0.000e+00
271.00	+3.057e+00	+9.308e+00	+1.658e-04	+2.399e-05	-2.345e-10	-3.441e-05	+1.495e-09
272.00	+2.975e+00	+8.816e+00	+3.806e-04	+5.325e-05	-1.852e-09	-8.862e-05	-7.351e-09
273.00	+2.991e+00	+8.911e+00	+1.454e-04	+7.066e-05	+6.950e-09	+1.597e-04	-1.732e-09
274.00	+3.008e+00	+9.011e+00	+8.343e-03	+8.121e-03	+6.685e-05	+2.432e-02	+9.759e-08
275.00	+2.908e+00	+8.424e+00	+6.316e-03	+6.191e-03	+3.871e-05	+1.790e-02	-3.127e-08
276.00	+2.915e+00	+8.464e+00	+7.034e-04	+7.200e-04	+5.124e-07	+2.093e-03	-2.051e-09
277.00	+2.918e+00	+8.484e+00	+1.233e-03	+9.124e-04	+9.661e-07	+2.437e-03	-5.753e-08
278.00	+2.934e+00	+8.573e+00	+7.951e-03	+7.913e-03	+6.276e-05	+2.304e-02	+3.765e-08
279.00	+2.905e+00	+8.404e+00	+3.222e-03	+2.575e-03	+7.410e-06	+7.014e-03	-2.826e-07
280.00	+2.942e+00	+8.621e+00	+5.581e-03	+5.375e-03	+2.944e-05	+1.572e-02	-4.416e-08
281.00	+2.976e+00	+8.827e+00	+7.743e-02	+7.659e-02	+5.898e-03	+2.275e-01	+1.206e-06
282.00	+3.015e+00	+9.055e+00	+2.230e-02	+2.204e-02	+4.884e-04	+6.628e-02	-5.980e-08
283.00	+3.013e+00	+9.043e+00	+1.155e-05	+9.080e-06	+9.294e-11	+2.665e-05	-2.348e-12
284.00	+2.871e+00	+8.209e+00	+2.392e-03	+2.346e-03	+5.556e-06	+6.719e-03	-4.979e-09
285.00	+3.014e+00	+9.050e+00	+3.862e-04	+3.590e-04	+1.337e-07	+1.076e-03	+8.206e-10
286.00	+3.141e+00	+9.837e+00	+7.222e-03	+7.138e-03	+5.125e-05	+2.237e-02	+3.006e-08
287.00	+3.027e+00	+9.131e+00	+1.631e-02	+1.633e-02	+2.664e-04	+4.932e-02	-6.094e-08
288.00	+2.973e+00	+8.808e+00	+9.422e-04	+9.553e-04	+9.063e-07	+2.834e-03	-1.519e-09
289.00	+2.957e+00	+8.708e+00	+1.267e-04	+1.226e-04	+1.527e-08	+3.600e-04	+5.824e-11
290.00	+2.929e+00	+8.543e+00	+1.702e-02	+1.676e-02	+2.830e-04	+4.897e-02	-1.027e-07
291.00	+2.812e+00	+7.873e+00	+4.503e-02	+4.427e-02	+1.977e-03	+1.240e-01	-1.101e-06
292.00	+2.921e+00	+8.500e+00	+3.206e-01	+3.188e-01	+1.019e-01	+9.293e-01	+7.411e-06
293.00	+2.947e+00	+8.648e+00	+9.714e-04	+1.015e-03	+1.007e-06	+2.961e-03	-6.848e-09
294.00	+2.970e+00	+8.786e+00	+6.462e-02	+6.364e-02	+4.081e-03	+1.884e-01	-1.937e-06
295.00	+3.040e+00	+9.209e+00	+1.155e-03	+1.123e-03	+1.279e-06	+3.402e-03	-1.699e-09
296.00	+2.960e+00	+8.727e+00	+1.013e-02	+1.004e-02	+1.013e-04	+2.967e-02	-2.495e-08
297.00	+2.856e+00	+8.124e+00	+1.918e-04	+1.869e-04	+3.538e-08	+5.278e-04	+2.347e-11
298.00	+2.993e+00	+8.923e+00	+0.000e+00	+0.000e+00	+0.000e+00	+0.000e+00	+0.000e+00
299.00	+2.909e+00	+8.433e+00	+3.656e-03	+3.580e-03	+1.295e-05	+1.036e-02	-1.514e-08
300.00	+2.965e+00	+8.754e+00	+3.761e-04	+2.402e-04	+7.172e-08	+6.112e-04	-8.440e-09
301.00	+2.940e+00	+8.607e+00	+8.221e-04	+5.555e-04	+3.738e-07	+1.403e-03	-3.485e-08
302.00	+2.986e+00	+8.884e+00	+5.187e-02	+5.131e-02	+2.647e-03	+1.527e-01	+1.322e-06
303.00	+2.879e+00	+8.256e+00	+6.855e-03	+6.641e-03	+4.481e-05	+1.908e-02	+1.416e-08
304.00	+2.950e+00	+8.670e+00	+3.498e-04	+1.807e-04	+4.440e-08	+4.093e-04	+9.697e-09
305.00	+3.002e+00	+8.976e+00	+6.499e-04	+5.819e-04	+3.578e-07	+1.686e-03	-4.991e-09
306.00	+2.946e+00	+8.644e+00	+5.435e-03	+5.330e-03	+2.869e-05	+1.566e-02	-1.680e-08
307.00	+3.217e+00	+1.032e+01	+9.428e-03	+9.049e-03	+8.359e-05	+2.885e-02	-2.457e-07
308.00	+3.004e+00	+8.988e+00	+2.678e-03	+2.446e-03	+6.259e-06	+7.212e-03	+5.720e-08
309.00	+2.974e+00	+8.815e+00	+1.798e-03	+1.848e-03	+3.369e-06	+5.483e-03	-6.710e-09
310.00	+2.956e+00	+8.703e+00	+1.434e-02	+1.416e-02	+2.017e-04	+4.169e-02	-9.138e-08
311.00	+3.025e+00	+9.116e+00	+1.547e-02	+1.521e-02	+2.334e-04	+4.566e-02	-8.930e-08
312.00	+2.927e+00	+8.532e+00	+1.647e-02	+1.498e-02	+2.353e-04	+4.242e-02	-2.394e-06
313.00	+3.083e+00	+9.469e+00	+1.223e-02	+1.104e-02	+1.282e-04	+3.365e-02	+1.149e-06
314.00	+2.908e+00	+8.419e+00	+2.485e-02	+2.369e-02	+5.749e-04	+6.872e-02	-5.570e-07
315.00	+3.008e+00	+9.012e+00	+2.867e-04	+2.922e-04	+8.456e-08	+8.680e-04	-3.141e-10
316.00	+2.950e+00	+8.669e+00	+4.574e-03	+4.338e-03	+1.932e-05	+1.257e-02	-8.431e-08
317.00	+2.917e+00	+8.475e+00	+2.023e-02	+1.993e-02	+4.003e-04	+5.800e-02	+2.296e-07
318.00	+2.863e+00	+8.163e+00	+1.687e-01	+1.660e-01	+2.779e-02	+4.743e-01	+1.684e-06
319.00	+3.002e+00	+8.978e+00	+2.065e-02	+2.118e-02	+4.428e-04	+6.344e-02	-1.373e-07
320.00	+2.969e+00	+8.783e+00	+2.972e-02	+2.938e-02	+8.683e-04	+8.708e-02	+4.557e-08
321.00	+2.980e+00	+8.845e+00	+5.226e-03	+5.148e-03	+2.670e-05	+1.527e-02	-2.020e-08
322.00	+2.915e+00	+8.463e+00	+8.436e-04	+7.485e-04	+5.948e-07	+2.158e-03	+5.955e-09
323.00	+3.289e+00	+1.078e+01	+9.465e-02	+9.416e-02	+8.889e-03	+3.090e-01	-2.989e-06
324.00	+2.977e+00	+8.827e+00	+1.672e-02	+1.632e-02	+2.695e-04	+4.836e-02	+2.304e-07
325.00	+2.984e+00	+8.871e+00	+5.326e-05	+9.207e-06	+4.525e-11	-4.359e-06	+1.988e-10
326.00	+2.863e+00	+8.166e+00	+1.189e-02	+1.172e-02	+1.383e-04	+3.346e-02	-4.145e-08
327.00	+3.032e+00	+9.157e+00	+1.338e-02	+1.281e-02	+1.677e-04	+3.837e-02	+5.757e-07
328.00	+2.767e+00	+7.624e+00	+8.529e-02	+8.481e-02	+7.213e-03	+2.342e-01	+1.079e-06
329.00	+2.979e+00	+8.841e+00	+9.052e-04	+9.008e-04	+8.135e-07	+2.665e-03	+3.439e-10
330.00	+2.961e+00	+8.736e+00	+3.886e-03	+3.877e-03	+1.505e-05	+1.143e-02	-8.200e-09
331.00	+2.887e+00	+8.296e+00	+6.394e-04	+6.728e-04	+4.413e-07	+1.937e-03	+2.211e-10
332.00	+3.027e+00	+9.130e+00	+9.667e-05	+6.452e-05	+5.072e-09	+1.660e-04	-4.824e-10
333.00	+2.914e+00	+8.460e+00	+3.256e-02	+3.224e-02	+1.045e-03	+9.360e-02	-5.138e-07
334.00	+2.947e+00	+8.652e+00	+2.711e-02	+2.683e-02	+7.237e-04	+7.892e-02	+8.362e-08
335.00	+2.998e+00	+8.952e+00	+1.498e-04	+1.392e-04	+2.009e-08	+3.976e-04	-4.441e-11
336.00	+2.876e+00	+8.241e+00	+6.853e-04	+5.776e-04	+3.633e-07	+1.552e-03	-8.457e-09
337.00	+2.951e+00	+8.672e+00	+8.366e-03	+8.335e-03	+6.960e-05	+2.454e-02	-3.199e-08
338.00	+3.043e+00	+9.227e+00	+6.205e-03	+6.130e-03	+3.780e-05	+1.855e-02	-3.777e-08
339.00	+3.082e+00	+9.467e+00	+7.271e-03	+6.933e-03	+4.923e-05	+2.123e-02	-1.482e-07
340.00	+2.838e+00	+8.024e+00	+6.158e-03	+5.925e-03	+3.579e-05	+1.665e-02	-9.592e-08
341.00	+3.002e+00	+8.977e+00	+6.916e-03	+6.744e-03	+4.606e-05	+2.014e-02	+5.500e-08
342.00	+2.969e+00	+8.784e+00	+7.677e-04	+8.367e-04	+6.705e-07	+2.455e-03	-6.678e-09
343.00	+3.171e+00	+1.002e+01	+5.322e-04	+3.707e-04	+1.641e-07	+1.056e-03	-1.346e-08
344.00	+2.983e+00	+8.865e+00	+6.851e-03	+6.442e-03	+4.279e-05	+1.901e-02	+1.984e-07
345.00	+3.091e+00	+9.518e+00	+6.557e-02	+6.517e-02	+4.261e-03	+2.010e-01	-8.913e-07
346.00	+2.951e+00	+8.677e+00	+5.116e-03	+4.991e-03	+2.522e-05	+1.465e-02	+3.670e-08
347.00	+3.042e+00	+9.222e+00	+1.457e-03	+1.449e-03	+2.105e-06	+4.379e-03	-1.728e-09
348.00	+3.036e+00	+9.184e+00	+2.960e-03	+3.061e-03	+9.215e-06	+9.277e-03	-2.448e-09
349.00	+2.913e+00	+8.451e+00	+2.842e-03	+2.937e-03	+8.484e-06	+8.528e-03	+1.755e-08
350.00	+3.015e+00	+9.058e+00	+5.732e-03	+5.702e-03	+3.260e-05	+1.710e-02	+7.639e-09
351.00	+2.970e+00	+8.788e+00	+1.135e-02	+1.129e-02	+1.278e-04	+3.346e-02	-3.177e-08
352.00	+3.017e+00	+9.067e+00	+4.231e-03	+4.196e-03	+1.768e-05	+1.263e-02	+1.995e-08
353.00	+2.993e+00	+8.923e+00	+4.387e-04	+3.961e-04	+1.651e-07	+1.126e-03	+1.036e-09
354.00	+2.944e+00	+8.638e+00	+2.042e-03	+1.995e-03	+4.026e-06	+5.847e-03	+4.449e-09
355.00	+2.968e+00	+8.774e+00	+4.571e-02	+4.596e-02	+2.106e-03	+1.359e-01	+7.809e-07
356.00	+3.065e+00	+9.364e+00	+2.964e-02	+2.849e-02	+8.279e-04	+8.631e-02	+2.205e-06
357.00	+3.002e+00	+8.980e+00	+1.734e-02	+1.717e-02	+2.964e-04	+5.116e-02	-8.187e-08
358.00	+2.981e+00	+8.855e+00	+3.317e-03	+2.216e-03	+5.981e-06	+5.774e-03	-5.881e-07
359.00	+3.076e+00	+9.428e+00	+5.408e-04	+5.229e-04	+2.781e-07	+1.593e-03	-6.625e-10
