0	3.125000e-01	9.765625e-02	0.000000e+00	0.000000e+00	0.000000e+00	0.000000e+00	0.000000e+00
1	2.871094e-01	5.264664e-02	6.772578e-04	3.606379e-04	1.777645e-07	7.036136e-05	1.289209e-08
2	2.962963e-01	6.096632e-02	0.000000e+00	0.000000e+00	0.000000e+00	0.000000e+00	0.000000e+00
3	2.962963e-01	6.096632e-02	0.000000e+00	0.000000e+00	0.000000e+00	0.000000e+00	0.000000e+00
4	2.962963e-01	6.096632e-02	0.000000e+00	0.000000e+00	0.000000e+00	0.000000e+00	0.000000e+00
5	2.490000e-01	3.720100e-02	4.343040e-04	7.590400e-05	4.843094e-09	2.969600e-08	1.290240e-08
6	2.490000e-01	3.720100e-02	4.343040e-04	7.590400e-05	4.843094e-09	2.969600e-08	1.290240e-08
7	2.490000e-01	3.720100e-02	4.343040e-04	7.590400e-05	4.843094e-09	2.969600e-08	1.290240e-08
8	2.490000e-01	3.720100e-02	4.343040e-04	7.590400e-05	4.843094e-09	2.969600e-08	1.290240e-08
9	2.490000e-01	3.720100e-02	4.343040e-04	7.590400e-05	4.843094e-09	2.969600e-08	1.290240e-08
10	2.490000e-01	3.720100e-02	4.343040e-04	7.590400e-05	4.843094e-09	2.969600e-08	1.290240e-08
11	2.490000e-01	3.720100e-02	4.343040e-04	7.590400e-05	4.843094e-09	2.969600e-08	1.290240e-08
12	2.414266e-01	3.010682e-02	1.322852e-03	1.148623e-04	-2.678703e-08	-1.757040e-05	-3.587657e-08
13	2.414266e-01	3.010682e-02	1.322852e-03	1.148623e-04	-2.678703e-08	-1.757040e-05	-3.587657e-08
14	2.650000e-01	4.062500e-02	0.000000e+00	0.000000e+00	0.000000e+00	0.000000e+00	0.000000e+00
15	2.650000e-01	4.062500e-02	0.000000e+00	0.000000e+00	0.000000e+00	0.000000e+00	0.000000e+00
16	2.414266e-01	3.010682e-02	1.322852e-03	1.148623e-04	-2.678703e-08	-1.757040e-05	-3.587657e-08
17	2.414266e-01	3.010682e-02	1.322852e-03	1.148623e-04	-2.678703e-08	-1.757040e-05	-3.587657e-08
18	2.490000e-01	3.720100e-02	4.343040e-04	7.590400e-05	4.843094e-09	2.969600e-08	1.290240e-08
19	2.490000e-01	3.720100e-02	4.343040e-04	7.590400e-05	4.843094e-09	2.969600e-08	1.290240e-08
20	2.490000e-01	3.720100e-02	4.343040e-04	7.590400e-05	4.843094e-09	2.969600e-08	1.290240e-08
21	2.490000e-01	3.720100e-02	4.343040e-04	7.590400e-05	4.843094e-09	2.969600e-08	1.290240e-08
22	2.490000e-01	3.720100e-02	4.343040e-04	7.590400e-05	4.843094e-09	2.969600e-08	1.290240e-08
23	2.490000e-01	3.720100e-02	4.343040e-04	7.590400e-05	4.843094e-09	2.969600e-08	1.290240e-08
24	2.148760e-01	2.322246e-02	0.000000e+00	0.000000e+00	0.000000e+00	0.000000e+00	0.000000e+00
25	2.208866e-01	2.037751e-02	1.192775e-03	1.007741e-04	-3.493835e-08	-1.438548e-05	4.723827e-21
26	2.208866e-01	2.037751e-02	1.192775e-03	1.007741e-04	-3.493835e-08	-1.438548e-05	4.723827e-21
27	2.208866e-01	2.037751e-02	1.192775e-03	1.007741e-04	-3.493835e-08	-1.438548e-05	4.723827e-21
28	2.208866e-01	2.037751e-02	1.192775e-03	1.007741e-04	-3.493835e-08	-1.438548e-05	4.723827e-21
29	2.050000e-01	1.722500e-02	1.440000e-04	1.600000e-05	7.680000e-10	6.400000e-07	-4.218778e-22
30	2.163787e-01	2.195804e-02	1.383618e-04	6.993370e-06	7.165817e-11	-6.188384e-07	-2.053984e-10
31	2.163787e-01	2.195804e-02	1.383618e-04	6.993370e-06	7.165817e-11	-6.188384e-07	-2.053984e-10
32	2.163787e-01	2.195804e-02	1.383618e-04	6.993370e-06	7.165817e-11	-6.188384e-07	-2.053984e-10
33	2.450000e-01	3.282500e-02	7.200000e-04	2.720000e-04	1.159680e-07	2.752000e-05	-3.225600e-08
34	2.450000e-01	3.282500e-02	7.200000e-04	2.720000e-04	1.159680e-07	2.752000e-05	-3.225600e-08
35	2.450000e-01	3.282500e-02	7.200000e-04	2.720000e-04	1.159680e-07	2.752000e-05	-3.225600e-08
36	2.908093e-01	5.449335e-02	6.840113e-05	1.464559e-04	1.035593e-08	3.234251e-05	1.037441e-08
37	2.812500e-01	4.394531e-02	0.000000e+00	0.000000e+00	0.000000e+00	0.000000e+00	0.000000e+00
38	2.908093e-01	5.449335e-02	6.840113e-05	1.464559e-04	1.035593e-08	3.234251e-05	1.037441e-08
39	2.908093e-01	5.449335e-02	6.840113e-05	1.464559e-04	1.035593e-08	3.234251e-05	1.037441e-08
40	2.908093e-01	5.449335e-02	6.840113e-05	1.464559e-04	1.035593e-08	3.234251e-05	1.037441e-08
41	2.908093e-01	5.449335e-02	6.840113e-05	1.464559e-04	1.035593e-08	3.234251e-05	1.037441e-08
42	2.249657e-01	2.784881e-02	6.840113e-04	2.937377e-04	1.312759e-07	4.899544e-05	1.011797e-08
43	2.249657e-01	2.784881e-02	6.840113e-04	2.937377e-04	1.312759e-07	4.899544e-05	1.011797e-08
44	2.249657e-01	2.784881e-02	6.840113e-04	2.937377e-04	1.312759e-07	4.899544e-05	1.011797e-08
45	2.100000e-01	2.250000e-02	0.000000e+00	0.000000e+00	0.000000e+00	0.000000e+00	0.000000e+00
46	2.100000e-01	2.250000e-02	0.000000e+00	0.000000e+00	0.000000e+00	0.000000e+00	0.000000e+00
47	2.100000e-01	2.250000e-02	0.000000e+00	0.000000e+00	0.000000e+00	0.000000e+00	0.000000e+00
48	2.250000e-01	2.542500e-02	8.100000e-04	9.000000e-05	6.804000e-09	2.970000e-06	2.332800e-08
49	2.578875e-01	3.947757e-02	2.919954e-03	6.898190e-04	9.702152e-07	1.355319e-04	1.309916e-07
50	2.578875e-01	3.947757e-02	2.919954e-03	6.898190e-04	9.702152e-07	1.355319e-04	1.309916e-07
51	2.578875e-01	3.947757e-02	2.919954e-03	6.898190e-04	9.702152e-07	1.355319e-04	1.309916e-07
52	2.578875e-01	3.947757e-02	2.919954e-03	6.898190e-04	9.702152e-07	1.355319e-04	1.309916e-07
53	2.578875e-01	3.947757e-02	2.919954e-03	6.898190e-04	9.702152e-07	1.355319e-04	1.309916e-07
54	2.578875e-01	3.947757e-02	2.919954e-03	6.898190e-04	9.702152e-07	1.355319e-04	1.309916e-07
55	2.500000e-01	3.530000e-02	3.600000e-04	4.000000e-05	1.344000e-09	3.520000e-06	4.608000e-09
56	2.650000e-01	4.062500e-02	0.000000e+00	0.000000e+00	0.000000e+00	0.000000e+00	0.000000e+00
57	2.650000e-01	4.062500e-02	0.000000e+00	0.000000e+00	0.000000e+00	0.000000e+00	0.000000e+00
58	2.050000e-01	1.722500e-02	1.440000e-04	1.600000e-05	7.680000e-10	6.400000e-07	2.649431e-22
59	2.050000e-01	1.722500e-02	1.440000e-04	1.600000e-05	7.680000e-10	6.400000e-07	2.649431e-22
60	2.050000e-01	1.722500e-02	1.440000e-04	1.600000e-05	7.680000e-10	6.400000e-07	2.649431e-22
61	2.163787e-01	2.195804e-02	1.383618e-04	6.993370e-06	7.165817e-11	-6.188384e-07	2.053984e-10
62	2.163787e-01	2.195804e-02	1.383618e-04	6.993370e-06	7.165817e-11	-6.188384e-07	2.053984e-10
63	2.163787e-01	2.195804e-02	1.383618e-04	6.993370e-06	7.165817e-11	-6.188384e-07	2.053984e-10
64	2.163787e-01	2.195804e-02	1.383618e-04	6.993370e-06	7.165817e-11	-6.188384e-07	2.053984e-10
65	2.163787e-01	2.195804e-02	1.383618e-04	6.993370e-06	7.165817e-11	-6.188384e-07	2.053984e-10
66	2.163787e-01	2.195804e-02	1.383618e-04	6.993370e-06	7.165817e-11	-6.188384e-07	2.053984e-10
67	2.650000e-01	4.382500e-02	0.000000e+00	0.000000e+00	0.000000e+00	0.000000e+00	0.000000e+00
68	2.650000e-01	4.382500e-02	0.000000e+00	0.000000e+00	0.000000e+00	0.000000e+00	0.000000e+00
69	2.414266e-01	3.362932e-02	1.315883e-03	1.175570e-04	-3.374343e-08	-2.045418e-05	-3.160951e-08
70	2.414266e-01	3.362932e-02	1.315883e-03	1.175570e-04	-3.374343e-08	-2.045418e-05	-3.160951e-08
71	2.414266e-01	3.362932e-02	1.315883e-03	1.175570e-04	-3.374343e-08	-2.045418e-05	-3.160951e-08
72	2.414266e-01	3.362932e-02	1.315883e-03	1.175570e-04	-3.374343e-08	-2.045418e-05	-3.160951e-08
73	2.414266e-01	3.362932e-02	1.315883e-03	1.175570e-04	-3.374343e-08	-2.045418e-05	-3.160951e-08
74	2.359396e-01	2.559080e-02	4.225538e-03	4.142373e-04	-4.943984e-07	-6.374025e-05	-2.364773e-07
75	2.359396e-01	2.559080e-02	4.225538e-03	4.142373e-04	-4.943984e-07	-6.374025e-05	-2.364773e-07
76	2.610000e-01	3.932100e-02	1.512576e-03	1.941760e-04	-4.542318e-08	-2.515046e-05	-9.492480e-08
77	2.359396e-01	2.965522e-02	1.652984e-04	1.898299e-04	3.235607e-08	2.922029e-05	-9.155596e-09
78	2.359396e-01	2.965522e-02	1.652984e-04	1.898299e-04	3.235607e-08	2.922029e-05	-9.155596e-09
79	2.490000e-01	3.720100e-02	4.343040e-04	7.590400e-05	4.843094e-09	2.969600e-08	-1.290240e-08
80	2.490000e-01	3.720100e-02	4.343040e-04	7.590400e-05	4.843094e-09	2.969600e-08	-1.290240e-08
81	2.490000e-01	3.720100e-02	4.343040e-04	7.590400e-05	4.843094e-09	2.969600e-08	-1.290240e-08
82	2.490000e-01	3.720100e-02	4.343040e-04	7.590400e-05	4.843094e-09	2.969600e-08	-1.290240e-08
83	2.490000e-01	3.720100e-02	4.343040e-04	7.590400e-05	4.843094e-09	2.969600e-08	-1.290240e-08
84	2.490000e-01	3.720100e-02	4.343040e-04	7.590400e-05	4.843094e-09	2.969600e-08	-1.290240e-08
85	2.490000e-01	3.720100e-02	4.343040e-04	7.590400e-05	4.843094e-09	2.969600e-08	-1.290240e-08
86	2.770919e-01	4.975152e-02	2.602882e-03	1.183402e-03	1.988785e-06	2.097651e-04	-5.987035e-07
87	2.770919e-01	4.975152e-02	2.602882e-03	1.183402e-03	1.988785e-06	2.097651e-04	-5.987035e-07
88	2.770919e-01	4.975152e-02	2.602882e-03	1.183402e-03	1.988785e-06	2.097651e-04	-5.987035e-07
89	2.770919e-01	4.975152e-02	2.602882e-03	1.183402e-03	1.988785e-06	2.097651e-04	-5.987035e-07
90	3.125000e-01	9.765625e-02	0.000000e+00	0.000000e+00	0.000000e+00	0.000000e+00	0.000000e+00
91	2.871094e-01	5.264664e-02	6.772578e-04	3.606379e-04	1.777645e-07	7.036136e-05	1.289209e-08
92	2.962963e-01	6.096632e-02	0.000000e+00	0.000000e+00	0.000000e+00	0.000000e+00	0.000000e+00
93	2.962963e-01	6.096632e-02	0.000000e+00	0.000000e+00	0.000000e+00	0.000000e+00	0.000000e+00
94	2.962963e-01	6.096632e-02	0.000000e+00	0.000000e+00	0.000000e+00	0.000000e+00	0.000000e+00
95	2.490000e-01	3.720100e-02	4.343040e-04	7.590400e-05	4.843094e-09	2.969600e-08	1.290240e-08
96	2.490000e-01	3.720100e-02	4.343040e-04	7.590400e-05	4.843094e-09	2.969600e-08	1.290240e-08
97	2.490000e-01	3.720100e-02	4.343040e-04	7.590400e-05	4.843094e-09	2.969600e-08	1.290240e-08
98	2.490000e-01	3.720100e-02	4.343040e-04	7.590400e-05	4.843094e-09	2.969600e-08	1.290240e-08
99	2.490000e-01	3.720100e-02	4.343040e-04	7.590400e-05	4.843094e-09	2.969600e-08	1.290240e-08
100	2.490000e-01	3.720100e-02	4.343040e-04	7.590400e-05	4.843094e-09	2.969600e-08	1.290240e-08
101	2.490000e-01	3.720100e-02	4.343040e-04	7.590400e-05	4.843094e-09	2.969600e-08	1.290240e-08
102	2.414266e-01	3.010682e-02	1.322852e-03	1.148623e-04	-2.678703e-08	-1.757040e-05	-3.587657e-08
103	2.414266e-01	3.010682e-02	1.322852e-03	1.148623e-04	-2.678703e-08	-1.757040e-05	-3.587657e-08
104	2.650000e-01	4.062500e-02	0.000000e+00	0.000000e+00	0.000000e+00	0.000000e+00	0.000000e+00
105	2.650000e-01	4.062500e-02	0.000000e+00	0.000000e+00	0.000000e+00	0.000000e+00	0.000000e+00
106	2.414266e-01	3.010682e-02	1.322852e-03	1.148623e-04	-2.678703e-08	-1.757040e-05	-3.587657e-08
107	2.414266e-01	3.010682e-02	1.322852e-03	1.148623e-04	-2.678703e-08	-1.757040e-05	-3.587657e-08
108	2.490000e-01	3.720100e-02	4.343040e-04	7.590400e-05	4.843094e-09	2.969600e-08	1.290240e-08
109	2.490000e-01	3.720100e-02	4.343040e-04	7.590400e-05	4.843094e-09	2.969600e-08	1.290240e-08
110	2.490000e-01	3.720100e-02	4.343040e-04	7.590400e-05	4.843094e-09	2.969600e-08	1.290240e-08
111	2.490000e-01	3.720100e-02	4.343040e-04	7.590400e-05	4.843094e-09	2.969600e-08	1.290240e-08
112	2.490000e-01	3.720100e-02	4.343040e-04	7.590400e-05	4.843094e-09	2.969600e-08	1.290240e-08
113	2.490000e-01	3.720100e-02	4.343040e-04	7.590400e-05	4.843094e-09	2.969600e-08	1.290240e-08
114	2.314815e-01	2.747771e-02	7.050223e-04	6.320889e-05	-6.785027e-09	-8.936585e-06	1.148963e-08
115	2.208866e-01	2.037751e-02	1.192775e-03	1.007741e-04	-3.493835e-08	-1.438548e-05	1.699090e-21
116	2.208866e-01	2.037751e-02	1.192775e-03	1.007741e-04	-3.493835e-08	-1.438548e-05	1.699090e-21
117	2.208866e-01	2.037751e-02	1.192775e-03	1.007741e-04	-3.493835e-08	-1.438548e-05	1.699090e-21
118	2.208866e-01	2.037751e-02	1.192775e-03	1.007741e-04	-3.493835e-08	-1.438548e-05	1.699090e-21
119	2.050000e-01	1.722500e-02	1.440000e-04	1.600000e-05	7.680000e-10	6.400000e-07	-3.365583e-22
120	2.163787e-01	2.195804e-02	1.383618e-04	6.993370e-06	7.165817e-11	-6.188384e-07	-2.053984e-10
121	2.163787e-01	2.195804e-02	1.383618e-04	6.993370e-06	7.165817e-11	-6.188384e-07	-2.053984e-10
122	2.163787e-01	2.195804e-02	1.383618e-04	6.993370e-06	7.165817e-11	-6.188384e-07	-2.053984e-10
123	2.450000e-01	3.282500e-02	7.200000e-04	2.720000e-04	1.159680e-07	2.752000e-05	-3.225600e-08
124	2.450000e-01	3.282500e-02	7.200000e-04	2.720000e-04	1.159680e-07	2.752000e-05	-3.225600e-08
125	2.450000e-01	3.282500e-02	7.200000e-04	2.720000e-04	1.159680e-07	2.752000e-05	-3.225600e-08
126	2.908093e-01	5.449335e-02	6.840113e-05	1.464559e-04	1.035593e-08	3.234251e-05	1.037441e-08
127	2.812500e-01	4.394531e-02	0.000000e+00	0.000000e+00	0.000000e+00	0.000000e+00	0.000000e+00
128	2.908093e-01	5.449335e-02	6.840113e-05	1.464559e-04	1.035593e-08	3.234251e-05	1.037441e-08
129	2.908093e-01	5.449335e-02	6.840113e-05	1.464559e-04	1.035593e-08	3.234251e-05	1.037441e-08
130	2.908093e-01	5.449335e-02	6.840113e-05	1.464559e-04	1.035593e-08	3.234251e-05	1.037441e-08
131	2.908093e-01	5.449335e-02	6.840113e-05	1.464559e-04	1.035593e-08	3.234251e-05	1.037441e-08
132	2.249657e-01	2.784881e-02	6.840113e-04	2.937377e-04	1.312759e-07	4.899544e-05	1.011797e-08
133	2.249657e-01	2.784881e-02	6.840113e-04	2.937377e-04	1.312759e-07	4.899544e-05	1.011797e-08
134	2.249657e-01	2.784881e-02	6.840113e-04	2.937377e-04	1.312759e-07	4.899544e-05	1.011797e-08
135	2.100000e-01	2.250000e-02	0.000000e+00	0.000000e+00	0.000000e+00	0.000000e+00	0.000000e+00
136	2.100000e-01	2.250000e-02	0.000000e+00	0.000000e+00	0.000000e+00	0.000000e+00	0.000000e+00
137	2.100000e-01	2.250000e-02	0.000000e+00	0.000000e+00	0.000000e+00	0.000000e+00	0.000000e+00
138	2.250000e-01	2.542500e-02	8.100000e-04	9.000000e-05	6.804000e-09	2.970000e-06	2.332800e-08
139	2.578875e-01	3.947757e-02	2.919954e-03	6.898190e-04	9.702152e-07	1.355319e-04	1.309916e-07
140	2.578875e-01	3.947757e-02	2.919954e-03	6.898190e-04	9.702152e-07	1.355319e-04	1.309916e-07
141	2.578875e-01	3.947757e-02	2.919954e-03	6.898190e-04	9.702152e-07	1.355319e-04	1.309916e-07
142	2.578875e-01	3.947757e-02	2.919954e-03	6.898190e-04	9.702152e-07	1.355319e-04	1.309916e-07
143	2.578875e-01	3.947757e-02	2.919954e-03	6.898190e-04	9.702152e-07	1.355319e-04	1.309916e-07
144	2.578875e-01	3.947757e-02	2.919954e-03	6.898190e-04	9.702152e-07	1.355319e-04	1.309916e-07
145	2.500000e-01	3.530000e-02	3.600000e-04	4.000000e-05	1.344000e-09	3.520000e-06	4.608000e-09
146	2.650000e-01	4.062500e-02	0.000000e+00	0.000000e+00	0.000000e+00	-0.000000e+00	0.000000e+00
147	2.650000e-01	4.062500e-02	0.000000e+00	0.000000e+00	0.000000e+00	-0.000000e+00	0.000000e+00
148	2.050000e-01	1.722500e-02	1.440000e-04	1.600000e-05	7.680000e-10	6.400000e-07	-6.743971e-22
149	2.050000e-01	1.722500e-02	1.440000e-04	1.600000e-05	7.680000e-10	6.400000e-07	-6.743971e-22
150	2.050000e-01	1.722500e-02	1.440000e-04	1.600000e-05	7.680000e-10	6.400000e-07	-6.743971e-22
151	2.163787e-01	2.195804e-02	1.383618e-04	6.993370e-06	7.165817e-11	-6.188384e-07	2.053984e-10
152	2.163787e-01	2.195804e-02	1.383618e-04	6.993370e-06	7.165817e-11	-6.188384e-07	2.053984e-10
153	2.163787e-01	2.195804e-02	1.383618e-04	6.993370e-06	7.165817e-11	-6.188384e-07	2.053984e-10
154	2.163787e-01	2.195804e-02	1.383618e-04	6.993370e-06	7.165817e-11	-6.188384e-07	2.053984e-10
155	2.163787e-01	2.195804e-02	1.383618e-04	6.993370e-06	7.165817e-11	-6.188384e-07	2.053984e-10
156	2.163787e-01	2.195804e-02	1.383618e-04	6.993370e-06	7.165817e-11	-6.188384e-07	2.053984e-10
157	2.650000e-01	4.382500e-02	0.000000e+00	0.000000e+00	0.000000e+00	-0.000000e+00	0.000000e+00
158	2.650000e-01	4.382500e-02	0.000000e+00	0.000000e+00	0.000000e+00	-0.000000e+00	0.000000e+00
159	2.414266e-01	3.362932e-02	1.315883e-03	1.175570e-04	-3.374343e-08	-2.045418e-05	-3.160951e-08
160	2.414266e-01	3.362932e-02	1.315883e-03	1.175570e-04	-3.374343e-08	-2.045418e-05	-3.160951e-08
161	2.414266e-01	3.362932e-02	1.315883e-03	1.175570e-04	-3.374343e-08	-2.045418e-05	-3.160951e-08
162	2.414266e-01	3.362932e-02	1.315883e-03	1.175570e-04	-3.374343e-08	-2.045418e-05	-3.160951e-08
163	2.414266e-01	3.362932e-02	1.315883e-03	1.175570e-04	-3.374343e-08	-2.045418e-05	-3.160951e-08
164	2.359396e-01	2.559080e-02	4.225538e-03	4.142373e-04	-4.943984e-07	-6.374025e-05	-2.364773e-07
165	2.359396e-01	2.559080e-02	4.225538e-03	4.142373e-04	-4.943984e-07	-6.374025e-05	-2.364773e-07
166	2.610000e-01	3.932100e-02	1.512576e-03	1.941760e-04	-4.542318e-08	-2.515046e-05	-9.492480e-08
167	2.359396e-01	2.965522e-02	1.652984e-04	1.898299e-04	3.235607e-08	2.922029e-05	-9.155596e-09
168	2.359396e-01	2.965522e-02	1.652984e-04	1.898299e-04	3.235607e-08	2.922029e-05	-9.155596e-09
169	2.490000e-01	3.720100e-02	4.343040e-04	7.590400e-05	4.843094e-09	2.969600e-08	-1.290240e-08
170	2.490000e-01	3.720100e-02	4.343040e-04	7.590400e-05	4.843094e-09	2.969600e-08	-1.290240e-08
171	2.490000e-01	3.720100e-02	4.343040e-04	7.590400e-05	4.843094e-09	2.969600e-08	-1.290240e-08
172	2.490000e-01	3.720100e-02	4.343040e-04	7.590400e-05	4.843094e-09	2.969600e-08	-1.290240e-08
173	2.490000e-01	3.720100e-02	4.343040e-04	7.590400e-05	4.843094e-09	2.969600e-08	-1.290240e-08
174	2.490000e-01	3.720100e-02	4.343040e-04	7.590400e-05	4.843094e-09	2.969600e-08	-1.290240e-08
175	2.490000e-01	3.720100e-02	4.343040e-04	7.590400e-05	4.843094e-09	2.969600e-08	-1.290240e-08
176	2.770919e-01	4.975152e-02	2.602882e-03	1.183402e-03	1.988785e-06	2.097651e-04	-5.987035e-07
177	2.770919e-01	4.975152e-02	2.602882e-03	1.183402e-03	1.988785e-06	2.097651e-04	-5.987035e-07
178	2.770919e-01	4.975152e-02	2.602882e-03	1.183402e-03	1.988785e-06	2.097651e-04	-5.987035e-07
179	2.770919e-01	4.975152e-02	2.602882e-03	1.183402e-03	1.988785e-06	2.097651e-04	-5.987035e-07
180	3.125000e-01	9.765625e-02	0.000000e+00	0.000000e+00	0.000000e+00	0.000000e+00	0.000000e+00
181	2.871094e-01	5.264664e-02	6.772578e-04	3.606379e-04	1.777645e-07	7.036136e-05	1.289209e-08
182	2.962963e-01	6.096632e-02	0.000000e+00	0.000000e+00	0.000000e+00	0.000000e+00	0.000000e+00
183	2.962963e-01	6.096632e-02	0.000000e+00	0.000000e+00	0.000000e+00	0.000000e+00	0.000000e+00
184	2.962963e-01	6.096632e-02	0.000000e+00	0.000000e+00	0.000000e+00	0.000000e+00	0.000000e+00
185	2.490000e-01	3.720100e-02	4.343040e-04	7.590400e-05	4.843094e-09	2.969600e-08	1.290240e-08
186	2.490000e-01	3.720100e-02	4.343040e-04	7.590400e-05	4.843094e-09	2.969600e-08	1.290240e-08
187	2.490000e-01	3.720100e-02	4.343040e-04	7.590400e-05	4.843094e-09	2.969600e-08	1.290240e-08
188	2.490000e-01	3.720100e-02	4.343040e-04	7.590400e-05	4.843094e-09	2.969600e-08	1.290240e-08
189	2.490000e-01	3.720100e-02	4.343040e-04	7.590400e-05	4.843094e-09	2.969600e-08	1.290240e-08
190	2.490000e-01	3.720100e-02	4.343040e-04	7.590400e-05	4.843094e-09	2.969600e-08	1.290240e-08
191	2.490000e-01	3.720100e-02	4.343040e-04	7.590400e-05	4.843094e-09	2.969600e-08	1.290240e-08
192	2.414266e-01	3.010682e-02	1.322852e-03	1.148623e-04	-2.678703e-08	-1.757040e-05	-3.587657e-08
193	2.414266e-01	3.010682e-02	1.322852e-03	1.148623e-04	-2.678703e-08	-1.757040e-05	-3.587657e-08
194	2.650000e-01	4.062500e-02	0.000000e+00	0.000000e+00	0.000000e+00	0.000000e+00	0.000000e+00
195	2.650000e-01	4.062500e-02	0.000000e+00	0.000000e+00	0.000000e+00	0.000000e+00	0.000000e+00
196	2.414266e-01	3.010682e-02	1.322852e-03	1.148623e-04	-2.678703e-08	-1.757040e-05	-3.587657e-08
197	2.414266e-01	3.010682e-02	1.322852e-03	1.148623e-04	-2.678703e-08	-1.757040e-05	-3.587657e-08
198	2.490000e-01	3.720100e-02	4.343040e-04	7.590400e-05	4.843094e-09	2.969600e-08	1.290240e-08
199	2.490000e-01	3.720100e-02	4.343040e-04	7.590400e-05	4.843094e-09	2.969600e-08	1.290240e-08
200	2.490000e-01	3.720100e-02	4.343040e-04	7.590400e-05	4.843094e-09	2.969600e-08	1.290240e-08
201	2.490000e-01	3.720100e-02	4.343040e-04	7.590400e-05	4.843094e-09	2.969600e-08	1.290240e-08
202	2.490000e-01	3.720100e-02	4.343040e-04	7.590400e-05	4.843094e-09	2.969600e-08	1.290240e-08
203	2.490000e-01	3.720100e-02	4.343040e-04	7.590400e-05	4.843094e-09	2.969600e-08	1.290240e-08
204	2.148760e-01	2.322246e-02	0.000000e+00	0.000000e+00	0.000000e+00	0.000000e+00	0.000000e+00
205	2.208866e-01	2.037751e-02	1.192775e-03	1.007741e-04	-3.493835e-08	-1.438548e-05	-4.589282e-21
206	2.208866e-01	2.037751e-02	1.192775e-03	1.007741e-04	-3.493835e-08	-1.438548e-05	-4.589282e-21
207	2.208866e-01	2.037751e-02	1.192775e-03	1.007741e-04	-3.493835e-08	-1.438548e-05	-4.589282e-21
208	2.208866e-01	2.037751e-02	1.192775e-03	1.007741e-04	-3.493835e-08	-1.438548e-05	-4.589282e-21
209	2.050000e-01	1.722500e-02	1.440000e-04	1.600000e-05	7.680000e-10	6.400000e-07	2.207047e-22
210	2.163787e-01	2.195804e-02	1.383618e-04	6.993370e-06	7.165817e-11	-6.188384e-07	-2.053984e-10
211	2.163787e-01	2.195804e-02	1.383618e-04	6.993370e-06	7.165817e-11	-6.188384e-07	-2.053984e-10
212	2.163787e-01	2.195804e-02	1.383618e-04	6.993370e-06	7.165817e-11	-6.188384e-07	-2.053984e-10
213	2.450000e-01	3.282500e-02	7.200000e-04	2.720000e-04	1.159680e-07	2.752000e-05	-3.225600e-08
214	2.450000e-01	3.282500e-02	7.200000e-04	2.720000e-04	1.159680e-07	2.752000e-05	-3.225600e-08
215	2.450000e-01	3.282500e-02	7.200000e-04	2.720000e-04	1.159680e-07	2.752000e-05	-3.225600e-08
216	2.908093e-01	5.449335e-02	6.840113e-05	1.464559e-04	1.035593e-08	3.234251e-05	1.037441e-08
217	2.812500e-01	4.394531e-02	0.000000e+00	0.000000e+00	0.000000e+00	0.000000e+00	0.000000e+00
218	2.908093e-01	5.449335e-02	6.840113e-05	1.464559e-04	1.035593e-08	3.234251e-05	1.037441e-08
219	2.908093e-01	5.449335e-02	6.840113e-05	1.464559e-04	1.035593e-08	3.234251e-05	1.037441e-08
220	2.908093e-01	5.449335e-02	6.840113e-05	1.464559e-04	1.035593e-08	3.234251e-05	1.037441e-08
221	2.908093e-01	5.449335e-02	6.840113e-05	1.464559e-04	1.035593e-08	3.234251e-05	1.037441e-08
222	2.249657e-01	2.784881e-02	6.840113e-04	2.937377e-04	1.312759e-07	4.899544e-05	1.011797e-08
223	2.249657e-01	2.784881e-02	6.840113e-04	2.937377e-04	1.312759e-07	4.899544e-05	1.011797e-08
224	2.249657e-01	2.784881e-02	6.840113e-04	2.937377e-04	1.312759e-07	4.899544e-05	1.011797e-08
225	2.100000e-01	2.250000e-02	0.000000e+00	0.000000e+00	0.000000e+00	0.000000e+00	0.000000e+00
226	2.100000e-01	2.250000e-02	0.000000e+00	0.000000e+00	0.000000e+00	0.000000e+00	0.000000e+00
227	2.100000e-01	2.250000e-02	0.000000e+00	0.000000e+00	0.000000e+00	0.000000e+00	0.000000e+00
228	2.250000e-01	2.542500e-02	8.100000e-04	9.000000e-05	6.804000e-09	2.970000e-06	2.332800e-08
229	2.578875e-01	3.947757e-02	2.919954e-03	6.898190e-04	9.702152e-07	1.355319e-04	1.309916e-07
230	2.578875e-01	3.947757e-02	2.919954e-03	6.898190e-04	9.702152e-07	1.355319e-04	1.309916e-07
231	2.578875e-01	3.947757e-02	2.919954e-03	6.898190e-04	9.702152e-07	1.355319e-04	1.309916e-07
232	2.578875e-01	3.947757e-02	2.919954e-03	6.898190e-04	9.702152e-07	1.355319e-04	1.309916e-07
233	2.578875e-01	3.947757e-02	2.919954e-03	6.898190e-04	9.702152e-07	1.355319e-04	1.309916e-07
234	2.578875e-01	3.947757e-02	2.919954e-03	6.898190e-04	9.702152e-07	1.355319e-04	1.309916e-07
235	2.500000e-01	3.530000e-02	3.600000e-04	4.000000e-05	1.344000e-09	3.520000e-06	4.608000e-09
236	2.650000e-01	4.062500e-02	0.000000e+00	0.000000e+00	0.000000e+00	0.000000e+00	0.000000e+00
237	2.650000e-01	4.062500e-02	0.000000e+00	0.000000e+00	0.000000e+00	0.000000e+00	0.000000e+00
238	2.050000e-01	1.722500e-02	1.440000e-04	1.600000e-05	7.680000e-10	6.400000e-07	-1.229118e-22
239	2.050000e-01	1.722500e-02	1.440000e-04	1.600000e-05	7.680000e-10	6.400000e-07	-1.229118e-22
240	2.050000e-01	1.722500e-02	1.440000e-04	1.600000e-05	7.680000e-10	6.400000e-07	-1.229118e-22
241	2.163787e-01	2.195804e-02	1.383618e-04	6.993370e-06	7.165817e-11	-6.188384e-07	2.053984e-10
242	2.163787e-01	2.195804e-02	1.383618e-04	6.993370e-06	7.165817e-11	-6.188384e-07	2.053984e-10
243	2.163787e-01	2.195804e-02	1.383618e-04	6.993370e-06	7.165817e-11	-6.188384e-07	2.053984e-10
244	2.163787e-01	2.195804e-02	1.383618e-04	6.993370e-06	7.165817e-11	-6.188384e-07	2.053984e-10
245	2.163787e-01	2.195804e-02	1.383618e-04	6.993370e-06	7.165817e-11	-6.188384e-07	2.053984e-10
246	2.163787e-01	2.195804e-02	1.383618e-04	6.993370e-06	7.165817e-11	-6.188384e-07	2.053984e-10
247	2.650000e-01	4.382500e-02	0.000000e+00	0.000000e+00	0.000000e+00	0.000000e+00	0.000000e+00
248	2.650000e-01	4.382500e-02	0.000000e+00	0.000000e+00	0.000000e+00	0.000000e+00	0.000000e+00
249	2.414266e-01	3.362932e-02	1.315883e-03	1.175570e-04	-3.374343e-08	-2.045418e-05	-3.160951e-08
250	2.414266e-01	3.362932e-02	1.315883e-03	1.175570e-04	-3.374343e-08	-2.045418e-05	-3.160951e-08
251	2.414266e-01	3.362932e-02	1.315883e-03	1.175570e-04	-3.374343e-08	-2.045418e-05	-3.160951e-08
252	2.414266e-01	3.362932e-02	1.315883e-03	1.175570e-04	-3.374343e-08	-2.045418e-05	-3.160951e-08
253	2.414266e-01	3.362932e-02	1.315883e-03	1.175570e-04	-3.374343e-08	-2.045418e-05	-3.160951e-08
254	2.359396e-01	2.559080e-02	4.225538e-03	4.142373e-04	-4.943984e-07	-6.374025e-05	-2.364773e-07
255	2.359396e-01	2.559080e-02	4.225538e-03	4.142373e-04	-4.943984e-07	-6.374025e-05	-2.364773e-07
256	2.610000e-01	3.932100e-02	1.512576e-03	1.941760e-04	-4.542318e-08	-2.515046e-05	-9.492480e-08
257	2.359396e-01	2.965522e-02	1.652984e-04	1.898299e-04	3.235607e-08	2.922029e-05	-9.155596e-09
258	2.359396e-01	2.965522e-02	1.652984e-04	1.898299e-04	3.235607e-08	2.922029e-05	-9.155596e-09
259	2.490000e-01	3.720100e-02	4.343040e-04	7.590400e-05	4.843094e-09	2.969600e-08	-1.290240e-08
260	2.490000e-01	3.720100e-02	4.343040e-04	7.590400e-05	4.843094e-09	2.969600e-08	-1.290240e-08
261	2.490000e-01	3.720100e-02	4.343040e-04	7.590400e-05	4.843094e-09	2.969600e-08	-1.290240e-08
262	2.490000e-01	3.720100e-02	4.343040e-04	7.590400e-05	4.843094e-09	2.969600e-08	-1.290240e-08
263	2.490000e-01	3.720100e-02	4.343040e-04	7.590400e-05	4.843094e-09	2.969600e-08	-1.290240e-08
264	2.490000e-01	3.720100e-02	4.343040e-04	7.590400e-05	4.843094e-09	2.969600e-08	-1.290240e-08
265	2.490000e-01	3.720100e-02	4.343040e-04	7.590400e-05	4.843094e-09	2.969600e-08	-1.290240e-08
266	2.770919e-01	4.975152e-02	2.602882e-03	1.183402e-03	1.988785e-06	2.097651e-04	-5.987035e-07
267	2.770919e-01	4.975152e-02	2.602882e-03	1.183402e-03	1.988785e-06	2.097651e-04	-5.987035e-07
268	2.770919e-01	4.975152e-02	2.602882e-03	1.183402e-03	1.988785e-06	2.097651e-04	-5.987035e-07
269	2.770919e-01	4.975152e-02	2.602882e-03	1.183402e-03	1.988785e-06	2.097651e-04	-5.987035e-07
270	3.125000e-01	9.765625e-02	0.000000e+00	0.000000e+00	0.000000e+00	0.000000e+00	0.000000e+00
271	2.871094e-01	5.264664e-02	6.772578e-04	3.606379e-04	1.777645e-07	7.036136e-05	1.289209e-08
272	2.962963e-01	6.096632e-02	0.000000e+00	0.000000e+00	0.000000e+00	0.000000e+00	0.000000e+00
273	2.962963e-01	6.096632e-02	0.000000e+00	0.000000e+00	0.000000e+00	0.000000e+00	0.000000e+00
274	2.962963e-01	6.096632e-02	0.000000e+00	0.000000e+00	0.000000e+00	0.000000e+00	0.000000e+00
275	2.490000e-01	3.720100e-02	4.343040e-04	7.590400e-05	4.843094e-09	2.969600e-08	1.290240e-08
276	2.490000e-01	3.720100e-02	4.343040e-04	7.590400e-05	4.843094e-09	2.969600e-08	1.290240e-08
277	2.490000e-01	3.720100e-02	4.343040e-04	7.590400e-05	4.843094e-09	2.969600e-08	1.290240e-08
278	2.490000e-01	3.720100e-02	4.343040e-04	7.590400e-05	4.843094e-09	2.969600e-08	1.290240e-08
279	2.490000e-01	3.720100e-02	4.343040e-04	7.590400e-05	4.843094e-09	2.969600e-08	1.290240e-08
280	2.490000e-01	3.720100e-02	4.343040e-04	7.590400e-05	4.843094e-09	2.969600e-08	1.290240e-08
281	2.490000e-01	3.720100e-02	4.343040e-04	7.590400e-05	4.843094e-09	2.969600e-08	1.290240e-08
282	2.414266e-01	3.010682e-02	1.322852e-03	1.148623e-04	-2.678703e-08	-1.757040e-05	-3.587657e-08
283	2.414266e-01	3.010682e-02	1.322852e-03	1.148623e-04	-2.678703e-08	-1.757040e-05	-3.587657e-08
284	2.650000e-01	4.062500e-02	0.000000e+00	0.000000e+00	0.000000e+00	0.000000e+00	0.000000e+00
285	2.650000e-01	4.062500e-02	0.000000e+00	0.000000e+00	0.000000e+00	0.000000e+00	0.000000e+00
286	2.414266e-01	3.010682e-02	1.322852e-03	1.148623e-04	-2.678703e-08	-1.757040e-05	-3.587657e-08
287	2.414266e-01	3.010682e-02	1.322852e-03	1.148623e-04	-2.678703e-08	-1.757040e-05	-3.587657e-08
288	2.490000e-01	3.720100e-02	4.343040e-04	7.590400e-05	4.843094e-09	2.969600e-08	1.290240e-08
289	2.490000e-01	3.720100e-02	4.343040e-04	7.590400e-05	4.843094e-09	2.969600e-08	1.290240e-08
290	2.490000e-01	3.720100e-02	4.343040e-04	7.590400e-05	4.843094e-09	2.969600e-08	1.290240e-08
291	2.490000e-01	3.720100e-02	4.343040e-04	7.590400e-05	4.843094e-09	2.969600e-08	1.290240e-08
292	2.490000e-01	3.720100e-02	4.343040e-04	7.590400e-05	4.843094e-09	2.969600e-08	1.290240e-08
293	2.490000e-01	3.720100e-02	4.343040e-04	7.590400e-05	4.843094e-09	2.969600e-08	1.290240e-08
294	2.148760e-01	2.322246e-02	0.000000e+00	0.000000e+00	0.000000e+00	0.000000e+00	0.000000e+00
295	2.208866e-01	2.037751e-02	1.192775e-03	1.007741e-04	-3.493835e-08	-1.438548e-05	-3.195046e-21
296	2.208866e-01	2.037751e-02	1.192775e-03	1.007741e-04	-3.493835e-08	-1.438548e-05	-3.195046e-21
297	2.208866e-01	2.037751e-02	1.192775e-03	1.007741e-04	-3.493835e-08	-1.438548e-05	-3.195046e-21
298	2.208866e-01	2.037751e-02	1.192775e-03	1.007741e-04	-3.493835e-08	-1.438548e-05	-3.195046e-21
299	2.050000e-01	1.722500e-02	1.440000e-04	1.600000e-05	7.680000e-10	6.400000e-07	1.923784e-22
300	2.163787e-01	2.195804e-02	1.383618e-04	6.993370e-06	7.165817e-11	-6.188384e-07	-2.053984e-10
301	2.163787e-01	2.195804e-02	1.383618e-04	6.993370e-06	7.165817e-11	-6.188384e-07	-2.053984e-10
302	2.163787e-01	2.195804e-02	1.383618e-04	6.993370e-06	7.165817e-11	-6.188384e-07	-2.053984e-10
303	2.450000e-01	3.282500e-02	7.200000e-04	2.720000e-04	1.159680e-07	2.752000e-05	-3.225600e-08
304	2.450000e-01	3.282500e-02	7.200000e-04	2.720000e-04	1.159680e-07	2.752000e-05	-3.225600e-08
305	2.450000e-01	3.282500e-02	7.200000e-04	2.720000e-04	1.159680e-07	2.752000e-05	-3.225600e-08
306	2.908093e-01	5.449335e-02	6.840113e-05	1.464559e-04	1.035593e-08	3.234251e-05	1.037441e-08
307	2.812500e-01	4.394531e-02	0.000000e+00	0.000000e+00	0.000000e+00	0.000000e+00	0.000000e+00
308	2.908093e-01	5.449335e-02	6.840113e-05	1.464559e-04	1.035593e-08	3.234251e-05	1.037441e-08
309	2.908093e-01	5.449335e-02	6.840113e-05	1.464559e-04	1.035593e-08	3.234251e-05	1.037441e-08
310	2.908093e-01	5.449335e-02	6.840113e-05	1.464559e-04	1.035593e-08	3.234251e-05	1.037441e-08
311	2.908093e-01	5.449335e-02	6.840113e-05	1.464559e-04	1.035593e-08	3.234251e-05	1.037441e-08
312	2.249657e-01	2.784881e-02	6.840113e-04	2.937377e-04	1.312759e-07	4.899544e-05	1.011797e-08
313	2.249657e-01	2.784881e-02	6.840113e-04	2.937377e-04	1.312759e-07	4.899544e-05	1.011797e-08
314	2.249657e-01	2.784881e-02	6.840113e-04	2.937377e-04	1.312759e-07	4.899544e-05	1.011797e-08
315	2.100000e-01	2.250000e-02	0.000000e+00	0.000000e+00	0.000000e+00	0.000000e+00	0.000000e+00
316	2.100000e-01	2.250000e-02	0.000000e+00	0.000000e+00	0.000000e+00	0.000000e+00	0.000000e+00
317	2.100000e-01	2.250000e-02	0.000000e+00	0.000000e+00	0.000000e+00	0.000000e+00	0.000000e+00
318	2.250000e-01	2.542500e-02	8.100000e-04	9.000000e-05	6.804000e-09	2.970000e-06	2.332800e-08
319	2.578875e-01	3.947757e-02	2.919954e-03	6.898190e-04	9.702152e-07	1.355319e-04	1.309916e-07
320	2.578875e-01	3.947757e-02	2.919954e-03	6.898190e-04	9.702152e-07	1.355319e-04	1.309916e-07
321	2.578875e-01	3.947757e-02	2.919954e-03	6.898190e-04	9.702152e-07	1.355319e-04	1.309916e-07
322	2.578875e-01	3.947757e-02	2.919954e-03	6.898190e-04	9.702152e-07	1.355319e-04	1.309916e-07
323	2.578875e-01	3.947757e-02	2.919954e-03	6.898190e-04	9.702152e-07	1.355319e-04	1.309916e-07
324	2.578875e-01	3.947757e-02	2.919954e-03	6.898190e-04	9.702152e-07	1.355319e-04	1.309916e-07
325	2.500000e-01	3.530000e-02	3.600000e-04	4.000000e-05	1.344000e-09	3.520000e-06	4.608000e-09
326	2.650000e-01	4.062500e-02	0.000000e+00	0.000000e+00	0.000000e+00	-0.000000e+00	0.000000e+00
327	2.650000e-01	4.062500e-02	0.000000e+00	0.000000e+00	0.000000e+00	-0.000000e+00	0.000000e+00
328	2.050000e-01	1.722500e-02	1.440000e-04	1.600000e-05	7.680000e-10	6.400000e-07	4.630684e-22
329	2.050000e-01	1.722500e-02	1.440000e-04	1.600000e-05	7.680000e-10	6.400000e-07	4.630684e-22
330	2.050000e-01	1.722500e-02	1.440000e-04	1.600000e-05	7.680000e-10	6.400000e-07	4.630684e-22
331	2.163787e-01	2.195804e-02	1.383618e-04	6.993370e-06	7.165817e-11	-6.188384e-07	2.053984e-10
332	2.163787e-01	2.195804e-02	1.383618e-04	6.993370e-06	7.165817e-11	-6.188384e-07	2.053984e-10
333	2.163787e-01	2.195804e-02	1.383618e-04	6.993370e-06	7.165817e-11	-6.188384e-07	2.053984e-10
334	2.163787e-01	2.195804e-02	1.383618e-04	6.993370e-06	7.165817e-11	-6.188384e-07	2.053984e-10
335	2.163787e-01	2.195804e-02	1.383618e-04	6.993370e-06	7.165817e-11	-6.188384e-07	2.053984e-10
336	2.163787e-01	2.195804e-02	1.383618e-04	6.993370e-06	7.165817e-11	-6.188384e-07	2.053984e-10
337	2.650000e-01	4.382500e-02	0.000000e+00	0.000000e+00	0.000000e+00	-0.000000e+00	0.000000e+00
338	2.650000e-01	4.382500e-02	0.000000e+00	0.000000e+00	0.000000e+00	-0.000000e+00	0.000000e+00
339	2.414266e-01	3.362932e-02	1.315883e-03	1.175570e-04	-3.374343e-08	-2.045418e-05	-3.160951e-08
340	2.414266e-01	3.362932e-02	1.315883e-03	1.175570e-04	-3.374343e-08	-2.045418e-05	-3.160951e-08
341	2.414266e-01	3.362932e-02	1.315883e-03	1.175570e-04	-3.374343e-08	-2.045418e-05	-3.160951e-08
342	2.414266e-01	3.362932e-02	1.315883e-03	1.175570e-04	-3.374343e-08	-2.045418e-05	-3.160951e-08
343	2.414266e-01	3.362932e-02	1.315883e-03	1.175570e-04	-3.374343e-08	-2.045418e-05	-3.160951e-08
344	2.359396e-01	2.559080e-02	4.225538e-03	4.142373e-04	-4.943984e-07	-6.374025e-05	-2.364773e-07
345	2.359396e-01	2.559080e-02	4.225538e-03	4.142373e-04	-4.943984e-07	-6.374025e-05	-2.364773e-07
346	2.610000e-01	3.932100e-02	1.512576e-03	1.941760e-04	-4.542318e-08	-2.515046e-05	-9.492480e-08
347	2.359396e-01	2.965522e-02	1.652984e-04	1.898299e-04	3.235607e-08	2.922029e-05	-9.155596e-09
348	2.359396e-01	2.965522e-02	1.652984e-04	1.898299e-04	3.235607e-08	2.922029e-05	-9.155596e-09
349	2.490000e-01	3.720100e-02	4.343040e-04	7.590400e-05	4.843094e-09	2.969600e-08	-1.290240e-08
350	2.490000e-01	3.720100e-02	4.343040e-04	7.590400e-05	4.843094e-09	2.969600e-08	-1.290240e-08
351	2.490000e-01	3.720100e-02	4.343040e-04	7.590400e-05	4.843094e-09	2.969600e-08	-1.290240e-08
352	2.490000e-01	3.720100e-02	4.343040e-04	7.590400e-05	4.843094e-09	2.969600e-08	-1.290240e-08
353	2.490000e-01	3.720100e-02	4.343040e-04	7.590400e-05	4.843094e-09	2.969600e-08	-1.290240e-08
354	2.490000e-01	3.720100e-02	4.343040e-04	7.590400e-05	4.843094e-09	2.969600e-08	-1.290240e-08
355	2.490000e-01	3.720100e-02	4.343040e-04	7.590400e-05	4.843094e-09	2.969600e-08	-1.290240e-08
356	2.770919e-01	4.975152e-02	2.602882e-03	1.183402e-03	1.988785e-06	2.097651e-04	-5.987035e-07
357	2.770919e-01	4.975152e-02	2.602882e-03	1.183402e-03	1.988785e-06	2.097651e-04	-5.987035e-07
358	2.770919e-01	4.975152e-02	2.602882e-03	1.183402e-03	1.988785e-06	2.097651e-04	-5.987035e-07
359	2.770919e-01	4.975152e-02	2.602882e-03	1.183402e-03	1.988785e-06	2.097651e-04	-5.987035e-07
