0.00	+3.593e+00	+1.289e+01	+0.000e+00	+0.000e+00	+0.000e+00	+0.000e+00	+0.000e+00
1.00	+1.836e+00	+3.342e+00	+1.304e-03	+4.620e-04	+3.192e-07	+4.591e-04	+1.636e-07
2.00	+1.836e+00	+3.342e+00	+1.304e-03	+4.620e-04	+3.192e-07	+4.591e-04	+1.636e-07
3.00	+1.829e+00	+3.316e+00	+3.818e-03	+1.418e-03	+2.998e-06	+1.467e-03	+1.380e-06
4.00	+1.876e+00	+3.485e+00	+1.469e-03	+1.604e-03	+2.462e-06	+2.948e-03	+2.867e-08
5.00	+1.819e+00	+3.275e+00	+2.520e-05	+2.630e-06	-2.031e-11	-4.300e-06	+6.800e-12
6.00	+1.827e+00	+3.306e+00	+9.460e-04	+1.184e-04	-2.164e-08	-1.499e-04	+3.319e-08
7.00	+1.893e+00	+3.546e+00	+9.357e-03	+7.852e-03	+6.728e-05	+1.422e-02	-1.701e-06
8.00	+1.851e+00	+3.391e+00	+7.251e-05	+1.024e-05	-6.727e-11	-9.757e-06	+2.706e-10
9.00	+1.862e+00	+3.432e+00	+1.269e-04	+1.931e-05	-3.432e-11	-1.467e-05	+9.551e-10
10.00	+1.788e+00	+3.163e+00	+3.057e-03	+2.784e-03	+8.121e-06	+4.913e-03	-5.747e-08
11.00	+1.769e+00	+3.100e+00	+9.847e-03	+9.801e-03	+9.629e-05	+1.724e-02	+7.795e-08
12.00	+1.782e+00	+3.140e+00	+1.548e-04	+1.309e-04	+1.862e-08	+2.246e-04	-4.391e-10
13.00	+1.822e+00	+3.286e+00	+2.099e-04	+1.560e-04	+2.820e-08	+2.631e-04	-1.514e-09
14.00	+1.880e+00	+3.501e+00	+9.371e-05	+3.285e-05	+1.625e-09	+3.290e-05	+8.254e-10
15.00	+1.819e+00	+3.275e+00	+6.755e-04	+7.202e-04	+5.023e-07	+1.300e-03	+2.637e-09
16.00	+1.805e+00	+3.224e+00	+2.668e-03	+2.551e-03	+6.656e-06	+4.549e-03	+2.761e-08
17.00	+1.809e+00	+3.239e+00	+5.451e-04	+3.189e-04	+1.315e-07	+5.024e-04	+1.943e-08
18.00	+1.920e+00	+3.655e+00	+6.381e-04	+5.660e-04	+3.402e-07	+1.076e-03	+2.911e-09
19.00	+1.836e+00	+3.335e+00	+1.189e-04	+1.358e-05	-4.815e-10	-2.359e-05	-2.572e-10
20.00	+1.806e+00	+3.227e+00	+2.455e-03	+2.061e-03	+4.635e-06	+3.549e-03	+1.100e-07
21.00	+1.853e+00	+3.398e+00	+2.342e-02	+2.297e-02	+5.329e-04	+4.235e-02	+1.060e-07
22.00	+1.842e+00	+3.358e+00	+8.771e-05	+3.755e-05	+2.049e-09	+4.927e-05	+6.673e-10
23.00	+1.899e+00	+3.570e+00	+4.151e-03	+4.108e-03	+1.696e-05	+7.761e-03	+7.095e-09
24.00	+1.826e+00	+3.299e+00	+2.655e-03	+2.535e-03	+6.576e-06	+4.602e-03	+7.771e-09
25.00	+1.746e+00	+3.015e+00	+0.000e+00	+0.000e+00	+0.000e+00	+0.000e+00	+0.000e+00
26.00	+1.949e+00	+3.762e+00	+1.719e-02	+1.577e-02	+2.595e-04	+3.027e-02	+2.181e-06
27.00	+1.826e+00	+3.302e+00	+2.553e-02	+2.458e-02	+6.159e-04	+4.437e-02	-9.440e-07
28.00	+1.784e+00	+3.150e+00	+1.045e-02	+1.037e-02	+1.079e-04	+1.840e-02	-3.844e-08
29.00	+1.816e+00	+3.265e+00	+7.470e-04	+6.167e-04	+4.185e-07	+1.030e-03	-1.016e-08
30.00	+1.816e+00	+3.265e+00	+6.801e-04	+6.113e-04	+3.941e-07	+1.076e-03	-4.929e-09
31.00	+1.727e+00	+2.949e+00	+1.866e-03	+1.892e-03	+3.556e-06	+3.249e-03	-1.073e-09
32.00	+1.859e+00	+3.423e+00	+2.698e-03	+2.631e-03	+7.011e-06	+4.867e-03	+1.146e-08
33.00	+1.847e+00	+3.378e+00	+1.625e-03	+1.399e-03	+2.110e-06	+2.531e-03	+3.814e-08
34.00	+1.812e+00	+3.248e+00	+2.847e-06	+1.093e-06	+1.844e-12	+8.040e-07	-5.642e-13
35.00	+1.781e+00	+3.139e+00	+1.847e-05	+5.200e-06	+4.040e-11	+3.263e-06	-3.107e-11
36.00	+1.797e+00	+3.194e+00	+4.407e-05	+1.755e-05	+4.548e-10	+1.905e-05	+1.778e-10
37.00	+1.888e+00	+3.530e+00	+5.143e-03	+4.960e-03	+2.505e-05	+9.270e-03	+7.583e-08
38.00	+1.812e+00	+3.250e+00	+5.813e-04	+4.031e-04	+1.944e-07	+6.505e-04	-1.660e-08
39.00	+1.839e+00	+3.348e+00	+2.227e-03	+2.152e-03	+4.711e-06	+3.907e-03	-1.026e-08
40.00	+1.738e+00	+2.988e+00	+1.907e-03	+1.914e-03	+3.655e-06	+3.295e-03	-8.323e-10
41.00	+1.784e+00	+3.150e+00	+3.142e-05	+1.259e-05	+2.339e-10	+1.521e-05	-8.969e-11
42.00	+1.881e+00	+3.504e+00	+4.117e-03	+4.028e-03	+1.641e-05	+7.523e-03	-1.500e-08
43.00	+1.741e+00	+3.000e+00	+2.441e-02	+2.346e-02	+5.615e-04	+3.999e-02	-1.023e-06
44.00	+1.707e+00	+2.885e+00	+6.661e-06	+3.057e-06	+1.379e-11	+5.185e-06	+3.218e-13
45.00	+1.682e+00	+2.795e+00	+4.729e-03	+1.171e-03	+1.883e-06	+4.126e-04	+2.013e-06
46.00	+1.882e+00	+3.509e+00	+1.836e-04	+2.475e-04	+5.272e-08	+4.609e-04	+2.461e-09
47.00	+1.884e+00	+3.516e+00	+8.167e-02	+7.968e-02	+6.428e-03	+1.494e-01	+4.148e-06
48.00	+1.752e+00	+3.034e+00	+1.553e-05	+1.820e-06	-5.014e-12	-1.843e-06	-8.276e-12
49.00	+1.774e+00	+3.114e+00	+2.606e-03	+2.620e-03	+6.847e-06	+4.624e-03	-4.074e-09
50.00	+1.827e+00	+3.304e+00	+2.441e-04	+2.019e-04	+4.482e-08	+3.655e-04	-5.453e-10
51.00	+1.786e+00	+3.156e+00	+3.297e-02	+3.226e-02	+1.052e-03	+5.729e-02	+2.336e-07
52.00	+1.750e+00	+3.031e+00	+1.094e-04	+4.733e-05	+3.241e-09	+5.710e-05	+1.046e-09
53.00	+1.924e+00	+3.665e+00	+5.506e-04	+5.402e-04	+2.946e-07	+1.026e-03	-7.583e-10
54.00	+1.844e+00	+3.368e+00	+2.965e-03	+2.971e-03	+8.819e-06	+5.432e-03	+4.383e-09
55.00	+1.868e+00	+3.454e+00	+4.242e-05	+1.180e-05	+2.050e-10	+9.343e-06	-1.665e-10
56.00	+1.916e+00	+3.637e+00	+1.019e-03	+7.981e-04	+7.194e-07	+1.501e-03	-2.015e-08
57.00	+1.900e+00	+3.574e+00	+3.782e-03	+3.838e-03	+1.462e-05	+7.254e-03	-2.908e-09
58.00	+1.833e+00	+3.326e+00	+5.731e-04	+5.769e-04	+3.317e-07	+1.048e-03	-9.248e-11
59.00	+1.729e+00	+2.957e+00	+1.310e-02	+1.234e-02	+1.568e-04	+2.101e-02	-7.434e-07
60.00	+1.805e+00	+3.223e+00	+3.573e-03	+3.347e-03	+1.157e-05	+5.967e-03	+7.191e-08
61.00	+1.804e+00	+3.219e+00	+5.250e-05	+4.396e-05	+2.112e-09	+7.844e-05	-1.785e-11
62.00	+1.749e+00	+3.025e+00	+5.800e-06	+6.611e-06	+4.084e-11	+1.116e-05	-2.761e-12
63.00	+1.927e+00	+3.680e+00	+1.425e-02	+1.382e-02	+1.938e-04	+2.646e-02	+1.712e-07
64.00	+1.841e+00	+3.358e+00	+7.468e-03	+7.256e-03	+5.341e-05	+1.326e-02	+3.711e-08
65.00	+1.812e+00	+3.252e+00	+1.202e-03	+1.042e-03	+1.166e-06	+1.797e-03	-2.111e-08
66.00	+1.785e+00	+3.154e+00	+2.713e-03	+2.715e-03	+7.368e-06	+4.821e-03	-3.916e-09
67.00	+1.779e+00	+3.130e+00	+1.921e-03	+1.846e-03	+3.475e-06	+3.255e-03	+7.756e-09
68.00	+1.732e+00	+2.969e+00	+1.935e-03	+1.794e-03	+3.343e-06	+3.031e-03	-2.948e-08
69.00	+1.789e+00	+3.167e+00	+2.234e-03	+2.144e-03	+4.691e-06	+3.814e-03	-1.313e-09
70.00	+1.789e+00	+3.166e+00	+7.293e-05	+2.124e-05	+6.758e-10	+1.710e-05	+4.924e-10
71.00	+1.881e+00	+3.505e+00	+2.716e-02	+2.616e-02	+6.974e-04	+4.880e-02	+1.332e-06
72.00	+1.822e+00	+3.283e+00	+1.023e-03	+7.097e-04	+6.026e-07	+1.145e-03	-4.967e-08
73.00	+1.786e+00	+3.155e+00	+3.221e-03	+3.154e-03	+1.005e-05	+5.551e-03	-1.292e-08
74.00	+1.809e+00	+3.238e+00	+4.231e-03	+4.111e-03	+1.715e-05	+7.391e-03	-3.921e-08
75.00	+1.857e+00	+3.414e+00	+2.447e-04	+2.724e-05	-2.224e-09	-5.034e-05	+1.022e-11
76.00	+1.859e+00	+3.422e+00	+3.360e-03	+3.237e-03	+1.068e-05	+5.975e-03	+2.525e-08
77.00	+1.751e+00	+3.034e+00	+1.849e-04	+1.117e-04	+1.590e-08	+1.662e-04	-2.286e-09
78.00	+1.789e+00	+3.168e+00	+2.491e-04	+7.176e-05	+7.619e-09	+4.985e-05	+5.830e-09
79.00	+1.820e+00	+3.276e+00	+4.931e-05	+5.257e-06	-7.447e-11	-8.205e-06	-4.022e-11
80.00	+1.811e+00	+3.245e+00	+2.305e-04	+2.869e-05	-1.385e-09	-3.930e-05	-1.878e-09
81.00	+1.802e+00	+3.216e+00	+3.029e-05	+3.182e-06	-3.026e-11	-5.396e-06	-7.769e-12
82.00	+1.798e+00	+3.200e+00	+3.077e-04	+3.536e-05	-2.955e-09	-5.559e-05	-2.207e-09
83.00	+1.816e+00	+3.263e+00	+2.994e-03	+2.871e-03	+8.415e-06	+5.178e-03	+1.456e-08
84.00	+1.789e+00	+3.164e+00	+4.333e-04	+5.055e-05	-6.194e-09	-8.291e-05	-4.196e-09
85.00	+1.778e+00	+3.126e+00	+5.922e-04	+5.856e-04	+3.448e-07	+1.035e-03	-3.322e-09
86.00	+1.823e+00	+3.290e+00	+5.466e-04	+5.894e-04	+3.339e-07	+9.822e-04	+2.051e-08
87.00	+1.833e+00	+3.323e+00	+4.236e-03	+1.223e-03	+2.229e-06	+8.604e-04	-1.668e-06
88.00	+1.823e+00	+3.289e+00	+2.454e-03	+6.752e-04	+6.579e-07	+4.166e-04	-5.679e-07
89.00	+1.823e+00	+3.289e+00	+2.454e-03	+6.752e-04	+6.579e-07	+4.166e-04	-5.679e-07
90.00	+3.593e+00	+1.289e+01	+4.524e-32	+1.354e-32	-9.724e-66	-4.145e-32	-3.351e-64
91.00	+1.836e+00	+3.342e+00	+1.304e-03	+4.620e-04	+3.192e-07	+4.591e-04	+1.636e-07
92.00	+1.836e+00	+3.342e+00	+1.304e-03	+4.620e-04	+3.192e-07	+4.591e-04	+1.636e-07
93.00	+1.829e+00	+3.316e+00	+3.818e-03	+1.418e-03	+2.998e-06	+1.467e-03	+1.380e-06
94.00	+1.876e+00	+3.485e+00	+1.469e-03	+1.604e-03	+2.462e-06	+2.948e-03	+2.867e-08
95.00	+1.859e+00	+3.423e+00	+3.052e-04	+2.520e-04	+6.987e-08	+4.642e-04	-8.016e-10
96.00	+1.827e+00	+3.306e+00	+9.460e-04	+1.184e-04	-2.164e-08	-1.499e-04	+3.319e-08
97.00	+1.893e+00	+3.546e+00	+9.357e-03	+7.852e-03	+6.728e-05	+1.422e-02	-1.701e-06
98.00	+1.851e+00	+3.391e+00	+7.251e-05	+1.024e-05	-6.727e-11	-9.757e-06	+2.706e-10
99.00	+1.862e+00	+3.432e+00	+1.269e-04	+1.931e-05	-3.432e-11	-1.467e-05	+9.551e-10
100.00	+1.788e+00	+3.163e+00	+3.057e-03	+2.784e-03	+8.121e-06	+4.913e-03	-5.747e-08
101.00	+1.769e+00	+3.100e+00	+9.847e-03	+9.801e-03	+9.629e-05	+1.724e-02	+7.795e-08
102.00	+1.782e+00	+3.140e+00	+1.548e-04	+1.309e-04	+1.862e-08	+2.246e-04	-4.391e-10
103.00	+1.822e+00	+3.286e+00	+2.099e-04	+1.560e-04	+2.820e-08	+2.631e-04	-1.514e-09
104.00	+1.880e+00	+3.501e+00	+9.371e-05	+3.285e-05	+1.625e-09	+3.290e-05	+8.254e-10
105.00	+1.819e+00	+3.275e+00	+6.755e-04	+7.202e-04	+5.023e-07	+1.300e-03	+2.637e-09
106.00	+1.805e+00	+3.224e+00	+2.668e-03	+2.551e-03	+6.656e-06	+4.549e-03	+2.761e-08
107.00	+1.809e+00	+3.239e+00	+5.451e-04	+3.189e-04	+1.315e-07	+5.024e-04	+1.943e-08
108.00	+1.920e+00	+3.655e+00	+6.381e-04	+5.660e-04	+3.402e-07	+1.076e-03	+2.911e-09
109.00	+1.836e+00	+3.335e+00	+1.189e-04	+1.358e-05	-4.815e-10	-2.359e-05	-2.572e-10
110.00	+1.806e+00	+3.227e+00	+2.455e-03	+2.061e-03	+4.635e-06	+3.549e-03	+1.100e-07
111.00	+1.853e+00	+3.398e+00	+2.342e-02	+2.297e-02	+5.329e-04	+4.235e-02	+1.060e-07
112.00	+1.842e+00	+3.358e+00	+8.771e-05	+3.755e-05	+2.049e-09	+4.927e-05	+6.673e-10
113.00	+1.899e+00	+3.570e+00	+4.151e-03	+4.108e-03	+1.696e-05	+7.761e-03	+7.095e-09
114.00	+1.826e+00	+3.299e+00	+2.655e-03	+2.535e-03	+6.576e-06	+4.602e-03	+7.771e-09
115.00	+1.746e+00	+3.015e+00	+0.000e+00	+0.000e+00	+0.000e+00	+0.000e+00	+0.000e+00
116.00	+1.949e+00	+3.762e+00	+1.719e-02	+1.577e-02	+2.595e-04	+3.027e-02	+2.181e-06
117.00	+1.826e+00	+3.302e+00	+2.553e-02	+2.458e-02	+6.159e-04	+4.437e-02	-9.440e-07
118.00	+1.784e+00	+3.150e+00	+1.045e-02	+1.037e-02	+1.079e-04	+1.840e-02	-3.844e-08
119.00	+1.816e+00	+3.265e+00	+7.470e-04	+6.167e-04	+4.185e-07	+1.030e-03	-1.016e-08
120.00	+1.816e+00	+3.265e+00	+6.801e-04	+6.113e-04	+3.941e-07	+1.076e-03	-4.929e-09
121.00	+1.727e+00	+2.949e+00	+1.866e-03	+1.892e-03	+3.556e-06	+3.249e-03	-1.073e-09
122.00	+1.859e+00	+3.423e+00	+2.698e-03	+2.631e-03	+7.011e-06	+4.867e-03	+1.146e-08
123.00	+1.847e+00	+3.378e+00	+1.625e-03	+1.399e-03	+2.110e-06	+2.531e-03	+3.814e-08
124.00	+1.812e+00	+3.248e+00	+2.847e-06	+1.093e-06	+1.844e-12	+8.040e-07	-5.642e-13
125.00	+1.781e+00	+3.139e+00	+1.847e-05	+5.200e-06	+4.040e-11	+3.263e-06	-3.107e-11
126.00	+1.797e+00	+3.194e+00	+4.407e-05	+1.755e-05	+4.548e-10	+1.905e-05	+1.778e-10
127.00	+1.888e+00	+3.530e+00	+5.143e-03	+4.960e-03	+2.505e-05	+9.270e-03	+7.583e-08
128.00	+1.812e+00	+3.250e+00	+5.813e-04	+4.031e-04	+1.944e-07	+6.505e-04	-1.660e-08
129.00	+1.839e+00	+3.348e+00	+2.227e-03	+2.152e-03	+4.711e-06	+3.907e-03	-1.026e-08
130.00	+1.738e+00	+2.988e+00	+1.907e-03	+1.914e-03	+3.655e-06	+3.295e-03	-8.323e-10
131.00	+1.784e+00	+3.150e+00	+3.142e-05	+1.259e-05	+2.339e-10	+1.521e-05	-8.969e-11
132.00	+1.881e+00	+3.504e+00	+4.117e-03	+4.028e-03	+1.641e-05	+7.523e-03	-1.500e-08
133.00	+1.741e+00	+3.000e+00	+2.441e-02	+2.346e-02	+5.615e-04	+3.999e-02	-1.023e-06
134.00	+1.707e+00	+2.885e+00	+6.661e-06	+3.057e-06	+1.379e-11	+5.185e-06	+3.218e-13
135.00	+1.682e+00	+2.795e+00	+4.729e-03	+1.171e-03	+1.883e-06	+4.126e-04	+2.013e-06
136.00	+1.882e+00	+3.509e+00	+1.836e-04	+2.475e-04	+5.272e-08	+4.609e-04	+2.461e-09
137.00	+1.884e+00	+3.516e+00	+8.167e-02	+7.968e-02	+6.428e-03	+1.494e-01	+4.148e-06
138.00	+1.752e+00	+3.034e+00	+1.553e-05	+1.820e-06	-5.014e-12	-1.843e-06	-8.276e-12
139.00	+1.774e+00	+3.114e+00	+2.606e-03	+2.620e-03	+6.847e-06	+4.624e-03	-4.074e-09
140.00	+1.827e+00	+3.304e+00	+2.441e-04	+2.019e-04	+4.482e-08	+3.655e-04	-5.453e-10
141.00	+1.786e+00	+3.156e+00	+3.297e-02	+3.226e-02	+1.052e-03	+5.729e-02	+2.336e-07
142.00	+1.750e+00	+3.031e+00	+1.094e-04	+4.733e-05	+3.241e-09	+5.710e-05	+1.046e-09
143.00	+1.924e+00	+3.665e+00	+5.506e-04	+5.402e-04	+2.946e-07	+1.026e-03	-7.583e-10
144.00	+1.844e+00	+3.368e+00	+2.965e-03	+2.971e-03	+8.819e-06	+5.432e-03	+4.383e-09
145.00	+1.868e+00	+3.454e+00	+4.242e-05	+1.180e-05	+2.050e-10	+9.343e-06	-1.665e-10
146.00	+1.916e+00	+3.637e+00	+1.019e-03	+7.981e-04	+7.194e-07	+1.501e-03	-2.015e-08
147.00	+1.900e+00	+3.574e+00	+3.782e-03	+3.838e-03	+1.462e-05	+7.254e-03	-2.908e-09
148.00	+1.833e+00	+3.326e+00	+5.731e-04	+5.769e-04	+3.317e-07	+1.048e-03	-9.248e-11
149.00	+1.720e+00	+2.924e+00	+4.347e-03	+3.968e-03	+1.648e-05	+6.643e-03	-1.540e-07
150.00	+1.805e+00	+3.223e+00	+3.573e-03	+3.347e-03	+1.157e-05	+5.967e-03	+7.191e-08
151.00	+1.804e+00	+3.219e+00	+5.250e-05	+4.396e-05	+2.112e-09	+7.844e-05	-1.785e-11
152.00	+1.749e+00	+3.025e+00	+5.800e-06	+6.611e-06	+4.084e-11	+1.116e-05	-2.761e-12
153.00	+1.927e+00	+3.680e+00	+1.425e-02	+1.382e-02	+1.938e-04	+2.646e-02	+1.712e-07
154.00	+1.841e+00	+3.358e+00	+7.468e-03	+7.256e-03	+5.341e-05	+1.326e-02	+3.711e-08
155.00	+1.812e+00	+3.252e+00	+1.202e-03	+1.042e-03	+1.166e-06	+1.797e-03	-2.111e-08
156.00	+1.785e+00	+3.154e+00	+2.713e-03	+2.715e-03	+7.368e-06	+4.821e-03	-3.916e-09
157.00	+1.779e+00	+3.130e+00	+1.921e-03	+1.846e-03	+3.475e-06	+3.255e-03	+7.756e-09
158.00	+1.732e+00	+2.969e+00	+1.935e-03	+1.794e-03	+3.343e-06	+3.031e-03	-2.948e-08
159.00	+1.789e+00	+3.167e+00	+2.234e-03	+2.144e-03	+4.691e-06	+3.814e-03	-1.313e-09
160.00	+1.789e+00	+3.166e+00	+7.293e-05	+2.124e-05	+6.758e-10	+1.710e-05	+4.924e-10
161.00	+1.881e+00	+3.505e+00	+2.716e-02	+2.616e-02	+6.974e-04	+4.880e-02	+1.332e-06
162.00	+1.822e+00	+3.283e+00	+1.023e-03	+7.097e-04	+6.026e-07	+1.145e-03	-4.967e-08
163.00	+1.786e+00	+3.155e+00	+3.221e-03	+3.154e-03	+1.005e-05	+5.551e-03	-1.292e-08
164.00	+1.809e+00	+3.238e+00	+4.231e-03	+4.111e-03	+1.715e-05	+7.391e-03	-3.921e-08
165.00	+1.857e+00	+3.414e+00	+2.447e-04	+2.724e-05	-2.224e-09	-5.034e-05	+1.022e-11
166.00	+1.859e+00	+3.422e+00	+3.360e-03	+3.237e-03	+1.068e-05	+5.975e-03	+2.525e-08
167.00	+1.751e+00	+3.034e+00	+1.849e-04	+1.117e-04	+1.590e-08	+1.662e-04	-2.286e-09
168.00	+1.789e+00	+3.168e+00	+2.491e-04	+7.176e-05	+7.619e-09	+4.985e-05	+5.830e-09
169.00	+1.820e+00	+3.276e+00	+4.931e-05	+5.257e-06	-7.447e-11	-8.205e-06	-4.022e-11
170.00	+1.811e+00	+3.245e+00	+2.305e-04	+2.869e-05	-1.385e-09	-3.930e-05	-1.878e-09
171.00	+1.802e+00	+3.216e+00	+3.029e-05	+3.182e-06	-3.026e-11	-5.396e-06	-7.769e-12
172.00	+1.798e+00	+3.200e+00	+3.077e-04	+3.536e-05	-2.955e-09	-5.559e-05	-2.207e-09
173.00	+1.816e+00	+3.263e+00	+2.994e-03	+2.871e-03	+8.415e-06	+5.178e-03	+1.456e-08
174.00	+1.789e+00	+3.164e+00	+4.333e-04	+5.055e-05	-6.194e-09	-8.291e-05	-4.196e-09
175.00	+1.817e+00	+3.266e+00	+5.473e-05	+1.693e-05	+4.464e-10	+1.479e-05	+2.573e-10
176.00	+1.823e+00	+3.290e+00	+5.466e-04	+5.894e-04	+3.339e-07	+9.822e-04	+2.051e-08
177.00	+1.833e+00	+3.323e+00	+4.236e-03	+1.223e-03	+2.229e-06	+8.604e-04	-1.668e-06
178.00	+1.823e+00	+3.289e+00	+2.454e-03	+6.752e-04	+6.579e-07	+4.166e-04	-5.679e-07
179.00	+1.823e+00	+3.289e+00	+2.454e-03	+6.752e-04	+6.579e-07	+4.166e-04	-5.679e-07
180.00	+3.593e+00	+1.289e+01	+4.702e-33	+6.187e-33	-2.042e-65	+1.402e-32	-2.640e-65
181.00	+1.836e+00	+3.342e+00	+1.304e-03	+4.620e-04	+3.192e-07	+4.591e-04	+1.636e-07
182.00	+1.836e+00	+3.342e+00	+1.304e-03	+4.620e-04	+3.192e-07	+4.591e-04	+1.636e-07
183.00	+1.829e+00	+3.316e+00	+3.818e-03	+1.418e-03	+2.998e-06	+1.467e-03	+1.380e-06
184.00	+1.876e+00	+3.485e+00	+1.469e-03	+1.604e-03	+2.462e-06	+2.948e-03	+2.867e-08
185.00	+1.859e+00	+3.423e+00	+3.052e-04	+2.520e-04	+6.987e-08	+4.642e-04	-8.016e-10
186.00	+1.827e+00	+3.306e+00	+9.460e-04	+1.184e-04	-2.164e-08	-1.499e-04	+3.319e-08
187.00	+1.893e+00	+3.546e+00	+9.357e-03	+7.852e-03	+6.728e-05	+1.422e-02	-1.701e-06
188.00	+1.851e+00	+3.391e+00	+7.251e-05	+1.024e-05	-6.727e-11	-9.757e-06	+2.706e-10
189.00	+1.862e+00	+3.432e+00	+1.269e-04	+1.931e-05	-3.432e-11	-1.467e-05	+9.551e-10
190.00	+1.788e+00	+3.163e+00	+3.057e-03	+2.784e-03	+8.121e-06	+4.913e-03	-5.747e-08
191.00	+1.769e+00	+3.100e+00	+9.847e-03	+9.801e-03	+9.629e-05	+1.724e-02	+7.795e-08
192.00	+1.782e+00	+3.140e+00	+1.548e-04	+1.309e-04	+1.862e-08	+2.246e-04	-4.391e-10
193.00	+1.822e+00	+3.286e+00	+2.099e-04	+1.560e-04	+2.820e-08	+2.631e-04	-1.514e-09
194.00	+1.880e+00	+3.501e+00	+9.371e-05	+3.285e-05	+1.625e-09	+3.290e-05	+8.254e-10
195.00	+1.819e+00	+3.275e+00	+6.755e-04	+7.202e-04	+5.023e-07	+1.300e-03	+2.637e-09
196.00	+1.805e+00	+3.224e+00	+2.668e-03	+2.551e-03	+6.656e-06	+4.549e-03	+2.761e-08
197.00	+1.809e+00	+3.239e+00	+5.451e-04	+3.189e-04	+1.315e-07	+5.024e-04	+1.943e-08
198.00	+1.920e+00	+3.655e+00	+6.381e-04	+5.660e-04	+3.402e-07	+1.076e-03	+2.911e-09
199.00	+1.836e+00	+3.335e+00	+1.189e-04	+1.358e-05	-4.815e-10	-2.359e-05	-2.572e-10
200.00	+1.806e+00	+3.227e+00	+2.455e-03	+2.061e-03	+4.635e-06	+3.549e-03	+1.100e-07
201.00	+1.853e+00	+3.398e+00	+2.342e-02	+2.297e-02	+5.329e-04	+4.235e-02	+1.060e-07
202.00	+1.842e+00	+3.358e+00	+8.771e-05	+3.755e-05	+2.049e-09	+4.927e-05	+6.673e-10
203.00	+1.899e+00	+3.570e+00	+4.151e-03	+4.108e-03	+1.696e-05	+7.761e-03	+7.095e-09
204.00	+1.826e+00	+3.299e+00	+2.655e-03	+2.535e-03	+6.576e-06	+4.602e-03	+7.771e-09
205.00	+1.746e+00	+3.015e+00	+0.000e+00	+0.000e+00	+0.000e+00	+0.000e+00	+0.000e+00
206.00	+1.949e+00	+3.762e+00	+1.719e-02	+1.577e-02	+2.595e-04	+3.027e-02	+2.181e-06
207.00	+1.826e+00	+3.302e+00	+2.553e-02	+2.458e-02	+6.159e-04	+4.437e-02	-9.440e-07
208.00	+1.784e+00	+3.150e+00	+1.045e-02	+1.037e-02	+1.079e-04	+1.840e-02	-3.844e-08
209.00	+1.816e+00	+3.265e+00	+7.470e-04	+6.167e-04	+4.185e-07	+1.030e-03	-1.016e-08
210.00	+1.816e+00	+3.265e+00	+6.801e-04	+6.113e-04	+3.941e-07	+1.076e-03	-4.929e-09
211.00	+1.727e+00	+2.949e+00	+1.866e-03	+1.892e-03	+3.556e-06	+3.249e-03	-1.073e-09
212.00	+1.859e+00	+3.423e+00	+2.698e-03	+2.631e-03	+7.011e-06	+4.867e-03	+1.146e-08
213.00	+1.847e+00	+3.378e+00	+1.625e-03	+1.399e-03	+2.110e-06	+2.531e-03	+3.814e-08
214.00	+1.812e+00	+3.248e+00	+2.847e-06	+1.093e-06	+1.844e-12	+8.040e-07	-5.642e-13
215.00	+1.781e+00	+3.139e+00	+1.847e-05	+5.200e-06	+4.040e-11	+3.263e-06	-3.107e-11
216.00	+1.797e+00	+3.194e+00	+4.407e-05	+1.755e-05	+4.548e-10	+1.905e-05	+1.778e-10
217.00	+1.888e+00	+3.530e+00	+5.143e-03	+4.960e-03	+2.505e-05	+9.270e-03	+7.583e-08
218.00	+1.812e+00	+3.250e+00	+5.813e-04	+4.031e-04	+1.944e-07	+6.505e-04	-1.660e-08
219.00	+1.839e+00	+3.348e+00	+2.227e-03	+2.152e-03	+4.711e-06	+3.907e-03	-1.026e-08
220.00	+1.738e+00	+2.988e+00	+1.907e-03	+1.914e-03	+3.655e-06	+3.295e-03	-8.323e-10
221.00	+1.784e+00	+3.150e+00	+3.142e-05	+1.259e-05	+2.339e-10	+1.521e-05	-8.969e-11
222.00	+1.881e+00	+3.504e+00	+4.117e-03	+4.028e-03	+1.641e-05	+7.523e-03	-1.500e-08
223.00	+1.741e+00	+3.000e+00	+2.441e-02	+2.346e-02	+5.615e-04	+3.999e-02	-1.023e-06
224.00	+1.707e+00	+2.885e+00	+6.661e-06	+3.057e-06	+1.379e-11	+5.185e-06	+3.218e-13
225.00	+1.682e+00	+2.795e+00	+4.729e-03	+1.171e-03	+1.883e-06	+4.126e-04	+2.013e-06
226.00	+1.882e+00	+3.509e+00	+1.836e-04	+2.475e-04	+5.272e-08	+4.609e-04	+2.461e-09
227.00	+1.884e+00	+3.516e+00	+8.167e-02	+7.968e-02	+6.428e-03	+1.494e-01	+4.148e-06
228.00	+1.752e+00	+3.034e+00	+1.553e-05	+1.820e-06	-5.014e-12	-1.843e-06	-8.276e-12
229.00	+1.774e+00	+3.114e+00	+2.606e-03	+2.620e-03	+6.847e-06	+4.624e-03	-4.074e-09
230.00	+1.827e+00	+3.304e+00	+2.441e-04	+2.019e-04	+4.482e-08	+3.655e-04	-5.453e-10
231.00	+1.786e+00	+3.156e+00	+3.297e-02	+3.226e-02	+1.052e-03	+5.729e-02	+2.336e-07
232.00	+1.750e+00	+3.031e+00	+1.094e-04	+4.733e-05	+3.241e-09	+5.710e-05	+1.046e-09
233.00	+1.924e+00	+3.665e+00	+5.506e-04	+5.402e-04	+2.946e-07	+1.026e-03	-7.583e-10
234.00	+1.844e+00	+3.368e+00	+2.965e-03	+2.971e-03	+8.819e-06	+5.432e-03	+4.383e-09
235.00	+1.868e+00	+3.454e+00	+4.242e-05	+1.180e-05	+2.050e-10	+9.343e-06	-1.665e-10
236.00	+1.916e+00	+3.637e+00	+1.019e-03	+7.981e-04	+7.194e-07	+1.501e-03	-2.015e-08
237.00	+1.900e+00	+3.574e+00	+3.782e-03	+3.838e-03	+1.462e-05	+7.254e-03	-2.908e-09
238.00	+1.833e+00	+3.326e+00	+5.731e-04	+5.769e-04	+3.317e-07	+1.048e-03	-9.248e-11
239.00	+1.729e+00	+2.957e+00	+1.310e-02	+1.234e-02	+1.568e-04	+2.101e-02	-7.434e-07
240.00	+1.805e+00	+3.223e+00	+3.573e-03	+3.347e-03	+1.157e-05	+5.967e-03	+7.191e-08
241.00	+1.804e+00	+3.219e+00	+5.250e-05	+4.396e-05	+2.112e-09	+7.844e-05	-1.785e-11
242.00	+1.749e+00	+3.025e+00	+5.800e-06	+6.611e-06	+4.084e-11	+1.116e-05	-2.761e-12
243.00	+1.927e+00	+3.680e+00	+1.425e-02	+1.382e-02	+1.938e-04	+2.646e-02	+1.712e-07
244.00	+1.841e+00	+3.358e+00	+7.468e-03	+7.256e-03	+5.341e-05	+1.326e-02	+3.711e-08
245.00	+1.812e+00	+3.252e+00	+1.202e-03	+1.042e-03	+1.166e-06	+1.797e-03	-2.111e-08
246.00	+1.785e+00	+3.154e+00	+2.713e-03	+2.715e-03	+7.368e-06	+4.821e-03	-3.916e-09
247.00	+1.779e+00	+3.130e+00	+1.921e-03	+1.846e-03	+3.475e-06	+3.255e-03	+7.756e-09
248.00	+1.732e+00	+2.969e+00	+1.935e-03	+1.794e-03	+3.343e-06	+3.031e-03	-2.948e-08
249.00	+1.789e+00	+3.167e+00	+2.234e-03	+2.144e-03	+4.691e-06	+3.814e-03	-1.313e-09
250.00	+1.789e+00	+3.166e+00	+7.293e-05	+2.124e-05	+6.758e-10	+1.710e-05	+4.924e-10
251.00	+1.881e+00	+3.505e+00	+2.716e-02	+2.616e-02	+6.974e-04	+4.880e-02	+1.332e-06
252.00	+1.822e+00	+3.283e+00	+1.023e-03	+7.097e-04	+6.026e-07	+1.145e-03	-4.967e-08
253.00	+1.786e+00	+3.155e+00	+3.221e-03	+3.154e-03	+1.005e-05	+5.551e-03	-1.292e-08
254.00	+1.809e+00	+3.238e+00	+4.231e-03	+4.111e-03	+1.715e-05	+7.391e-03	-3.921e-08
255.00	+1.857e+00	+3.414e+00	+2.447e-04	+2.724e-05	-2.224e-09	-5.034e-05	+1.022e-11
256.00	+1.859e+00	+3.422e+00	+3.360e-03	+3.237e-03	+1.068e-05	+5.975e-03	+2.525e-08
257.00	+1.751e+00	+3.034e+00	+1.849e-04	+1.117e-04	+1.590e-08	+1.662e-04	-2.286e-09
258.00	+1.789e+00	+3.168e+00	+2.491e-04	+7.176e-05	+7.619e-09	+4.985e-05	+5.830e-09
259.00	+1.820e+00	+3.276e+00	+4.931e-05	+5.257e-06	-7.447e-11	-8.205e-06	-4.022e-11
260.00	+1.811e+00	+3.245e+00	+2.305e-04	+2.869e-05	-1.385e-09	-3.930e-05	-1.878e-09
261.00	+1.802e+00	+3.216e+00	+3.029e-05	+3.182e-06	-3.026e-11	-5.396e-06	-7.769e-12
262.00	+1.798e+00	+3.200e+00	+3.077e-04	+3.536e-05	-2.955e-09	-5.559e-05	-2.207e-09
263.00	+1.816e+00	+3.263e+00	+2.994e-03	+2.871e-03	+8.415e-06	+5.178e-03	+1.456e-08
264.00	+1.789e+00	+3.164e+00	+4.333e-04	+5.055e-05	-6.194e-09	-8.291e-05	-4.196e-09
265.00	+1.817e+00	+3.266e+00	+5.473e-05	+1.693e-05	+4.464e-10	+1.479e-05	+2.573e-10
266.00	+1.823e+00	+3.290e+00	+5.466e-04	+5.894e-04	+3.339e-07	+9.822e-04	+2.051e-08
267.00	+1.833e+00	+3.323e+00	+4.236e-03	+1.223e-03	+2.229e-06	+8.604e-04	-1.668e-06
268.00	+1.823e+00	+3.289e+00	+2.454e-03	+6.752e-04	+6.579e-07	+4.166e-04	-5.679e-07
269.00	+1.823e+00	+3.289e+00	+2.454e-03	+6.752e-04	+6.579e-07	+4.166e-04	-5.679e-07
270.00	+3.593e+00	+1.289e+01	+2.119e-32	+3.605e-33	+6.037e-66	-1.485e-33	+3.092e-65
271.00	+1.836e+00	+3.342e+00	+1.304e-03	+4.620e-04	+3.192e-07	+4.591e-04	+1.636e-07
272.00	+1.836e+00	+3.342e+00	+1.304e-03	+4.620e-04	+3.192e-07	+4.591e-04	+1.636e-07
273.00	+1.829e+00	+3.316e+00	+3.818e-03	+1.418e-03	+2.998e-06	+1.467e-03	+1.380e-06
274.00	+1.876e+00	+3.485e+00	+1.469e-03	+1.604e-03	+2.462e-06	+2.948e-03	+2.867e-08
275.00	+1.819e+00	+3.275e+00	+2.520e-05	+2.630e-06	-2.031e-11	-4.300e-06	+6.800e-12
276.00	+1.827e+00	+3.306e+00	+9.460e-04	+1.184e-04	-2.164e-08	-1.499e-04	+3.319e-08
277.00	+1.893e+00	+3.546e+00	+9.357e-03	+7.852e-03	+6.728e-05	+1.422e-02	-1.701e-06
278.00	+1.851e+00	+3.391e+00	+7.251e-05	+1.024e-05	-6.727e-11	-9.757e-06	+2.706e-10
279.00	+1.862e+00	+3.432e+00	+1.269e-04	+1.931e-05	-3.432e-11	-1.467e-05	+9.551e-10
280.00	+1.788e+00	+3.163e+00	+3.057e-03	+2.784e-03	+8.121e-06	+4.913e-03	-5.747e-08
281.00	+1.769e+00	+3.100e+00	+9.847e-03	+9.801e-03	+9.629e-05	+1.724e-02	+7.795e-08
282.00	+1.782e+00	+3.140e+00	+1.548e-04	+1.309e-04	+1.862e-08	+2.246e-04	-4.391e-10
283.00	+1.822e+00	+3.286e+00	+2.099e-04	+1.560e-04	+2.820e-08	+2.631e-04	-1.514e-09
284.00	+1.880e+00	+3.501e+00	+9.371e-05	+3.285e-05	+1.625e-09	+3.290e-05	+8.254e-10
285.00	+1.819e+00	+3.275e+00	+6.755e-04	+7.202e-04	+5.023e-07	+1.300e-03	+2.637e-09
286.00	+1.805e+00	+3.224e+00	+2.668e-03	+2.551e-03	+6.656e-06	+4.549e-03	+2.761e-08
287.00	+1.809e+00	+3.239e+00	+5.451e-04	+3.189e-04	+1.315e-07	+5.024e-04	+1.943e-08
288.00	+1.920e+00	+3.655e+00	+6.381e-04	+5.660e-04	+3.402e-07	+1.076e-03	+2.911e-09
289.00	+1.836e+00	+3.335e+00	+1.189e-04	+1.358e-05	-4.815e-10	-2.359e-05	-2.572e-10
290.00	+1.806e+00	+3.227e+00	+2.455e-03	+2.061e-03	+4.635e-06	+3.549e-03	+1.100e-07
291.00	+1.853e+00	+3.398e+00	+2.342e-02	+2.297e-02	+5.329e-04	+4.235e-02	+1.060e-07
292.00	+1.842e+00	+3.358e+00	+8.771e-05	+3.755e-05	+2.049e-09	+4.927e-05	+6.673e-10
293.00	+1.899e+00	+3.570e+00	+4.151e-03	+4.108e-03	+1.696e-05	+7.761e-03	+7.095e-09
294.00	+1.826e+00	+3.299e+00	+2.655e-03	+2.535e-03	+6.576e-06	+4.602e-03	+7.771e-09
295.00	+1.746e+00	+3.015e+00	+0.000e+00	+0.000e+00	+0.000e+00	+0.000e+00	+0.000e+00
296.00	+1.949e+00	+3.762e+00	+1.719e-02	+1.577e-02	+2.595e-04	+3.027e-02	+2.181e-06
297.00	+1.826e+00	+3.302e+00	+2.553e-02	+2.458e-02	+6.159e-04	+4.437e-02	-9.440e-07
298.00	+1.774e+00	+3.116e+00	+2.608e-03	+2.593e-03	+6.743e-06	+4.577e-03	-3.050e-09
299.00	+1.816e+00	+3.265e+00	+7.470e-04	+6.167e-04	+4.185e-07	+1.030e-03	-1.016e-08
300.00	+1.816e+00	+3.265e+00	+6.801e-04	+6.113e-04	+3.941e-07	+1.076e-03	-4.929e-09
301.00	+1.727e+00	+2.949e+00	+1.866e-03	+1.892e-03	+3.556e-06	+3.249e-03	-1.073e-09
302.00	+1.859e+00	+3.423e+00	+2.698e-03	+2.631e-03	+7.011e-06	+4.867e-03	+1.146e-08
303.00	+1.847e+00	+3.378e+00	+1.625e-03	+1.399e-03	+2.110e-06	+2.531e-03	+3.814e-08
304.00	+1.812e+00	+3.248e+00	+2.847e-06	+1.093e-06	+1.844e-12	+8.040e-07	-5.642e-13
305.00	+1.781e+00	+3.139e+00	+1.847e-05	+5.200e-06	+4.040e-11	+3.263e-06	-3.107e-11
306.00	+1.797e+00	+3.194e+00	+4.407e-05	+1.755e-05	+4.548e-10	+1.905e-05	+1.778e-10
307.00	+1.888e+00	+3.530e+00	+5.143e-03	+4.960e-03	+2.505e-05	+9.270e-03	+7.583e-08
308.00	+1.812e+00	+3.250e+00	+5.813e-04	+4.031e-04	+1.944e-07	+6.505e-04	-1.660e-08
309.00	+1.839e+00	+3.348e+00	+2.227e-03	+2.152e-03	+4.711e-06	+3.907e-03	-1.026e-08
310.00	+1.738e+00	+2.988e+00	+1.907e-03	+1.914e-03	+3.655e-06	+3.295e-03	-8.323e-10
311.00	+1.784e+00	+3.150e+00	+3.142e-05	+1.259e-05	+2.339e-10	+1.521e-05	-8.969e-11
312.00	+1.881e+00	+3.504e+00	+4.117e-03	+4.028e-03	+1.641e-05	+7.523e-03	-1.500e-08
313.00	+1.741e+00	+3.000e+00	+2.441e-02	+2.346e-02	+5.615e-04	+3.999e-02	-1.023e-06
314.00	+1.707e+00	+2.885e+00	+6.661e-06	+3.057e-06	+1.379e-11	+5.185e-06	+3.218e-13
315.00	+1.682e+00	+2.795e+00	+4.729e-03	+1.171e-03	+1.883e-06	+4.126e-04	+2.013e-06
316.00	+1.882e+00	+3.509e+00	+1.836e-04	+2.475e-04	+5.272e-08	+4.609e-04	+2.461e-09
317.00	+1.884e+00	+3.516e+00	+8.167e-02	+7.968e-02	+6.428e-03	+1.494e-01	+4.148e-06
318.00	+1.752e+00	+3.034e+00	+1.553e-05	+1.820e-06	-5.014e-12	-1.843e-06	-8.276e-12
319.00	+1.774e+00	+3.114e+00	+2.606e-03	+2.620e-03	+6.847e-06	+4.624e-03	-4.074e-09
320.00	+1.827e+00	+3.304e+00	+2.441e-04	+2.019e-04	+4.482e-08	+3.655e-04	-5.453e-10
321.00	+1.786e+00	+3.156e+00	+3.297e-02	+3.226e-02	+1.052e-03	+5.729e-02	+2.336e-07
322.00	+1.750e+00	+3.031e+00	+1.094e-04	+4.733e-05	+3.241e-09	+5.710e-05	+1.046e-09
323.00	+1.924e+00	+3.665e+00	+5.506e-04	+5.402e-04	+2.946e-07	+1.026e-03	-7.583e-10
324.00	+1.844e+00	+3.368e+00	+2.965e-03	+2.971e-03	+8.819e-06	+5.432e-03	+4.383e-09
325.00	+1.868e+00	+3.454e+00	+4.242e-05	+1.180e-05	+2.050e-10	+9.343e-06	-1.665e-10
326.00	+1.916e+00	+3.637e+00	+1.019e-03	+7.981e-04	+7.194e-07	+1.501e-03	-2.015e-08
327.00	+1.900e+00	+3.574e+00	+3.782e-03	+3.838e-03	+1.462e-05	+7.254e-03	-2.908e-09
328.00	+1.833e+00	+3.326e+00	+5.731e-04	+5.769e-04	+3.317e-07	+1.048e-03	-9.248e-11
329.00	+1.729e+00	+2.957e+00	+1.310e-02	+1.234e-02	+1.568e-04	+2.101e-02	-7.434e-07
330.00	+1.805e+00	+3.223e+00	+3.573e-03	+3.347e-03	+1.157e-05	+5.967e-03	+7.191e-08
331.00	+1.804e+00	+3.219e+00	+5.250e-05	+4.396e-05	+2.112e-09	+7.844e-05	-1.785e-11
332.00	+1.749e+00	+3.025e+00	+5.800e-06	+6.611e-06	+4.084e-11	+1.116e-05	-2.761e-12
333.00	+1.927e+00	+3.680e+00	+1.425e-02	+1.382e-02	+1.938e-04	+2.646e-02	+1.712e-07
334.00	+1.841e+00	+3.358e+00	+7.468e-03	+7.256e-03	+5.341e-05	+1.326e-02	+3.711e-08
335.00	+1.812e+00	+3.252e+00	+1.202e-03	+1.042e-03	+1.166e-06	+1.797e-03	-2.111e-08
336.00	+1.785e+00	+3.154e+00	+2.713e-03	+2.715e-03	+7.368e-06	+4.821e-03	-3.916e-09
337.00	+1.779e+00	+3.130e+00	+1.921e-03	+1.846e-03	+3.475e-06	+3.255e-03	+7.756e-09
338.00	+1.732e+00	+2.969e+00	+1.935e-03	+1.794e-03	+3.343e-06	+3.031e-03	-2.948e-08
339.00	+1.789e+00	+3.167e+00	+2.234e-03	+2.144e-03	+4.691e-06	+3.814e-03	-1.313e-09
340.00	+1.789e+00	+3.166e+00	+7.293e-05	+2.124e-05	+6.758e-10	+1.710e-05	+4.924e-10
341.00	+1.881e+00	+3.505e+00	+2.716e-02	+2.616e-02	+6.974e-04	+4.880e-02	+1.332e-06
342.00	+1.822e+00	+3.283e+00	+1.023e-03	+7.097e-04	+6.026e-07	+1.145e-03	-4.967e-08
343.00	+1.786e+00	+3.155e+00	+3.221e-03	+3.154e-03	+1.005e-05	+5.551e-03	-1.292e-08
344.00	+1.809e+00	+3.238e+00	+4.231e-03	+4.111e-03	+1.715e-05	+7.391e-03	-3.921e-08
345.00	+1.857e+00	+3.414e+00	+2.447e-04	+2.724e-05	-2.224e-09	-5.034e-05	+1.022e-11
346.00	+1.859e+00	+3.422e+00	+3.360e-03	+3.237e-03	+1.068e-05	+5.975e-03	+2.525e-08
347.00	+1.751e+00	+3.034e+00	+1.849e-04	+1.117e-04	+1.590e-08	+1.662e-04	-2.286e-09
348.00	+1.789e+00	+3.168e+00	+2.491e-04	+7.176e-05	+7.619e-09	+4.985e-05	+5.830e-09
349.00	+1.820e+00	+3.276e+00	+4.931e-05	+5.257e-06	-7.447e-11	-8.205e-06	-4.022e-11
350.00	+1.811e+00	+3.245e+00	+2.305e-04	+2.869e-05	-1.385e-09	-3.930e-05	-1.878e-09
351.00	+1.802e+00	+3.216e+00	+3.029e-05	+3.182e-06	-3.026e-11	-5.396e-06	-7.769e-12
352.00	+1.798e+00	+3.200e+00	+3.077e-04	+3.536e-05	-2.955e-09	-5.559e-05	-2.207e-09
353.00	+1.816e+00	+3.263e+00	+2.994e-03	+2.871e-03	+8.415e-06	+5.178e-03	+1.456e-08
354.00	+1.789e+00	+3.164e+00	+4.333e-04	+5.055e-05	-6.194e-09	-8.291e-05	-4.196e-09
355.00	+1.778e+00	+3.126e+00	+5.922e-04	+5.856e-04	+3.448e-07	+1.035e-03	-3.322e-09
356.00	+1.823e+00	+3.290e+00	+5.466e-04	+5.894e-04	+3.339e-07	+9.822e-04	+2.051e-08
357.00	+1.833e+00	+3.323e+00	+4.236e-03	+1.223e-03	+2.229e-06	+8.604e-04	-1.668e-06
358.00	+1.823e+00	+3.289e+00	+2.454e-03	+6.752e-04	+6.579e-07	+4.166e-04	-5.679e-07
359.00	+1.823e+00	+3.289e+00	+2.454e-03	+6.752e-04	+6.579e-07	+4.166e-04	-5.679e-07
