0.00	+2.301e-01	+2.478e-02	+3.206e-04	+5.004e-05	+5.316e-09	+3.236e-06	+3.452e-09
1.00	+2.281e-01	+2.431e-02	+3.116e-04	+4.867e-05	+5.055e-09	+3.323e-06	+3.221e-09
2.00	+2.284e-01	+2.424e-02	+3.236e-04	+5.246e-05	+5.812e-09	+3.654e-06	+3.598e-09
3.00	+2.281e-01	+2.404e-02	+3.099e-04	+5.081e-05	+5.478e-09	+3.582e-06	+3.261e-09
4.00	+2.286e-01	+2.423e-02	+2.855e-04	+4.301e-05	+3.986e-09	+2.699e-06	+2.612e-09
5.00	+2.287e-01	+2.424e-02	+3.086e-04	+4.542e-05	+4.393e-09	+2.697e-06	+3.102e-09
6.00	+2.289e-01	+2.430e-02	+3.033e-04	+4.519e-05	+4.323e-09	+2.724e-06	+3.049e-09
7.00	+2.290e-01	+2.431e-02	+3.146e-04	+4.766e-05	+4.845e-09	+2.983e-06	+3.253e-09
8.00	+2.289e-01	+2.425e-02	+3.192e-04	+4.928e-05	+5.181e-09	+3.183e-06	+3.370e-09
9.00	+2.291e-01	+2.435e-02	+3.241e-04	+5.185e-05	+5.765e-09	+3.590e-06	+3.456e-09
10.00	+2.295e-01	+2.452e-02	+3.194e-04	+4.996e-05	+5.331e-09	+3.279e-06	+3.377e-09
11.00	+2.290e-01	+2.430e-02	+3.178e-04	+5.057e-05	+5.507e-09	+3.498e-06	+3.281e-09
12.00	+2.290e-01	+2.431e-02	+3.114e-04	+4.646e-05	+4.597e-09	+2.807e-06	+3.177e-09
13.00	+2.293e-01	+2.437e-02	+3.168e-04	+5.050e-05	+5.442e-09	+3.447e-06	+3.342e-09
14.00	+2.297e-01	+2.458e-02	+3.282e-04	+5.248e-05	+5.875e-09	+3.619e-06	+3.597e-09
15.00	+2.299e-01	+2.469e-02	+3.056e-04	+4.919e-05	+5.171e-09	+3.409e-06	+3.102e-09
16.00	+2.296e-01	+2.465e-02	+3.060e-04	+4.647e-05	+4.563e-09	+2.905e-06	+3.144e-09
17.00	+2.294e-01	+2.451e-02	+3.174e-04	+5.522e-05	+6.486e-09	+4.333e-06	+3.373e-09
18.00	+2.293e-01	+2.448e-02	+3.088e-04	+4.965e-05	+5.275e-09	+3.449e-06	+3.159e-09
19.00	+2.288e-01	+2.416e-02	+3.201e-04	+5.159e-05	+5.712e-09	+3.562e-06	+3.366e-09
20.00	+2.284e-01	+2.408e-02	+3.063e-04	+4.367e-05	+4.034e-09	+2.388e-06	+3.039e-09
21.00	+2.291e-01	+2.432e-02	+3.207e-04	+4.963e-05	+5.223e-09	+3.174e-06	+3.453e-09
22.00	+2.285e-01	+2.409e-02	+3.139e-04	+5.065e-05	+5.548e-09	+3.600e-06	+3.165e-09
23.00	+2.293e-01	+2.449e-02	+3.080e-04	+4.741e-05	+4.814e-09	+3.073e-06	+3.106e-09
24.00	+2.292e-01	+2.438e-02	+3.297e-04	+5.607e-05	+6.718e-09	+4.242e-06	+3.607e-09
25.00	+2.283e-01	+2.405e-02	+3.170e-04	+5.121e-05	+5.569e-09	+3.515e-06	+3.400e-09
26.00	+2.290e-01	+2.429e-02	+2.953e-04	+4.584e-05	+4.503e-09	+3.035e-06	+2.857e-09
27.00	+2.298e-01	+2.463e-02	+3.076e-04	+4.904e-05	+5.142e-09	+3.359e-06	+3.135e-09
28.00	+2.297e-01	+2.460e-02	+3.155e-04	+4.778e-05	+4.850e-09	+2.949e-06	+3.299e-09
29.00	+2.297e-01	+2.460e-02	+3.388e-04	+5.042e-05	+5.426e-09	+3.074e-06	+3.741e-09
30.00	+2.308e-01	+2.506e-02	+3.312e-04	+5.276e-05	+5.863e-09	+3.600e-06	+3.779e-09
31.00	+2.279e-01	+2.388e-02	+2.949e-04	+4.004e-05	+3.398e-09	+1.960e-06	+2.718e-09
32.00	+2.287e-01	+2.424e-02	+2.990e-04	+4.581e-05	+4.506e-09	+2.993e-06	+2.907e-09
33.00	+2.295e-01	+2.451e-02	+3.235e-04	+5.340e-05	+6.064e-09	+3.833e-06	+3.536e-09
34.00	+2.290e-01	+2.431e-02	+3.167e-04	+4.903e-05	+5.118e-09	+3.145e-06	+3.334e-09
35.00	+2.290e-01	+2.429e-02	+3.083e-04	+4.538e-05	+4.351e-09	+2.600e-06	+3.145e-09
36.00	+2.284e-01	+2.398e-02	+3.081e-04	+4.328e-05	+3.991e-09	+2.266e-06	+3.009e-09
37.00	+2.288e-01	+2.442e-02	+2.742e-04	+3.994e-05	+3.320e-09	+2.268e-06	+2.539e-09
38.00	+2.292e-01	+2.445e-02	+3.083e-04	+4.902e-05	+5.156e-09	+3.382e-06	+3.121e-09
39.00	+2.296e-01	+2.461e-02	+3.193e-04	+4.640e-05	+4.523e-09	+2.559e-06	+3.382e-09
40.00	+2.297e-01	+2.451e-02	+3.417e-04	+5.571e-05	+6.577e-09	+3.890e-06	+3.980e-09
41.00	+2.298e-01	+2.464e-02	+3.125e-04	+5.149e-05	+5.624e-09	+3.681e-06	+3.321e-09
42.00	+2.294e-01	+2.451e-02	+3.154e-04	+4.965e-05	+5.244e-09	+3.254e-06	+3.331e-09
43.00	+2.292e-01	+2.438e-02	+3.024e-04	+4.381e-05	+4.087e-09	+2.490e-06	+2.954e-09
44.00	+2.296e-01	+2.449e-02	+3.304e-04	+4.917e-05	+5.092e-09	+2.883e-06	+3.653e-09
45.00	+2.293e-01	+2.447e-02	+2.957e-04	+4.245e-05	+3.815e-09	+2.389e-06	+2.840e-09
46.00	+2.280e-01	+2.393e-02	+3.003e-04	+4.404e-05	+4.205e-09	+2.648e-06	+2.825e-09
47.00	+2.285e-01	+2.408e-02	+3.163e-04	+4.835e-05	+5.049e-09	+3.134e-06	+3.202e-09
48.00	+2.285e-01	+2.403e-02	+3.161e-04	+5.144e-05	+5.652e-09	+3.625e-06	+3.327e-09
49.00	+2.292e-01	+2.447e-02	+2.964e-04	+4.625e-05	+4.559e-09	+3.048e-06	+2.922e-09
50.00	+2.283e-01	+2.404e-02	+3.033e-04	+4.850e-05	+5.037e-09	+3.293e-06	+3.039e-09
51.00	+2.297e-01	+2.462e-02	+3.209e-04	+4.974e-05	+5.239e-09	+3.216e-06	+3.469e-09
52.00	+2.295e-01	+2.456e-02	+3.071e-04	+4.714e-05	+4.683e-09	+2.895e-06	+3.200e-09
53.00	+2.297e-01	+2.471e-02	+3.087e-04	+5.790e-05	+7.008e-09	+4.874e-06	+3.291e-09
54.00	+2.294e-01	+2.454e-02	+2.877e-04	+4.613e-05	+4.550e-09	+3.153e-06	+2.746e-09
55.00	+2.288e-01	+2.426e-02	+3.139e-04	+4.766e-05	+4.887e-09	+3.043e-06	+3.176e-09
56.00	+2.288e-01	+2.422e-02	+3.165e-04	+4.793e-05	+4.878e-09	+2.981e-06	+3.324e-09
57.00	+2.287e-01	+2.421e-02	+3.013e-04	+4.282e-05	+3.837e-09	+2.288e-06	+2.990e-09
58.00	+2.290e-01	+2.428e-02	+3.192e-04	+4.883e-05	+5.104e-09	+3.108e-06	+3.334e-09
59.00	+2.297e-01	+2.459e-02	+3.134e-04	+4.967e-05	+5.303e-09	+3.342e-06	+3.209e-09
60.00	+2.284e-01	+2.409e-02	+2.988e-04	+4.745e-05	+4.845e-09	+3.252e-06	+2.905e-09
61.00	+2.294e-01	+2.444e-02	+3.195e-04	+5.083e-05	+5.485e-09	+3.402e-06	+3.446e-09
62.00	+2.286e-01	+2.415e-02	+3.285e-04	+5.254e-05	+5.894e-09	+3.615e-06	+3.594e-09
63.00	+2.290e-01	+2.430e-02	+3.037e-04	+4.695e-05	+4.743e-09	+3.086e-06	+2.989e-09
64.00	+2.290e-01	+2.428e-02	+3.153e-04	+5.169e-05	+5.719e-09	+3.731e-06	+3.294e-09
65.00	+2.303e-01	+2.486e-02	+3.335e-04	+5.071e-05	+5.433e-09	+3.122e-06	+3.738e-09
66.00	+2.286e-01	+2.413e-02	+3.134e-04	+4.668e-05	+4.645e-09	+2.836e-06	+3.211e-09
67.00	+2.291e-01	+2.443e-02	+3.028e-04	+4.739e-05	+4.757e-09	+3.119e-06	+3.097e-09
68.00	+2.290e-01	+2.436e-02	+3.085e-04	+4.790e-05	+4.932e-09	+3.162e-06	+3.095e-09
69.00	+2.288e-01	+2.423e-02	+3.223e-04	+4.873e-05	+5.076e-09	+3.069e-06	+3.394e-09
70.00	+2.297e-01	+2.463e-02	+3.027e-04	+4.690e-05	+4.688e-09	+3.033e-06	+3.042e-09
71.00	+2.296e-01	+2.459e-02	+3.138e-04	+5.039e-05	+5.379e-09	+3.428e-06	+3.348e-09
72.00	+2.300e-01	+2.465e-02	+3.354e-04	+5.777e-05	+7.098e-09	+4.504e-06	+3.777e-09
73.00	+2.281e-01	+2.396e-02	+2.998e-04	+4.478e-05	+4.274e-09	+2.713e-06	+2.940e-09
74.00	+2.289e-01	+2.422e-02	+3.187e-04	+5.022e-05	+5.411e-09	+3.377e-06	+3.330e-09
75.00	+2.297e-01	+2.470e-02	+3.184e-04	+5.198e-05	+5.800e-09	+3.782e-06	+3.328e-09
76.00	+2.288e-01	+2.423e-02	+3.124e-04	+4.922e-05	+5.186e-09	+3.283e-06	+3.219e-09
77.00	+2.298e-01	+2.464e-02	+3.112e-04	+5.067e-05	+5.491e-09	+3.589e-06	+3.215e-09
78.00	+2.295e-01	+2.452e-02	+3.108e-04	+4.844e-05	+5.023e-09	+3.175e-06	+3.176e-09
79.00	+2.293e-01	+2.445e-02	+3.052e-04	+4.834e-05	+5.029e-09	+3.341e-06	+3.029e-09
80.00	+2.287e-01	+2.422e-02	+3.068e-04	+4.665e-05	+4.645e-09	+2.905e-06	+3.094e-09
81.00	+2.296e-01	+2.462e-02	+3.065e-04	+4.818e-05	+4.961e-09	+3.218e-06	+3.109e-09
82.00	+2.293e-01	+2.444e-02	+3.153e-04	+5.065e-05	+5.459e-09	+3.510e-06	+3.344e-09
83.00	+2.285e-01	+2.411e-02	+3.075e-04	+4.662e-05	+4.633e-09	+2.932e-06	+3.115e-09
84.00	+2.287e-01	+2.412e-02	+3.049e-04	+4.478e-05	+4.283e-09	+2.665e-06	+3.005e-09
85.00	+2.291e-01	+2.441e-02	+3.086e-04	+4.812e-05	+4.924e-09	+3.141e-06	+3.183e-09
86.00	+2.289e-01	+2.427e-02	+2.954e-04	+3.879e-05	+3.137e-09	+1.797e-06	+2.721e-09
87.00	+2.285e-01	+2.411e-02	+2.785e-04	+3.868e-05	+3.179e-09	+2.038e-06	+2.453e-09
88.00	+2.293e-01	+2.433e-02	+2.834e-04	+4.042e-05	+3.470e-09	+2.223e-06	+2.583e-09
89.00	+2.293e-01	+2.421e-02	+2.932e-04	+4.375e-05	+4.052e-09	+2.522e-06	+2.852e-09
90.00	+2.301e-01	+2.478e-02	+3.206e-04	+5.004e-05	+5.316e-09	+3.236e-06	+3.452e-09
91.00	+2.281e-01	+2.431e-02	+3.116e-04	+4.867e-05	+5.055e-09	+3.323e-06	+3.221e-09
92.00	+2.284e-01	+2.421e-02	+3.217e-04	+5.288e-05	+5.909e-09	+3.759e-06	+3.560e-09
93.00	+2.279e-01	+2.396e-02	+3.051e-04	+5.039e-05	+5.401e-09	+3.607e-06	+3.143e-09
94.00	+2.286e-01	+2.423e-02	+2.855e-04	+4.301e-05	+3.986e-09	+2.699e-06	+2.612e-09
95.00	+2.287e-01	+2.424e-02	+3.086e-04	+4.542e-05	+4.393e-09	+2.697e-06	+3.102e-09
96.00	+2.289e-01	+2.430e-02	+3.033e-04	+4.519e-05	+4.323e-09	+2.724e-06	+3.049e-09
97.00	+2.290e-01	+2.431e-02	+3.146e-04	+4.766e-05	+4.845e-09	+2.983e-06	+3.253e-09
98.00	+2.289e-01	+2.425e-02	+3.192e-04	+4.928e-05	+5.181e-09	+3.183e-06	+3.370e-09
99.00	+2.291e-01	+2.435e-02	+3.241e-04	+5.185e-05	+5.765e-09	+3.590e-06	+3.456e-09
100.00	+2.295e-01	+2.452e-02	+3.194e-04	+4.996e-05	+5.331e-09	+3.279e-06	+3.377e-09
101.00	+2.290e-01	+2.430e-02	+3.178e-04	+5.057e-05	+5.507e-09	+3.498e-06	+3.281e-09
102.00	+2.290e-01	+2.431e-02	+3.114e-04	+4.646e-05	+4.597e-09	+2.807e-06	+3.177e-09
103.00	+2.292e-01	+2.437e-02	+3.128e-04	+4.932e-05	+5.178e-09	+3.287e-06	+3.272e-09
104.00	+2.297e-01	+2.458e-02	+3.282e-04	+5.248e-05	+5.875e-09	+3.619e-06	+3.597e-09
105.00	+2.299e-01	+2.469e-02	+3.056e-04	+4.919e-05	+5.171e-09	+3.409e-06	+3.102e-09
106.00	+2.294e-01	+2.454e-02	+2.971e-04	+4.406e-05	+4.101e-09	+2.642e-06	+2.933e-09
107.00	+2.294e-01	+2.451e-02	+3.174e-04	+5.522e-05	+6.486e-09	+4.333e-06	+3.373e-09
108.00	+2.293e-01	+2.448e-02	+3.088e-04	+4.965e-05	+5.275e-09	+3.449e-06	+3.159e-09
109.00	+2.288e-01	+2.416e-02	+3.201e-04	+5.159e-05	+5.712e-09	+3.562e-06	+3.366e-09
110.00	+2.284e-01	+2.408e-02	+3.063e-04	+4.367e-05	+4.034e-09	+2.388e-06	+3.039e-09
111.00	+2.291e-01	+2.432e-02	+3.207e-04	+4.963e-05	+5.223e-09	+3.174e-06	+3.453e-09
112.00	+2.285e-01	+2.409e-02	+3.139e-04	+5.065e-05	+5.548e-09	+3.600e-06	+3.165e-09
113.00	+2.293e-01	+2.449e-02	+3.080e-04	+4.741e-05	+4.814e-09	+3.073e-06	+3.106e-09
114.00	+2.292e-01	+2.438e-02	+3.297e-04	+5.607e-05	+6.718e-09	+4.242e-06	+3.607e-09
115.00	+2.283e-01	+2.405e-02	+3.170e-04	+5.121e-05	+5.569e-09	+3.515e-06	+3.400e-09
116.00	+2.290e-01	+2.429e-02	+2.953e-04	+4.584e-05	+4.503e-09	+3.035e-06	+2.857e-09
117.00	+2.298e-01	+2.463e-02	+3.076e-04	+4.904e-05	+5.142e-09	+3.359e-06	+3.135e-09
118.00	+2.297e-01	+2.460e-02	+3.155e-04	+4.778e-05	+4.850e-09	+2.949e-06	+3.299e-09
119.00	+2.297e-01	+2.460e-02	+3.388e-04	+5.042e-05	+5.426e-09	+3.074e-06	+3.741e-09
120.00	+2.308e-01	+2.506e-02	+3.312e-04	+5.276e-05	+5.863e-09	+3.600e-06	+3.779e-09
121.00	+2.279e-01	+2.388e-02	+2.949e-04	+4.004e-05	+3.398e-09	+1.960e-06	+2.718e-09
122.00	+2.287e-01	+2.424e-02	+2.990e-04	+4.581e-05	+4.506e-09	+2.993e-06	+2.907e-09
123.00	+2.295e-01	+2.451e-02	+3.235e-04	+5.340e-05	+6.064e-09	+3.833e-06	+3.536e-09
124.00	+2.290e-01	+2.431e-02	+3.167e-04	+4.903e-05	+5.118e-09	+3.145e-06	+3.334e-09
125.00	+2.290e-01	+2.429e-02	+3.083e-04	+4.538e-05	+4.351e-09	+2.600e-06	+3.145e-09
126.00	+2.284e-01	+2.398e-02	+3.081e-04	+4.328e-05	+3.991e-09	+2.266e-06	+3.009e-09
127.00	+2.291e-01	+2.453e-02	+2.767e-04	+4.027e-05	+3.360e-09	+2.278e-06	+2.605e-09
128.00	+2.292e-01	+2.445e-02	+3.083e-04	+4.902e-05	+5.156e-09	+3.382e-06	+3.121e-09
129.00	+2.296e-01	+2.461e-02	+3.193e-04	+4.640e-05	+4.523e-09	+2.559e-06	+3.382e-09
130.00	+2.297e-01	+2.451e-02	+3.417e-04	+5.571e-05	+6.577e-09	+3.890e-06	+3.980e-09
131.00	+2.298e-01	+2.464e-02	+3.125e-04	+5.149e-05	+5.624e-09	+3.681e-06	+3.321e-09
132.00	+2.294e-01	+2.451e-02	+3.154e-04	+4.965e-05	+5.244e-09	+3.254e-06	+3.331e-09
133.00	+2.292e-01	+2.438e-02	+3.024e-04	+4.381e-05	+4.087e-09	+2.490e-06	+2.954e-09
134.00	+2.296e-01	+2.449e-02	+3.304e-04	+4.917e-05	+5.092e-09	+2.883e-06	+3.653e-09
135.00	+2.293e-01	+2.447e-02	+2.957e-04	+4.245e-05	+3.815e-09	+2.389e-06	+2.840e-09
136.00	+2.280e-01	+2.393e-02	+3.003e-04	+4.404e-05	+4.205e-09	+2.648e-06	+2.825e-09
137.00	+2.285e-01	+2.408e-02	+3.163e-04	+4.835e-05	+5.049e-09	+3.134e-06	+3.202e-09
138.00	+2.285e-01	+2.403e-02	+3.161e-04	+5.144e-05	+5.652e-09	+3.625e-06	+3.327e-09
139.00	+2.292e-01	+2.447e-02	+2.964e-04	+4.625e-05	+4.559e-09	+3.048e-06	+2.922e-09
140.00	+2.283e-01	+2.404e-02	+3.033e-04	+4.850e-05	+5.037e-09	+3.293e-06	+3.039e-09
141.00	+2.297e-01	+2.462e-02	+3.209e-04	+4.974e-05	+5.239e-09	+3.216e-06	+3.469e-09
142.00	+2.295e-01	+2.456e-02	+3.071e-04	+4.714e-05	+4.683e-09	+2.895e-06	+3.200e-09
143.00	+2.297e-01	+2.471e-02	+3.087e-04	+5.790e-05	+7.008e-09	+4.874e-06	+3.291e-09
144.00	+2.294e-01	+2.454e-02	+2.877e-04	+4.613e-05	+4.550e-09	+3.153e-06	+2.746e-09
145.00	+2.288e-01	+2.426e-02	+3.139e-04	+4.766e-05	+4.887e-09	+3.043e-06	+3.176e-09
146.00	+2.288e-01	+2.422e-02	+3.165e-04	+4.793e-05	+4.878e-09	+2.981e-06	+3.324e-09
147.00	+2.287e-01	+2.421e-02	+3.013e-04	+4.282e-05	+3.837e-09	+2.288e-06	+2.990e-09
148.00	+2.290e-01	+2.428e-02	+3.192e-04	+4.883e-05	+5.104e-09	+3.108e-06	+3.334e-09
149.00	+2.296e-01	+2.452e-02	+3.167e-04	+5.048e-05	+5.468e-09	+3.426e-06	+3.292e-09
150.00	+2.284e-01	+2.409e-02	+2.988e-04	+4.745e-05	+4.845e-09	+3.252e-06	+2.905e-09
151.00	+2.294e-01	+2.444e-02	+3.195e-04	+5.083e-05	+5.485e-09	+3.402e-06	+3.446e-09
152.00	+2.286e-01	+2.415e-02	+3.285e-04	+5.254e-05	+5.894e-09	+3.615e-06	+3.594e-09
153.00	+2.290e-01	+2.430e-02	+3.037e-04	+4.695e-05	+4.743e-09	+3.086e-06	+2.989e-09
154.00	+2.290e-01	+2.428e-02	+3.153e-04	+5.169e-05	+5.719e-09	+3.731e-06	+3.294e-09
155.00	+2.303e-01	+2.486e-02	+3.335e-04	+5.071e-05	+5.433e-09	+3.122e-06	+3.738e-09
156.00	+2.285e-01	+2.410e-02	+3.139e-04	+4.756e-05	+4.822e-09	+2.984e-06	+3.241e-09
157.00	+2.291e-01	+2.443e-02	+3.028e-04	+4.739e-05	+4.757e-09	+3.119e-06	+3.097e-09
158.00	+2.290e-01	+2.436e-02	+3.085e-04	+4.790e-05	+4.932e-09	+3.162e-06	+3.095e-09
159.00	+2.288e-01	+2.423e-02	+3.223e-04	+4.873e-05	+5.076e-09	+3.069e-06	+3.394e-09
160.00	+2.297e-01	+2.463e-02	+3.027e-04	+4.690e-05	+4.688e-09	+3.033e-06	+3.042e-09
161.00	+2.296e-01	+2.459e-02	+3.138e-04	+5.039e-05	+5.379e-09	+3.428e-06	+3.348e-09
162.00	+2.300e-01	+2.465e-02	+3.354e-04	+5.777e-05	+7.098e-09	+4.504e-06	+3.777e-09
163.00	+2.281e-01	+2.396e-02	+2.998e-04	+4.478e-05	+4.274e-09	+2.713e-06	+2.940e-09
164.00	+2.289e-01	+2.422e-02	+3.187e-04	+5.022e-05	+5.411e-09	+3.377e-06	+3.330e-09
165.00	+2.297e-01	+2.470e-02	+3.184e-04	+5.198e-05	+5.800e-09	+3.782e-06	+3.328e-09
166.00	+2.288e-01	+2.423e-02	+3.124e-04	+4.922e-05	+5.186e-09	+3.283e-06	+3.219e-09
167.00	+2.298e-01	+2.464e-02	+3.112e-04	+5.067e-05	+5.491e-09	+3.589e-06	+3.215e-09
168.00	+2.295e-01	+2.452e-02	+3.108e-04	+4.844e-05	+5.023e-09	+3.175e-06	+3.176e-09
169.00	+2.293e-01	+2.445e-02	+3.052e-04	+4.834e-05	+5.029e-09	+3.341e-06	+3.029e-09
170.00	+2.287e-01	+2.422e-02	+3.068e-04	+4.665e-05	+4.645e-09	+2.905e-06	+3.094e-09
171.00	+2.296e-01	+2.462e-02	+3.065e-04	+4.818e-05	+4.961e-09	+3.218e-06	+3.109e-09
172.00	+2.293e-01	+2.444e-02	+3.153e-04	+5.065e-05	+5.459e-09	+3.510e-06	+3.344e-09
173.00	+2.285e-01	+2.411e-02	+3.075e-04	+4.662e-05	+4.633e-09	+2.932e-06	+3.115e-09
174.00	+2.287e-01	+2.412e-02	+3.049e-04	+4.478e-05	+4.283e-09	+2.665e-06	+3.005e-09
175.00	+2.292e-01	+2.448e-02	+3.053e-04	+4.734e-05	+4.773e-09	+3.062e-06	+3.101e-09
176.00	+2.289e-01	+2.427e-02	+2.954e-04	+3.879e-05	+3.137e-09	+1.797e-06	+2.721e-09
177.00	+2.285e-01	+2.408e-02	+2.756e-04	+3.769e-05	+2.996e-09	+1.886e-06	+2.405e-09
178.00	+2.293e-01	+2.433e-02	+2.834e-04	+4.042e-05	+3.470e-09	+2.223e-06	+2.583e-09
179.00	+2.293e-01	+2.421e-02	+2.932e-04	+4.375e-05	+4.052e-09	+2.522e-06	+2.852e-09
180.00	+2.301e-01	+2.478e-02	+3.206e-04	+5.004e-05	+5.316e-09	+3.236e-06	+3.452e-09
181.00	+2.281e-01	+2.431e-02	+3.116e-04	+4.867e-05	+5.055e-09	+3.323e-06	+3.221e-09
182.00	+2.284e-01	+2.421e-02	+3.217e-04	+5.288e-05	+5.909e-09	+3.759e-06	+3.560e-09
183.00	+2.279e-01	+2.396e-02	+3.051e-04	+5.039e-05	+5.401e-09	+3.607e-06	+3.143e-09
184.00	+2.286e-01	+2.423e-02	+2.855e-04	+4.301e-05	+3.986e-09	+2.699e-06	+2.612e-09
185.00	+2.287e-01	+2.424e-02	+3.086e-04	+4.542e-05	+4.393e-09	+2.697e-06	+3.102e-09
186.00	+2.289e-01	+2.430e-02	+3.033e-04	+4.519e-05	+4.323e-09	+2.724e-06	+3.049e-09
187.00	+2.290e-01	+2.431e-02	+3.146e-04	+4.766e-05	+4.845e-09	+2.983e-06	+3.253e-09
188.00	+2.289e-01	+2.425e-02	+3.192e-04	+4.928e-05	+5.181e-09	+3.183e-06	+3.370e-09
189.00	+2.291e-01	+2.435e-02	+3.241e-04	+5.185e-05	+5.765e-09	+3.590e-06	+3.456e-09
190.00	+2.295e-01	+2.452e-02	+3.194e-04	+4.996e-05	+5.331e-09	+3.279e-06	+3.377e-09
191.00	+2.290e-01	+2.430e-02	+3.178e-04	+5.057e-05	+5.507e-09	+3.498e-06	+3.281e-09
192.00	+2.290e-01	+2.431e-02	+3.114e-04	+4.646e-05	+4.597e-09	+2.807e-06	+3.177e-09
193.00	+2.292e-01	+2.437e-02	+3.128e-04	+4.932e-05	+5.178e-09	+3.287e-06	+3.272e-09
194.00	+2.297e-01	+2.458e-02	+3.282e-04	+5.248e-05	+5.875e-09	+3.619e-06	+3.597e-09
195.00	+2.299e-01	+2.469e-02	+3.056e-04	+4.919e-05	+5.171e-09	+3.409e-06	+3.102e-09
196.00	+2.295e-01	+2.457e-02	+3.010e-04	+4.572e-05	+4.432e-09	+2.878e-06	+3.020e-09
197.00	+2.294e-01	+2.451e-02	+3.174e-04	+5.522e-05	+6.486e-09	+4.333e-06	+3.373e-09
198.00	+2.293e-01	+2.448e-02	+3.088e-04	+4.965e-05	+5.275e-09	+3.449e-06	+3.159e-09
199.00	+2.288e-01	+2.416e-02	+3.201e-04	+5.159e-05	+5.712e-09	+3.562e-06	+3.366e-09
200.00	+2.284e-01	+2.408e-02	+3.063e-04	+4.367e-05	+4.034e-09	+2.388e-06	+3.039e-09
201.00	+2.291e-01	+2.432e-02	+3.207e-04	+4.963e-05	+5.223e-09	+3.174e-06	+3.453e-09
202.00	+2.285e-01	+2.409e-02	+3.139e-04	+5.065e-05	+5.548e-09	+3.600e-06	+3.165e-09
203.00	+2.293e-01	+2.449e-02	+3.080e-04	+4.741e-05	+4.814e-09	+3.073e-06	+3.106e-09
204.00	+2.292e-01	+2.438e-02	+3.297e-04	+5.607e-05	+6.718e-09	+4.242e-06	+3.607e-09
205.00	+2.284e-01	+2.410e-02	+3.211e-04	+5.157e-05	+5.639e-09	+3.502e-06	+3.499e-09
206.00	+2.290e-01	+2.429e-02	+2.953e-04	+4.584e-05	+4.503e-09	+3.035e-06	+2.857e-09
207.00	+2.298e-01	+2.463e-02	+3.076e-04	+4.904e-05	+5.142e-09	+3.359e-06	+3.135e-09
208.00	+2.297e-01	+2.460e-02	+3.155e-04	+4.778e-05	+4.850e-09	+2.949e-06	+3.299e-09
209.00	+2.297e-01	+2.460e-02	+3.388e-04	+5.042e-05	+5.426e-09	+3.074e-06	+3.741e-09
210.00	+2.308e-01	+2.506e-02	+3.312e-04	+5.276e-05	+5.863e-09	+3.600e-06	+3.779e-09
211.00	+2.279e-01	+2.388e-02	+2.949e-04	+4.004e-05	+3.398e-09	+1.960e-06	+2.718e-09
212.00	+2.287e-01	+2.424e-02	+2.990e-04	+4.581e-05	+4.506e-09	+2.993e-06	+2.907e-09
213.00	+2.295e-01	+2.451e-02	+3.235e-04	+5.340e-05	+6.064e-09	+3.833e-06	+3.536e-09
214.00	+2.290e-01	+2.431e-02	+3.167e-04	+4.903e-05	+5.118e-09	+3.145e-06	+3.334e-09
215.00	+2.290e-01	+2.429e-02	+3.083e-04	+4.538e-05	+4.351e-09	+2.600e-06	+3.145e-09
216.00	+2.284e-01	+2.398e-02	+3.081e-04	+4.328e-05	+3.991e-09	+2.266e-06	+3.009e-09
217.00	+2.289e-01	+2.446e-02	+2.719e-04	+3.948e-05	+3.238e-09	+2.236e-06	+2.499e-09
218.00	+2.292e-01	+2.445e-02	+3.083e-04	+4.902e-05	+5.156e-09	+3.382e-06	+3.121e-09
219.00	+2.297e-01	+2.471e-02	+3.152e-04	+4.669e-05	+4.549e-09	+2.637e-06	+3.374e-09
220.00	+2.297e-01	+2.451e-02	+3.417e-04	+5.571e-05	+6.577e-09	+3.890e-06	+3.980e-09
221.00	+2.298e-01	+2.464e-02	+3.125e-04	+5.149e-05	+5.624e-09	+3.681e-06	+3.321e-09
222.00	+2.294e-01	+2.451e-02	+3.154e-04	+4.965e-05	+5.244e-09	+3.254e-06	+3.331e-09
223.00	+2.292e-01	+2.438e-02	+3.024e-04	+4.381e-05	+4.087e-09	+2.490e-06	+2.954e-09
224.00	+2.296e-01	+2.449e-02	+3.304e-04	+4.917e-05	+5.092e-09	+2.883e-06	+3.653e-09
225.00	+2.293e-01	+2.447e-02	+2.957e-04	+4.245e-05	+3.815e-09	+2.389e-06	+2.840e-09
226.00	+2.280e-01	+2.393e-02	+3.003e-04	+4.404e-05	+4.205e-09	+2.648e-06	+2.825e-09
227.00	+2.285e-01	+2.408e-02	+3.163e-04	+4.835e-05	+5.049e-09	+3.134e-06	+3.202e-09
228.00	+2.285e-01	+2.403e-02	+3.161e-04	+5.144e-05	+5.652e-09	+3.625e-06	+3.327e-09
229.00	+2.292e-01	+2.447e-02	+2.964e-04	+4.625e-05	+4.559e-09	+3.048e-06	+2.922e-09
230.00	+2.283e-01	+2.404e-02	+3.033e-04	+4.850e-05	+5.037e-09	+3.293e-06	+3.039e-09
231.00	+2.297e-01	+2.462e-02	+3.209e-04	+4.974e-05	+5.239e-09	+3.216e-06	+3.469e-09
232.00	+2.295e-01	+2.456e-02	+3.071e-04	+4.714e-05	+4.683e-09	+2.895e-06	+3.200e-09
233.00	+2.297e-01	+2.471e-02	+3.087e-04	+5.790e-05	+7.008e-09	+4.874e-06	+3.291e-09
234.00	+2.294e-01	+2.454e-02	+2.877e-04	+4.613e-05	+4.550e-09	+3.153e-06	+2.746e-09
235.00	+2.288e-01	+2.426e-02	+3.139e-04	+4.766e-05	+4.887e-09	+3.043e-06	+3.176e-09
236.00	+2.288e-01	+2.422e-02	+3.165e-04	+4.793e-05	+4.878e-09	+2.981e-06	+3.324e-09
237.00	+2.287e-01	+2.421e-02	+3.013e-04	+4.282e-05	+3.837e-09	+2.288e-06	+2.990e-09
238.00	+2.290e-01	+2.428e-02	+3.192e-04	+4.883e-05	+5.104e-09	+3.108e-06	+3.334e-09
239.00	+2.297e-01	+2.459e-02	+3.134e-04	+4.967e-05	+5.303e-09	+3.342e-06	+3.209e-09
240.00	+2.284e-01	+2.409e-02	+2.988e-04	+4.745e-05	+4.845e-09	+3.252e-06	+2.905e-09
241.00	+2.294e-01	+2.444e-02	+3.195e-04	+5.083e-05	+5.485e-09	+3.402e-06	+3.446e-09
242.00	+2.286e-01	+2.415e-02	+3.285e-04	+5.254e-05	+5.894e-09	+3.615e-06	+3.594e-09
243.00	+2.290e-01	+2.430e-02	+3.037e-04	+4.695e-05	+4.743e-09	+3.086e-06	+2.989e-09
244.00	+2.291e-01	+2.437e-02	+3.109e-04	+5.182e-05	+5.713e-09	+3.797e-06	+3.260e-09
245.00	+2.303e-01	+2.486e-02	+3.335e-04	+5.071e-05	+5.433e-09	+3.122e-06	+3.738e-09
246.00	+2.286e-01	+2.413e-02	+3.134e-04	+4.668e-05	+4.645e-09	+2.836e-06	+3.211e-09
247.00	+2.291e-01	+2.443e-02	+3.028e-04	+4.739e-05	+4.757e-09	+3.119e-06	+3.097e-09
248.00	+2.290e-01	+2.436e-02	+3.085e-04	+4.790e-05	+4.932e-09	+3.162e-06	+3.095e-09
249.00	+2.288e-01	+2.423e-02	+3.223e-04	+4.873e-05	+5.076e-09	+3.069e-06	+3.394e-09
250.00	+2.297e-01	+2.463e-02	+3.027e-04	+4.690e-05	+4.688e-09	+3.033e-06	+3.042e-09
251.00	+2.296e-01	+2.459e-02	+3.138e-04	+5.039e-05	+5.379e-09	+3.428e-06	+3.348e-09
252.00	+2.300e-01	+2.465e-02	+3.354e-04	+5.777e-05	+7.098e-09	+4.504e-06	+3.777e-09
253.00	+2.281e-01	+2.396e-02	+2.998e-04	+4.478e-05	+4.274e-09	+2.713e-06	+2.940e-09
254.00	+2.289e-01	+2.422e-02	+3.187e-04	+5.022e-05	+5.411e-09	+3.377e-06	+3.330e-09
255.00	+2.297e-01	+2.470e-02	+3.184e-04	+5.198e-05	+5.800e-09	+3.782e-06	+3.328e-09
256.00	+2.286e-01	+2.416e-02	+3.161e-04	+4.992e-05	+5.328e-09	+3.342e-06	+3.307e-09
257.00	+2.298e-01	+2.464e-02	+3.112e-04	+5.067e-05	+5.491e-09	+3.589e-06	+3.215e-09
258.00	+2.295e-01	+2.452e-02	+3.108e-04	+4.844e-05	+5.023e-09	+3.175e-06	+3.176e-09
259.00	+2.293e-01	+2.445e-02	+3.052e-04	+4.834e-05	+5.029e-09	+3.341e-06	+3.029e-09
260.00	+2.287e-01	+2.422e-02	+3.068e-04	+4.665e-05	+4.645e-09	+2.905e-06	+3.094e-09
261.00	+2.296e-01	+2.462e-02	+3.065e-04	+4.818e-05	+4.961e-09	+3.218e-06	+3.109e-09
262.00	+2.293e-01	+2.444e-02	+3.153e-04	+5.065e-05	+5.459e-09	+3.510e-06	+3.344e-09
263.00	+2.285e-01	+2.411e-02	+3.075e-04	+4.662e-05	+4.633e-09	+2.932e-06	+3.115e-09
264.00	+2.287e-01	+2.412e-02	+3.049e-04	+4.478e-05	+4.283e-09	+2.665e-06	+3.005e-09
265.00	+2.292e-01	+2.448e-02	+3.053e-04	+4.734e-05	+4.773e-09	+3.062e-06	+3.101e-09
266.00	+2.289e-01	+2.427e-02	+2.954e-04	+3.879e-05	+3.137e-09	+1.797e-06	+2.721e-09
267.00	+2.283e-01	+2.401e-02	+2.844e-04	+4.023e-05	+3.449e-09	+2.209e-06	+2.572e-09
268.00	+2.293e-01	+2.433e-02	+2.834e-04	+4.042e-05	+3.470e-09	+2.223e-06	+2.583e-09
269.00	+2.293e-01	+2.421e-02	+2.932e-04	+4.375e-05	+4.052e-09	+2.522e-06	+2.852e-09
270.00	+2.301e-01	+2.478e-02	+3.206e-04	+5.004e-05	+5.316e-09	+3.236e-06	+3.452e-09
271.00	+2.281e-01	+2.431e-02	+3.116e-04	+4.867e-05	+5.055e-09	+3.323e-06	+3.221e-09
272.00	+2.284e-01	+2.421e-02	+3.217e-04	+5.288e-05	+5.909e-09	+3.759e-06	+3.560e-09
273.00	+2.279e-01	+2.396e-02	+3.051e-04	+5.039e-05	+5.401e-09	+3.607e-06	+3.143e-09
274.00	+2.286e-01	+2.423e-02	+2.855e-04	+4.301e-05	+3.986e-09	+2.699e-06	+2.612e-09
275.00	+2.287e-01	+2.424e-02	+3.086e-04	+4.542e-05	+4.393e-09	+2.697e-06	+3.102e-09
276.00	+2.289e-01	+2.430e-02	+3.033e-04	+4.519e-05	+4.323e-09	+2.724e-06	+3.049e-09
277.00	+2.290e-01	+2.431e-02	+3.146e-04	+4.766e-05	+4.845e-09	+2.983e-06	+3.253e-09
278.00	+2.289e-01	+2.425e-02	+3.192e-04	+4.928e-05	+5.181e-09	+3.183e-06	+3.370e-09
279.00	+2.291e-01	+2.435e-02	+3.241e-04	+5.185e-05	+5.765e-09	+3.590e-06	+3.456e-09
280.00	+2.295e-01	+2.452e-02	+3.194e-04	+4.996e-05	+5.331e-09	+3.279e-06	+3.377e-09
281.00	+2.290e-01	+2.430e-02	+3.178e-04	+5.057e-05	+5.507e-09	+3.498e-06	+3.281e-09
282.00	+2.290e-01	+2.431e-02	+3.114e-04	+4.646e-05	+4.597e-09	+2.807e-06	+3.177e-09
283.00	+2.292e-01	+2.437e-02	+3.128e-04	+4.932e-05	+5.178e-09	+3.287e-06	+3.272e-09
284.00	+2.297e-01	+2.458e-02	+3.282e-04	+5.248e-05	+5.875e-09	+3.619e-06	+3.597e-09
285.00	+2.299e-01	+2.469e-02	+3.056e-04	+4.919e-05	+5.171e-09	+3.409e-06	+3.102e-09
286.00	+2.295e-01	+2.457e-02	+3.010e-04	+4.572e-05	+4.432e-09	+2.878e-06	+3.020e-09
287.00	+2.294e-01	+2.451e-02	+3.174e-04	+5.522e-05	+6.486e-09	+4.333e-06	+3.373e-09
288.00	+2.293e-01	+2.448e-02	+3.088e-04	+4.965e-05	+5.275e-09	+3.449e-06	+3.159e-09
289.00	+2.288e-01	+2.416e-02	+3.201e-04	+5.159e-05	+5.712e-09	+3.562e-06	+3.366e-09
290.00	+2.284e-01	+2.408e-02	+3.063e-04	+4.367e-05	+4.034e-09	+2.388e-06	+3.039e-09
291.00	+2.291e-01	+2.432e-02	+3.207e-04	+4.963e-05	+5.223e-09	+3.174e-06	+3.453e-09
292.00	+2.285e-01	+2.409e-02	+3.139e-04	+5.065e-05	+5.548e-09	+3.600e-06	+3.165e-09
293.00	+2.293e-01	+2.449e-02	+3.080e-04	+4.741e-05	+4.814e-09	+3.073e-06	+3.106e-09
294.00	+2.292e-01	+2.438e-02	+3.297e-04	+5.607e-05	+6.718e-09	+4.242e-06	+3.607e-09
295.00	+2.283e-01	+2.405e-02	+3.170e-04	+5.121e-05	+5.569e-09	+3.515e-06	+3.400e-09
296.00	+2.290e-01	+2.429e-02	+2.953e-04	+4.584e-05	+4.503e-09	+3.035e-06	+2.857e-09
297.00	+2.298e-01	+2.463e-02	+3.076e-04	+4.904e-05	+5.142e-09	+3.359e-06	+3.135e-09
298.00	+2.297e-01	+2.460e-02	+3.155e-04	+4.778e-05	+4.850e-09	+2.949e-06	+3.299e-09
299.00	+2.297e-01	+2.460e-02	+3.388e-04	+5.042e-05	+5.426e-09	+3.074e-06	+3.741e-09
300.00	+2.308e-01	+2.506e-02	+3.312e-04	+5.276e-05	+5.863e-09	+3.600e-06	+3.779e-09
301.00	+2.279e-01	+2.388e-02	+2.949e-04	+4.004e-05	+3.398e-09	+1.960e-06	+2.718e-09
302.00	+2.287e-01	+2.424e-02	+2.990e-04	+4.581e-05	+4.506e-09	+2.993e-06	+2.907e-09
303.00	+2.295e-01	+2.451e-02	+3.235e-04	+5.340e-05	+6.064e-09	+3.833e-06	+3.536e-09
304.00	+2.290e-01	+2.431e-02	+3.167e-04	+4.903e-05	+5.118e-09	+3.145e-06	+3.334e-09
305.00	+2.290e-01	+2.429e-02	+3.083e-04	+4.538e-05	+4.351e-09	+2.600e-06	+3.145e-09
306.00	+2.284e-01	+2.398e-02	+3.081e-04	+4.328e-05	+3.991e-09	+2.266e-06	+3.009e-09
307.00	+2.289e-01	+2.446e-02	+2.719e-04	+3.948e-05	+3.238e-09	+2.236e-06	+2.499e-09
308.00	+2.292e-01	+2.445e-02	+3.083e-04	+4.902e-05	+5.156e-09	+3.382e-06	+3.121e-09
309.00	+2.297e-01	+2.471e-02	+3.152e-04	+4.669e-05	+4.549e-09	+2.637e-06	+3.374e-09
310.00	+2.297e-01	+2.451e-02	+3.417e-04	+5.571e-05	+6.577e-09	+3.890e-06	+3.980e-09
311.00	+2.298e-01	+2.464e-02	+3.125e-04	+5.149e-05	+5.624e-09	+3.681e-06	+3.321e-09
312.00	+2.294e-01	+2.451e-02	+3.154e-04	+4.965e-05	+5.244e-09	+3.254e-06	+3.331e-09
313.00	+2.292e-01	+2.438e-02	+3.024e-04	+4.381e-05	+4.087e-09	+2.490e-06	+2.954e-09
314.00	+2.296e-01	+2.449e-02	+3.304e-04	+4.917e-05	+5.092e-09	+2.883e-06	+3.653e-09
315.00	+2.293e-01	+2.447e-02	+2.957e-04	+4.245e-05	+3.815e-09	+2.389e-06	+2.840e-09
316.00	+2.280e-01	+2.393e-02	+3.003e-04	+4.404e-05	+4.205e-09	+2.648e-06	+2.825e-09
317.00	+2.285e-01	+2.408e-02	+3.163e-04	+4.835e-05	+5.049e-09	+3.134e-06	+3.202e-09
318.00	+2.285e-01	+2.403e-02	+3.161e-04	+5.144e-05	+5.652e-09	+3.625e-06	+3.327e-09
319.00	+2.292e-01	+2.447e-02	+2.964e-04	+4.625e-05	+4.559e-09	+3.048e-06	+2.922e-09
320.00	+2.283e-01	+2.404e-02	+3.033e-04	+4.850e-05	+5.037e-09	+3.293e-06	+3.039e-09
321.00	+2.297e-01	+2.462e-02	+3.209e-04	+4.974e-05	+5.239e-09	+3.216e-06	+3.469e-09
322.00	+2.295e-01	+2.456e-02	+3.071e-04	+4.714e-05	+4.683e-09	+2.895e-06	+3.200e-09
323.00	+2.297e-01	+2.471e-02	+3.087e-04	+5.790e-05	+7.008e-09	+4.874e-06	+3.291e-09
324.00	+2.294e-01	+2.454e-02	+2.877e-04	+4.613e-05	+4.550e-09	+3.153e-06	+2.746e-09
325.00	+2.288e-01	+2.426e-02	+3.139e-04	+4.766e-05	+4.887e-09	+3.043e-06	+3.176e-09
326.00	+2.288e-01	+2.422e-02	+3.165e-04	+4.793e-05	+4.878e-09	+2.981e-06	+3.324e-09
327.00	+2.287e-01	+2.421e-02	+3.013e-04	+4.282e-05	+3.837e-09	+2.288e-06	+2.990e-09
328.00	+2.290e-01	+2.428e-02	+3.192e-04	+4.883e-05	+5.104e-09	+3.108e-06	+3.334e-09
329.00	+2.297e-01	+2.459e-02	+3.134e-04	+4.967e-05	+5.303e-09	+3.342e-06	+3.209e-09
330.00	+2.284e-01	+2.409e-02	+2.988e-04	+4.745e-05	+4.845e-09	+3.252e-06	+2.905e-09
331.00	+2.294e-01	+2.444e-02	+3.195e-04	+5.083e-05	+5.485e-09	+3.402e-06	+3.446e-09
332.00	+2.286e-01	+2.415e-02	+3.285e-04	+5.254e-05	+5.894e-09	+3.615e-06	+3.594e-09
333.00	+2.290e-01	+2.430e-02	+3.037e-04	+4.695e-05	+4.743e-09	+3.086e-06	+2.989e-09
334.00	+2.290e-01	+2.428e-02	+3.153e-04	+5.169e-05	+5.719e-09	+3.731e-06	+3.294e-09
335.00	+2.303e-01	+2.486e-02	+3.335e-04	+5.071e-05	+5.433e-09	+3.122e-06	+3.738e-09
336.00	+2.285e-01	+2.410e-02	+3.139e-04	+4.756e-05	+4.822e-09	+2.984e-06	+3.241e-09
337.00	+2.291e-01	+2.443e-02	+3.028e-04	+4.739e-05	+4.757e-09	+3.119e-06	+3.097e-09
338.00	+2.290e-01	+2.436e-02	+3.085e-04	+4.790e-05	+4.932e-09	+3.162e-06	+3.095e-09
339.00	+2.288e-01	+2.423e-02	+3.223e-04	+4.873e-05	+5.076e-09	+3.069e-06	+3.394e-09
340.00	+2.297e-01	+2.463e-02	+3.027e-04	+4.690e-05	+4.688e-09	+3.033e-06	+3.042e-09
341.00	+2.296e-01	+2.459e-02	+3.138e-04	+5.039e-05	+5.379e-09	+3.428e-06	+3.348e-09
342.00	+2.300e-01	+2.465e-02	+3.354e-04	+5.777e-05	+7.098e-09	+4.504e-06	+3.777e-09
343.00	+2.281e-01	+2.396e-02	+2.998e-04	+4.478e-05	+4.274e-09	+2.713e-06	+2.940e-09
344.00	+2.289e-01	+2.422e-02	+3.187e-04	+5.022e-05	+5.411e-09	+3.377e-06	+3.330e-09
345.00	+2.297e-01	+2.470e-02	+3.184e-04	+5.198e-05	+5.800e-09	+3.782e-06	+3.328e-09
346.00	+2.286e-01	+2.416e-02	+3.161e-04	+4.992e-05	+5.328e-09	+3.342e-06	+3.307e-09
347.00	+2.298e-01	+2.464e-02	+3.112e-04	+5.067e-05	+5.491e-09	+3.589e-06	+3.215e-09
348.00	+2.295e-01	+2.452e-02	+3.108e-04	+4.844e-05	+5.023e-09	+3.175e-06	+3.176e-09
349.00	+2.293e-01	+2.445e-02	+3.052e-04	+4.834e-05	+5.029e-09	+3.341e-06	+3.029e-09
350.00	+2.287e-01	+2.422e-02	+3.068e-04	+4.665e-05	+4.645e-09	+2.905e-06	+3.094e-09
351.00	+2.296e-01	+2.462e-02	+3.065e-04	+4.818e-05	+4.961e-09	+3.218e-06	+3.109e-09
352.00	+2.293e-01	+2.444e-02	+3.153e-04	+5.065e-05	+5.459e-09	+3.510e-06	+3.344e-09
353.00	+2.285e-01	+2.411e-02	+3.075e-04	+4.662e-05	+4.633e-09	+2.932e-06	+3.115e-09
354.00	+2.287e-01	+2.412e-02	+3.049e-04	+4.478e-05	+4.283e-09	+2.665e-06	+3.005e-09
355.00	+2.291e-01	+2.441e-02	+3.086e-04	+4.812e-05	+4.924e-09	+3.141e-06	+3.183e-09
356.00	+2.289e-01	+2.427e-02	+2.954e-04	+3.879e-05	+3.137e-09	+1.797e-06	+2.721e-09
357.00	+2.285e-01	+2.411e-02	+2.785e-04	+3.868e-05	+3.179e-09	+2.038e-06	+2.453e-09
358.00	+2.293e-01	+2.433e-02	+2.834e-04	+4.042e-05	+3.470e-09	+2.223e-06	+2.583e-09
359.00	+2.293e-01	+2.421e-02	+2.932e-04	+4.375e-05	+4.052e-09	+2.522e-06	+2.852e-09
