0.00	+1.682e-01	+1.418e-03	+3.663e-04	+1.426e-05	+1.029e-09	+5.370e-07	-6.073e-11
1.00	+1.680e-01	+1.370e-03	+3.318e-04	+1.339e-05	+8.921e-10	+4.951e-07	+6.658e-12
2.00	+1.682e-01	+1.359e-03	+3.592e-04	+1.491e-05	+1.091e-09	+5.493e-07	-1.192e-11
3.00	+1.680e-01	+1.366e-03	+3.650e-04	+1.377e-05	+9.754e-10	+5.090e-07	-4.821e-11
4.00	+1.682e-01	+1.364e-03	+3.608e-04	+1.442e-05	+1.035e-09	+5.322e-07	-9.836e-11
5.00	+1.681e-01	+1.384e-03	+3.660e-04	+1.396e-05	+9.961e-10	+5.193e-07	-5.621e-11
6.00	+1.681e-01	+1.343e-03	+3.592e-04	+1.406e-05	+9.934e-10	+5.149e-07	-1.049e-10
7.00	+1.682e-01	+1.395e-03	+3.600e-04	+1.378e-05	+9.679e-10	+5.145e-07	-7.096e-11
8.00	+1.680e-01	+1.352e-03	+3.540e-04	+1.363e-05	+9.416e-10	+5.006e-07	-9.581e-11
9.00	+1.681e-01	+1.388e-03	+3.586e-04	+1.389e-05	+9.788e-10	+5.175e-07	-5.826e-11
10.00	+1.681e-01	+1.350e-03	+3.609e-04	+1.375e-05	+9.653e-10	+5.050e-07	-7.627e-11
11.00	+1.680e-01	+1.364e-03	+3.567e-04	+1.357e-05	+9.410e-10	+5.009e-07	-6.962e-11
12.00	+1.679e-01	+1.344e-03	+3.495e-04	+1.339e-05	+9.123e-10	+4.905e-07	-7.736e-11
13.00	+1.682e-01	+1.396e-03	+3.637e-04	+1.434e-05	+1.032e-09	+5.357e-07	-8.208e-11
14.00	+1.680e-01	+1.354e-03	+3.529e-04	+1.373e-05	+9.539e-10	+5.054e-07	-6.451e-11
15.00	+1.681e-01	+1.387e-03	+3.524e-04	+1.404e-05	+9.841e-10	+5.227e-07	-7.925e-11
16.00	+1.681e-01	+1.366e-03	+3.613e-04	+1.407e-05	+1.000e-09	+5.200e-07	-7.944e-11
17.00	+1.681e-01	+1.366e-03	+3.564e-04	+1.384e-05	+9.698e-10	+5.115e-07	-6.221e-11
18.00	+1.681e-01	+1.383e-03	+3.533e-04	+1.388e-05	+9.683e-10	+5.159e-07	-8.088e-11
19.00	+1.682e-01	+1.386e-03	+3.659e-04	+1.391e-05	+9.897e-10	+5.177e-07	-7.862e-11
20.00	+1.680e-01	+1.361e-03	+3.532e-04	+1.336e-05	+9.161e-10	+4.929e-07	-5.975e-11
21.00	+1.681e-01	+1.379e-03	+3.617e-04	+1.405e-05	+9.955e-10	+5.212e-07	-1.098e-10
22.00	+1.680e-01	+1.365e-03	+3.568e-04	+1.327e-05	+9.117e-10	+4.904e-07	-5.636e-11
23.00	+1.680e-01	+1.333e-03	+3.573e-04	+1.389e-05	+9.739e-10	+5.065e-07	-9.133e-11
24.00	+1.680e-01	+1.366e-03	+3.604e-04	+1.375e-05	+9.658e-10	+5.081e-07	-6.872e-11
25.00	+1.679e-01	+1.336e-03	+3.504e-04	+1.334e-05	+9.100e-10	+4.876e-07	-6.644e-11
26.00	+1.683e-01	+1.427e-03	+3.605e-04	+1.439e-05	+1.033e-09	+5.434e-07	-8.919e-11
27.00	+1.682e-01	+1.384e-03	+3.664e-04	+1.450e-05	+1.052e-09	+5.390e-07	-1.078e-10
28.00	+1.683e-01	+1.365e-03	+3.671e-04	+1.455e-05	+1.057e-09	+5.373e-07	-1.115e-10
29.00	+1.682e-01	+1.400e-03	+3.628e-04	+1.417e-05	+1.014e-09	+5.301e-07	-6.633e-11
30.00	+1.682e-01	+1.366e-03	+3.674e-04	+1.406e-05	+1.008e-09	+5.196e-07	-7.026e-11
31.00	+1.681e-01	+1.396e-03	+3.479e-04	+1.388e-05	+9.621e-10	+5.185e-07	-7.155e-11
32.00	+1.682e-01	+1.352e-03	+3.712e-04	+1.408e-05	+1.013e-09	+5.175e-07	-1.035e-10
33.00	+1.681e-01	+1.414e-03	+3.475e-04	+1.352e-05	+9.217e-10	+5.081e-07	-1.005e-10
34.00	+1.680e-01	+1.307e-03	+3.633e-04	+1.376e-05	+9.713e-10	+4.974e-07	-6.198e-11
35.00	+1.682e-01	+1.405e-03	+3.552e-04	+1.377e-05	+9.598e-10	+5.160e-07	-7.798e-11
36.00	+1.680e-01	+1.345e-03	+3.598e-04	+1.340e-05	+9.277e-10	+4.913e-07	-6.903e-11
37.00	+1.681e-01	+1.386e-03	+3.640e-04	+1.414e-05	+1.009e-09	+5.256e-07	-1.069e-10
38.00	+1.682e-01	+1.386e-03	+3.604e-04	+1.392e-05	+9.826e-10	+5.178e-07	-7.488e-11
39.00	+1.679e-01	+1.335e-03	+3.476e-04	+1.308e-05	+8.790e-10	+4.773e-07	-6.871e-11
40.00	+1.680e-01	+1.359e-03	+3.530e-04	+1.396e-05	+9.748e-10	+5.142e-07	-1.043e-10
41.00	+1.681e-01	+1.362e-03	+3.627e-04	+1.380e-05	+9.731e-10	+5.092e-07	-8.391e-11
42.00	+1.680e-01	+1.379e-03	+3.525e-04	+1.344e-05	+9.217e-10	+4.988e-07	-7.506e-11
43.00	+1.680e-01	+1.350e-03	+3.534e-04	+1.355e-05	+9.364e-10	+4.978e-07	-4.673e-11
44.00	+1.682e-01	+1.376e-03	+3.703e-04	+1.411e-05	+1.016e-09	+5.229e-07	-8.766e-11
45.00	+1.683e-01	+1.393e-03	+3.537e-04	+1.416e-05	+9.988e-10	+5.286e-07	-8.583e-11
46.00	+1.680e-01	+1.357e-03	+3.581e-04	+1.355e-05	+9.400e-10	+4.989e-07	-8.223e-11
47.00	+1.682e-01	+1.386e-03	+3.560e-04	+1.401e-05	+9.840e-10	+5.207e-07	-1.004e-10
48.00	+1.682e-01	+1.382e-03	+3.612e-04	+1.450e-05	+1.044e-09	+5.388e-07	-1.101e-10
49.00	+1.680e-01	+1.354e-03	+3.505e-04	+1.332e-05	+9.082e-10	+4.902e-07	-6.187e-11
50.00	+1.680e-01	+1.366e-03	+3.598e-04	+1.378e-05	+9.645e-10	+5.087e-07	-1.049e-10
51.00	+1.681e-01	+1.374e-03	+3.633e-04	+1.398e-05	+9.917e-10	+5.178e-07	-9.672e-11
52.00	+1.681e-01	+1.370e-03	+3.623e-04	+1.357e-05	+9.468e-10	+5.017e-07	-9.577e-11
53.00	+1.681e-01	+1.344e-03	+3.743e-04	+1.427e-05	+1.038e-09	+5.230e-07	-9.707e-11
54.00	+1.681e-01	+1.366e-03	+3.532e-04	+1.364e-05	+9.454e-10	+5.040e-07	-4.570e-11
55.00	+1.681e-01	+1.377e-03	+3.515e-04	+1.414e-05	+9.936e-10	+5.246e-07	-8.457e-11
56.00	+1.681e-01	+1.369e-03	+3.656e-04	+1.371e-05	+9.669e-10	+5.070e-07	-8.734e-11
57.00	+1.680e-01	+1.344e-03	+3.598e-04	+1.369e-05	+9.597e-10	+5.017e-07	-4.334e-11
58.00	+1.681e-01	+1.384e-03	+3.564e-04	+1.383e-05	+9.685e-10	+5.144e-07	-6.591e-11
59.00	+1.680e-01	+1.359e-03	+3.566e-04	+1.394e-05	+9.781e-10	+5.135e-07	-9.406e-11
60.00	+1.679e-01	+1.340e-03	+3.483e-04	+1.331e-05	+9.027e-10	+4.869e-07	-7.892e-11
61.00	+1.680e-01	+1.390e-03	+3.455e-04	+1.348e-05	+9.161e-10	+5.019e-07	-8.113e-11
62.00	+1.679e-01	+1.361e-03	+3.405e-04	+1.288e-05	+8.498e-10	+4.752e-07	-7.725e-11
63.00	+1.679e-01	+1.344e-03	+3.503e-04	+1.313e-05	+8.876e-10	+4.812e-07	-6.522e-11
64.00	+1.680e-01	+1.345e-03	+3.580e-04	+1.402e-05	+9.887e-10	+5.138e-07	-9.160e-11
65.00	+1.681e-01	+1.366e-03	+3.633e-04	+1.426e-05	+1.021e-09	+5.264e-07	-1.035e-10
66.00	+1.682e-01	+1.385e-03	+3.643e-04	+1.410e-05	+1.009e-09	+5.248e-07	-5.537e-11
67.00	+1.681e-01	+1.360e-03	+3.655e-04	+1.380e-05	+9.771e-10	+5.087e-07	-7.275e-11
68.00	+1.681e-01	+1.390e-03	+3.567e-04	+1.373e-05	+9.572e-10	+5.117e-07	-8.235e-11
69.00	+1.681e-01	+1.364e-03	+3.597e-04	+1.396e-05	+9.879e-10	+5.156e-07	-5.286e-11
70.00	+1.682e-01	+1.387e-03	+3.587e-04	+1.392e-05	+9.814e-10	+5.184e-07	-7.273e-11
71.00	+1.681e-01	+1.371e-03	+3.593e-04	+1.361e-05	+9.490e-10	+5.038e-07	-6.934e-11
72.00	+1.683e-01	+1.391e-03	+3.690e-04	+1.437e-05	+1.043e-09	+5.358e-07	-8.146e-11
73.00	+1.681e-01	+1.396e-03	+3.521e-04	+1.391e-05	+9.687e-10	+5.191e-07	-9.689e-11
74.00	+1.682e-01	+1.378e-03	+3.602e-04	+1.424e-05	+1.016e-09	+5.284e-07	-8.249e-11
75.00	+1.681e-01	+1.362e-03	+3.638e-04	+1.390e-05	+9.861e-10	+5.131e-07	-7.320e-11
76.00	+1.681e-01	+1.378e-03	+3.584e-04	+1.390e-05	+9.789e-10	+5.160e-07	-6.606e-11
77.00	+1.681e-01	+1.363e-03	+3.610e-04	+1.381e-05	+9.729e-10	+5.097e-07	-6.351e-11
78.00	+1.680e-01	+1.363e-03	+3.529e-04	+1.361e-05	+9.385e-10	+5.021e-07	-9.485e-11
79.00	+1.682e-01	+1.380e-03	+3.675e-04	+1.429e-05	+1.032e-09	+5.306e-07	-8.337e-11
80.00	+1.681e-01	+1.374e-03	+3.650e-04	+1.433e-05	+1.033e-09	+5.309e-07	-7.982e-11
81.00	+1.681e-01	+1.375e-03	+3.603e-04	+1.378e-05	+9.677e-10	+5.108e-07	-7.885e-11
82.00	+1.681e-01	+1.336e-03	+3.640e-04	+1.404e-05	+9.986e-10	+5.128e-07	-9.761e-11
83.00	+1.680e-01	+1.365e-03	+3.537e-04	+1.348e-05	+9.281e-10	+4.979e-07	-6.574e-11
84.00	+1.681e-01	+1.348e-03	+3.610e-04	+1.363e-05	+9.529e-10	+5.005e-07	-8.401e-11
85.00	+1.681e-01	+1.368e-03	+3.539e-04	+1.396e-05	+9.780e-10	+5.159e-07	-7.488e-11
86.00	+1.681e-01	+1.372e-03	+3.635e-04	+1.366e-05	+9.599e-10	+5.059e-07	-7.175e-11
87.00	+1.682e-01	+1.375e-03	+3.587e-04	+1.430e-05	+1.019e-09	+5.297e-07	-1.014e-10
88.00	+1.678e-01	+1.362e-03	+3.515e-04	+1.245e-05	+8.126e-10	+4.580e-07	-1.338e-10
89.00	+1.683e-01	+1.374e-03	+3.906e-04	+1.471e-05	+1.099e-09	+5.435e-07	-1.921e-10
90.00	+1.682e-01	+1.418e-03	+3.663e-04	+1.426e-05	+1.029e-09	+5.370e-07	-6.073e-11
91.00	+1.680e-01	+1.370e-03	+3.318e-04	+1.339e-05	+8.921e-10	+4.951e-07	+6.658e-12
92.00	+1.682e-01	+1.359e-03	+3.592e-04	+1.491e-05	+1.091e-09	+5.493e-07	-1.192e-11
93.00	+1.680e-01	+1.366e-03	+3.650e-04	+1.377e-05	+9.754e-10	+5.090e-07	-4.821e-11
94.00	+1.682e-01	+1.364e-03	+3.608e-04	+1.442e-05	+1.035e-09	+5.322e-07	-9.836e-11
95.00	+1.681e-01	+1.384e-03	+3.660e-04	+1.396e-05	+9.961e-10	+5.193e-07	-5.621e-11
96.00	+1.681e-01	+1.343e-03	+3.592e-04	+1.406e-05	+9.934e-10	+5.149e-07	-1.049e-10
97.00	+1.682e-01	+1.395e-03	+3.600e-04	+1.378e-05	+9.679e-10	+5.145e-07	-7.096e-11
98.00	+1.680e-01	+1.352e-03	+3.540e-04	+1.363e-05	+9.416e-10	+5.006e-07	-9.581e-11
99.00	+1.681e-01	+1.388e-03	+3.586e-04	+1.389e-05	+9.788e-10	+5.175e-07	-5.826e-11
100.00	+1.681e-01	+1.350e-03	+3.609e-04	+1.375e-05	+9.653e-10	+5.050e-07	-7.627e-11
101.00	+1.680e-01	+1.364e-03	+3.567e-04	+1.357e-05	+9.410e-10	+5.009e-07	-6.962e-11
102.00	+1.679e-01	+1.344e-03	+3.495e-04	+1.339e-05	+9.123e-10	+4.905e-07	-7.736e-11
103.00	+1.682e-01	+1.396e-03	+3.637e-04	+1.434e-05	+1.032e-09	+5.357e-07	-8.208e-11
104.00	+1.680e-01	+1.346e-03	+3.506e-04	+1.365e-05	+9.421e-10	+5.009e-07	-7.034e-11
105.00	+1.681e-01	+1.387e-03	+3.524e-04	+1.404e-05	+9.841e-10	+5.227e-07	-7.925e-11
106.00	+1.681e-01	+1.366e-03	+3.613e-04	+1.407e-05	+1.000e-09	+5.200e-07	-7.944e-11
107.00	+1.681e-01	+1.366e-03	+3.564e-04	+1.384e-05	+9.698e-10	+5.115e-07	-6.221e-11
108.00	+1.681e-01	+1.383e-03	+3.533e-04	+1.388e-05	+9.683e-10	+5.159e-07	-8.088e-11
109.00	+1.682e-01	+1.380e-03	+3.674e-04	+1.387e-05	+9.874e-10	+5.153e-07	-7.941e-11
110.00	+1.680e-01	+1.361e-03	+3.532e-04	+1.336e-05	+9.161e-10	+4.929e-07	-5.975e-11
111.00	+1.681e-01	+1.379e-03	+3.617e-04	+1.405e-05	+9.955e-10	+5.212e-07	-1.098e-10
112.00	+1.680e-01	+1.365e-03	+3.568e-04	+1.327e-05	+9.117e-10	+4.904e-07	-5.636e-11
113.00	+1.680e-01	+1.333e-03	+3.573e-04	+1.389e-05	+9.739e-10	+5.065e-07	-9.133e-11
114.00	+1.680e-01	+1.366e-03	+3.604e-04	+1.375e-05	+9.658e-10	+5.081e-07	-6.872e-11
115.00	+1.679e-01	+1.336e-03	+3.504e-04	+1.334e-05	+9.100e-10	+4.876e-07	-6.644e-11
116.00	+1.683e-01	+1.427e-03	+3.605e-04	+1.439e-05	+1.033e-09	+5.434e-07	-8.919e-11
117.00	+1.682e-01	+1.384e-03	+3.664e-04	+1.450e-05	+1.052e-09	+5.390e-07	-1.078e-10
118.00	+1.683e-01	+1.365e-03	+3.671e-04	+1.455e-05	+1.057e-09	+5.373e-07	-1.115e-10
119.00	+1.682e-01	+1.398e-03	+3.646e-04	+1.421e-05	+1.020e-09	+5.312e-07	-6.578e-11
120.00	+1.682e-01	+1.366e-03	+3.674e-04	+1.406e-05	+1.008e-09	+5.196e-07	-7.026e-11
121.00	+1.681e-01	+1.396e-03	+3.479e-04	+1.388e-05	+9.621e-10	+5.185e-07	-7.155e-11
122.00	+1.682e-01	+1.352e-03	+3.712e-04	+1.408e-05	+1.013e-09	+5.175e-07	-1.035e-10
123.00	+1.681e-01	+1.414e-03	+3.475e-04	+1.352e-05	+9.217e-10	+5.081e-07	-1.005e-10
124.00	+1.680e-01	+1.307e-03	+3.633e-04	+1.376e-05	+9.713e-10	+4.974e-07	-6.198e-11
125.00	+1.682e-01	+1.402e-03	+3.562e-04	+1.388e-05	+9.723e-10	+5.194e-07	-7.755e-11
126.00	+1.680e-01	+1.345e-03	+3.598e-04	+1.340e-05	+9.277e-10	+4.913e-07	-6.903e-11
127.00	+1.681e-01	+1.386e-03	+3.640e-04	+1.414e-05	+1.009e-09	+5.256e-07	-1.069e-10
128.00	+1.682e-01	+1.386e-03	+3.604e-04	+1.392e-05	+9.826e-10	+5.178e-07	-7.488e-11
129.00	+1.679e-01	+1.335e-03	+3.476e-04	+1.308e-05	+8.790e-10	+4.773e-07	-6.871e-11
130.00	+1.680e-01	+1.359e-03	+3.530e-04	+1.396e-05	+9.748e-10	+5.142e-07	-1.043e-10
131.00	+1.681e-01	+1.362e-03	+3.627e-04	+1.380e-05	+9.731e-10	+5.092e-07	-8.391e-11
132.00	+1.680e-01	+1.379e-03	+3.525e-04	+1.344e-05	+9.217e-10	+4.988e-07	-7.506e-11
133.00	+1.680e-01	+1.350e-03	+3.534e-04	+1.355e-05	+9.364e-10	+4.978e-07	-4.673e-11
134.00	+1.682e-01	+1.376e-03	+3.703e-04	+1.411e-05	+1.016e-09	+5.229e-07	-8.766e-11
135.00	+1.683e-01	+1.393e-03	+3.537e-04	+1.416e-05	+9.988e-10	+5.286e-07	-8.583e-11
136.00	+1.680e-01	+1.357e-03	+3.581e-04	+1.355e-05	+9.400e-10	+4.989e-07	-8.223e-11
137.00	+1.682e-01	+1.386e-03	+3.560e-04	+1.401e-05	+9.840e-10	+5.207e-07	-1.004e-10
138.00	+1.682e-01	+1.382e-03	+3.612e-04	+1.450e-05	+1.044e-09	+5.388e-07	-1.101e-10
139.00	+1.680e-01	+1.354e-03	+3.505e-04	+1.332e-05	+9.082e-10	+4.902e-07	-6.187e-11
140.00	+1.680e-01	+1.366e-03	+3.598e-04	+1.378e-05	+9.645e-10	+5.087e-07	-1.049e-10
141.00	+1.681e-01	+1.374e-03	+3.633e-04	+1.398e-05	+9.917e-10	+5.178e-07	-9.672e-11
142.00	+1.681e-01	+1.370e-03	+3.623e-04	+1.357e-05	+9.468e-10	+5.017e-07	-9.577e-11
143.00	+1.681e-01	+1.344e-03	+3.743e-04	+1.427e-05	+1.038e-09	+5.230e-07	-9.707e-11
144.00	+1.681e-01	+1.366e-03	+3.532e-04	+1.364e-05	+9.454e-10	+5.040e-07	-4.570e-11
145.00	+1.681e-01	+1.377e-03	+3.515e-04	+1.414e-05	+9.936e-10	+5.246e-07	-8.457e-11
146.00	+1.681e-01	+1.369e-03	+3.656e-04	+1.371e-05	+9.669e-10	+5.070e-07	-8.734e-11
147.00	+1.680e-01	+1.344e-03	+3.598e-04	+1.369e-05	+9.597e-10	+5.017e-07	-4.334e-11
148.00	+1.681e-01	+1.384e-03	+3.564e-04	+1.383e-05	+9.685e-10	+5.144e-07	-6.591e-11
149.00	+1.680e-01	+1.359e-03	+3.566e-04	+1.394e-05	+9.781e-10	+5.135e-07	-9.406e-11
150.00	+1.679e-01	+1.340e-03	+3.483e-04	+1.331e-05	+9.027e-10	+4.869e-07	-7.892e-11
151.00	+1.680e-01	+1.390e-03	+3.455e-04	+1.348e-05	+9.161e-10	+5.019e-07	-8.113e-11
152.00	+1.679e-01	+1.361e-03	+3.405e-04	+1.288e-05	+8.498e-10	+4.752e-07	-7.725e-11
153.00	+1.679e-01	+1.334e-03	+3.508e-04	+1.311e-05	+8.867e-10	+4.788e-07	-6.934e-11
154.00	+1.680e-01	+1.345e-03	+3.580e-04	+1.402e-05	+9.887e-10	+5.138e-07	-9.160e-11
155.00	+1.681e-01	+1.366e-03	+3.633e-04	+1.426e-05	+1.021e-09	+5.264e-07	-1.035e-10
156.00	+1.682e-01	+1.381e-03	+3.651e-04	+1.421e-05	+1.022e-09	+5.280e-07	-5.476e-11
157.00	+1.681e-01	+1.360e-03	+3.655e-04	+1.380e-05	+9.771e-10	+5.087e-07	-7.275e-11
158.00	+1.681e-01	+1.388e-03	+3.583e-04	+1.387e-05	+9.747e-10	+5.168e-07	-8.006e-11
159.00	+1.681e-01	+1.364e-03	+3.597e-04	+1.396e-05	+9.879e-10	+5.156e-07	-5.286e-11
160.00	+1.682e-01	+1.387e-03	+3.587e-04	+1.392e-05	+9.814e-10	+5.184e-07	-7.273e-11
161.00	+1.681e-01	+1.371e-03	+3.593e-04	+1.361e-05	+9.490e-10	+5.038e-07	-6.934e-11
162.00	+1.683e-01	+1.391e-03	+3.690e-04	+1.437e-05	+1.043e-09	+5.358e-07	-8.146e-11
163.00	+1.682e-01	+1.407e-03	+3.547e-04	+1.406e-05	+9.888e-10	+5.270e-07	-9.626e-11
164.00	+1.682e-01	+1.378e-03	+3.602e-04	+1.424e-05	+1.016e-09	+5.284e-07	-8.249e-11
165.00	+1.681e-01	+1.362e-03	+3.638e-04	+1.390e-05	+9.861e-10	+5.131e-07	-7.320e-11
166.00	+1.681e-01	+1.378e-03	+3.584e-04	+1.390e-05	+9.789e-10	+5.160e-07	-6.606e-11
167.00	+1.681e-01	+1.376e-03	+3.612e-04	+1.398e-05	+9.905e-10	+5.184e-07	-7.219e-11
168.00	+1.680e-01	+1.363e-03	+3.529e-04	+1.361e-05	+9.385e-10	+5.021e-07	-9.485e-11
169.00	+1.682e-01	+1.380e-03	+3.675e-04	+1.429e-05	+1.032e-09	+5.306e-07	-8.337e-11
170.00	+1.681e-01	+1.374e-03	+3.650e-04	+1.433e-05	+1.033e-09	+5.309e-07	-7.982e-11
171.00	+1.681e-01	+1.375e-03	+3.603e-04	+1.378e-05	+9.677e-10	+5.108e-07	-7.885e-11
172.00	+1.681e-01	+1.336e-03	+3.640e-04	+1.404e-05	+9.986e-10	+5.128e-07	-9.761e-11
173.00	+1.680e-01	+1.365e-03	+3.537e-04	+1.348e-05	+9.281e-10	+4.979e-07	-6.574e-11
174.00	+1.681e-01	+1.348e-03	+3.610e-04	+1.363e-05	+9.529e-10	+5.005e-07	-8.401e-11
175.00	+1.681e-01	+1.368e-03	+3.539e-04	+1.396e-05	+9.780e-10	+5.159e-07	-7.488e-11
176.00	+1.681e-01	+1.372e-03	+3.635e-04	+1.366e-05	+9.599e-10	+5.059e-07	-7.175e-11
177.00	+1.682e-01	+1.375e-03	+3.587e-04	+1.430e-05	+1.019e-09	+5.297e-07	-1.014e-10
178.00	+1.678e-01	+1.362e-03	+3.515e-04	+1.245e-05	+8.126e-10	+4.580e-07	-1.338e-10
179.00	+1.683e-01	+1.374e-03	+3.906e-04	+1.471e-05	+1.099e-09	+5.435e-07	-1.921e-10
180.00	+1.682e-01	+1.418e-03	+3.663e-04	+1.426e-05	+1.029e-09	+5.370e-07	-6.073e-11
181.00	+1.680e-01	+1.370e-03	+3.318e-04	+1.339e-05	+8.921e-10	+4.951e-07	+6.658e-12
182.00	+1.682e-01	+1.359e-03	+3.592e-04	+1.491e-05	+1.091e-09	+5.493e-07	-1.192e-11
183.00	+1.680e-01	+1.366e-03	+3.650e-04	+1.377e-05	+9.754e-10	+5.090e-07	-4.821e-11
184.00	+1.682e-01	+1.364e-03	+3.608e-04	+1.442e-05	+1.035e-09	+5.322e-07	-9.836e-11
185.00	+1.681e-01	+1.384e-03	+3.660e-04	+1.396e-05	+9.961e-10	+5.193e-07	-5.621e-11
186.00	+1.681e-01	+1.343e-03	+3.592e-04	+1.406e-05	+9.934e-10	+5.149e-07	-1.049e-10
187.00	+1.682e-01	+1.395e-03	+3.600e-04	+1.378e-05	+9.679e-10	+5.145e-07	-7.096e-11
188.00	+1.680e-01	+1.352e-03	+3.540e-04	+1.363e-05	+9.416e-10	+5.006e-07	-9.581e-11
189.00	+1.681e-01	+1.388e-03	+3.586e-04	+1.389e-05	+9.788e-10	+5.175e-07	-5.826e-11
190.00	+1.681e-01	+1.350e-03	+3.609e-04	+1.375e-05	+9.653e-10	+5.050e-07	-7.627e-11
191.00	+1.680e-01	+1.364e-03	+3.567e-04	+1.357e-05	+9.410e-10	+5.009e-07	-6.962e-11
192.00	+1.679e-01	+1.344e-03	+3.495e-04	+1.339e-05	+9.123e-10	+4.905e-07	-7.736e-11
193.00	+1.682e-01	+1.396e-03	+3.637e-04	+1.434e-05	+1.032e-09	+5.357e-07	-8.208e-11
194.00	+1.680e-01	+1.346e-03	+3.506e-04	+1.365e-05	+9.421e-10	+5.009e-07	-7.034e-11
195.00	+1.681e-01	+1.387e-03	+3.524e-04	+1.404e-05	+9.841e-10	+5.227e-07	-7.925e-11
196.00	+1.681e-01	+1.366e-03	+3.613e-04	+1.407e-05	+1.000e-09	+5.200e-07	-7.944e-11
197.00	+1.681e-01	+1.366e-03	+3.564e-04	+1.384e-05	+9.698e-10	+5.115e-07	-6.221e-11
198.00	+1.681e-01	+1.383e-03	+3.533e-04	+1.388e-05	+9.683e-10	+5.159e-07	-8.088e-11
199.00	+1.682e-01	+1.380e-03	+3.674e-04	+1.387e-05	+9.874e-10	+5.153e-07	-7.941e-11
200.00	+1.680e-01	+1.361e-03	+3.532e-04	+1.336e-05	+9.161e-10	+4.929e-07	-5.975e-11
201.00	+1.681e-01	+1.379e-03	+3.617e-04	+1.405e-05	+9.955e-10	+5.212e-07	-1.098e-10
202.00	+1.680e-01	+1.365e-03	+3.568e-04	+1.327e-05	+9.117e-10	+4.904e-07	-5.636e-11
203.00	+1.680e-01	+1.333e-03	+3.573e-04	+1.389e-05	+9.739e-10	+5.065e-07	-9.133e-11
204.00	+1.680e-01	+1.366e-03	+3.604e-04	+1.375e-05	+9.658e-10	+5.081e-07	-6.872e-11
205.00	+1.679e-01	+1.336e-03	+3.504e-04	+1.334e-05	+9.100e-10	+4.876e-07	-6.644e-11
206.00	+1.683e-01	+1.427e-03	+3.605e-04	+1.439e-05	+1.033e-09	+5.434e-07	-8.919e-11
207.00	+1.682e-01	+1.373e-03	+3.668e-04	+1.449e-05	+1.050e-09	+5.364e-07	-1.127e-10
208.00	+1.683e-01	+1.365e-03	+3.671e-04	+1.455e-05	+1.057e-09	+5.373e-07	-1.115e-10
209.00	+1.682e-01	+1.398e-03	+3.646e-04	+1.421e-05	+1.020e-09	+5.312e-07	-6.578e-11
210.00	+1.682e-01	+1.366e-03	+3.674e-04	+1.406e-05	+1.008e-09	+5.196e-07	-7.026e-11
211.00	+1.681e-01	+1.396e-03	+3.479e-04	+1.388e-05	+9.621e-10	+5.185e-07	-7.155e-11
212.00	+1.682e-01	+1.352e-03	+3.712e-04	+1.408e-05	+1.013e-09	+5.175e-07	-1.035e-10
213.00	+1.681e-01	+1.414e-03	+3.475e-04	+1.352e-05	+9.217e-10	+5.081e-07	-1.005e-10
214.00	+1.680e-01	+1.307e-03	+3.633e-04	+1.376e-05	+9.713e-10	+4.974e-07	-6.198e-11
215.00	+1.682e-01	+1.405e-03	+3.552e-04	+1.377e-05	+9.598e-10	+5.160e-07	-7.798e-11
216.00	+1.680e-01	+1.345e-03	+3.598e-04	+1.340e-05	+9.277e-10	+4.913e-07	-6.903e-11
217.00	+1.681e-01	+1.386e-03	+3.640e-04	+1.414e-05	+1.009e-09	+5.256e-07	-1.069e-10
218.00	+1.682e-01	+1.386e-03	+3.604e-04	+1.392e-05	+9.826e-10	+5.178e-07	-7.488e-11
219.00	+1.679e-01	+1.335e-03	+3.476e-04	+1.308e-05	+8.790e-10	+4.773e-07	-6.871e-11
220.00	+1.680e-01	+1.359e-03	+3.530e-04	+1.396e-05	+9.748e-10	+5.142e-07	-1.043e-10
221.00	+1.681e-01	+1.362e-03	+3.627e-04	+1.380e-05	+9.731e-10	+5.092e-07	-8.391e-11
222.00	+1.680e-01	+1.379e-03	+3.525e-04	+1.344e-05	+9.217e-10	+4.988e-07	-7.506e-11
223.00	+1.680e-01	+1.350e-03	+3.534e-04	+1.355e-05	+9.364e-10	+4.978e-07	-4.673e-11
224.00	+1.682e-01	+1.376e-03	+3.703e-04	+1.411e-05	+1.016e-09	+5.229e-07	-8.766e-11
225.00	+1.683e-01	+1.393e-03	+3.537e-04	+1.416e-05	+9.988e-10	+5.286e-07	-8.583e-11
226.00	+1.680e-01	+1.357e-03	+3.581e-04	+1.355e-05	+9.400e-10	+4.989e-07	-8.223e-11
227.00	+1.682e-01	+1.386e-03	+3.560e-04	+1.401e-05	+9.840e-10	+5.207e-07	-1.004e-10
228.00	+1.682e-01	+1.374e-03	+3.589e-04	+1.441e-05	+1.031e-09	+5.340e-07	-1.020e-10
229.00	+1.680e-01	+1.354e-03	+3.505e-04	+1.332e-05	+9.082e-10	+4.902e-07	-6.187e-11
230.00	+1.680e-01	+1.366e-03	+3.598e-04	+1.378e-05	+9.645e-10	+5.087e-07	-1.049e-10
231.00	+1.681e-01	+1.374e-03	+3.633e-04	+1.398e-05	+9.917e-10	+5.178e-07	-9.672e-11
232.00	+1.681e-01	+1.370e-03	+3.623e-04	+1.357e-05	+9.468e-10	+5.017e-07	-9.577e-11
233.00	+1.681e-01	+1.344e-03	+3.743e-04	+1.427e-05	+1.038e-09	+5.230e-07	-9.707e-11
234.00	+1.681e-01	+1.366e-03	+3.532e-04	+1.364e-05	+9.454e-10	+5.040e-07	-4.570e-11
235.00	+1.681e-01	+1.377e-03	+3.515e-04	+1.414e-05	+9.936e-10	+5.246e-07	-8.457e-11
236.00	+1.681e-01	+1.369e-03	+3.656e-04	+1.371e-05	+9.669e-10	+5.070e-07	-8.734e-11
237.00	+1.680e-01	+1.344e-03	+3.598e-04	+1.369e-05	+9.597e-10	+5.017e-07	-4.334e-11
238.00	+1.681e-01	+1.384e-03	+3.564e-04	+1.383e-05	+9.685e-10	+5.144e-07	-6.591e-11
239.00	+1.680e-01	+1.359e-03	+3.566e-04	+1.394e-05	+9.781e-10	+5.135e-07	-9.406e-11
240.00	+1.679e-01	+1.340e-03	+3.483e-04	+1.331e-05	+9.027e-10	+4.869e-07	-7.892e-11
241.00	+1.680e-01	+1.390e-03	+3.435e-04	+1.334e-05	+8.987e-10	+4.966e-07	-8.364e-11
242.00	+1.679e-01	+1.361e-03	+3.405e-04	+1.288e-05	+8.498e-10	+4.752e-07	-7.725e-11
243.00	+1.679e-01	+1.334e-03	+3.508e-04	+1.311e-05	+8.867e-10	+4.788e-07	-6.934e-11
244.00	+1.680e-01	+1.345e-03	+3.580e-04	+1.402e-05	+9.887e-10	+5.138e-07	-9.160e-11
245.00	+1.681e-01	+1.366e-03	+3.633e-04	+1.426e-05	+1.021e-09	+5.264e-07	-1.035e-10
246.00	+1.682e-01	+1.385e-03	+3.643e-04	+1.410e-05	+1.009e-09	+5.248e-07	-5.537e-11
247.00	+1.681e-01	+1.360e-03	+3.655e-04	+1.380e-05	+9.771e-10	+5.087e-07	-7.275e-11
248.00	+1.681e-01	+1.388e-03	+3.583e-04	+1.387e-05	+9.747e-10	+5.168e-07	-8.006e-11
249.00	+1.681e-01	+1.364e-03	+3.597e-04	+1.396e-05	+9.879e-10	+5.156e-07	-5.286e-11
250.00	+1.682e-01	+1.387e-03	+3.587e-04	+1.392e-05	+9.814e-10	+5.184e-07	-7.273e-11
251.00	+1.681e-01	+1.371e-03	+3.593e-04	+1.361e-05	+9.490e-10	+5.038e-07	-6.934e-11
252.00	+1.683e-01	+1.391e-03	+3.690e-04	+1.437e-05	+1.043e-09	+5.358e-07	-8.146e-11
253.00	+1.681e-01	+1.396e-03	+3.521e-04	+1.391e-05	+9.687e-10	+5.191e-07	-9.689e-11
254.00	+1.682e-01	+1.378e-03	+3.602e-04	+1.424e-05	+1.016e-09	+5.284e-07	-8.249e-11
255.00	+1.681e-01	+1.362e-03	+3.638e-04	+1.390e-05	+9.861e-10	+5.131e-07	-7.320e-11
256.00	+1.681e-01	+1.378e-03	+3.584e-04	+1.390e-05	+9.789e-10	+5.160e-07	-6.606e-11
257.00	+1.681e-01	+1.369e-03	+3.634e-04	+1.392e-05	+9.868e-10	+5.149e-07	-7.287e-11
258.00	+1.680e-01	+1.363e-03	+3.529e-04	+1.361e-05	+9.385e-10	+5.021e-07	-9.485e-11
259.00	+1.682e-01	+1.380e-03	+3.675e-04	+1.429e-05	+1.032e-09	+5.306e-07	-8.337e-11
260.00	+1.681e-01	+1.374e-03	+3.650e-04	+1.433e-05	+1.033e-09	+5.309e-07	-7.982e-11
261.00	+1.681e-01	+1.375e-03	+3.603e-04	+1.378e-05	+9.677e-10	+5.108e-07	-7.885e-11
262.00	+1.681e-01	+1.336e-03	+3.640e-04	+1.404e-05	+9.986e-10	+5.128e-07	-9.761e-11
263.00	+1.680e-01	+1.365e-03	+3.537e-04	+1.348e-05	+9.281e-10	+4.979e-07	-6.574e-11
264.00	+1.681e-01	+1.348e-03	+3.610e-04	+1.363e-05	+9.529e-10	+5.005e-07	-8.401e-11
265.00	+1.681e-01	+1.368e-03	+3.539e-04	+1.396e-05	+9.780e-10	+5.159e-07	-7.488e-11
266.00	+1.681e-01	+1.372e-03	+3.635e-04	+1.366e-05	+9.599e-10	+5.059e-07	-7.175e-11
267.00	+1.682e-01	+1.375e-03	+3.587e-04	+1.430e-05	+1.019e-09	+5.297e-07	-1.014e-10
268.00	+1.678e-01	+1.362e-03	+3.515e-04	+1.245e-05	+8.126e-10	+4.580e-07	-1.338e-10
269.00	+1.683e-01	+1.374e-03	+3.906e-04	+1.471e-05	+1.099e-09	+5.435e-07	-1.921e-10
270.00	+1.682e-01	+1.418e-03	+3.663e-04	+1.426e-05	+1.029e-09	+5.370e-07	-6.073e-11
271.00	+1.680e-01	+1.370e-03	+3.318e-04	+1.339e-05	+8.921e-10	+4.951e-07	+6.658e-12
272.00	+1.682e-01	+1.359e-03	+3.592e-04	+1.491e-05	+1.091e-09	+5.493e-07	-1.192e-11
273.00	+1.680e-01	+1.366e-03	+3.650e-04	+1.377e-05	+9.754e-10	+5.090e-07	-4.821e-11
274.00	+1.682e-01	+1.364e-03	+3.608e-04	+1.442e-05	+1.035e-09	+5.322e-07	-9.836e-11
275.00	+1.681e-01	+1.384e-03	+3.660e-04	+1.396e-05	+9.961e-10	+5.193e-07	-5.621e-11
276.00	+1.681e-01	+1.343e-03	+3.592e-04	+1.406e-05	+9.934e-10	+5.149e-07	-1.049e-10
277.00	+1.682e-01	+1.395e-03	+3.600e-04	+1.378e-05	+9.679e-10	+5.145e-07	-7.096e-11
278.00	+1.680e-01	+1.352e-03	+3.540e-04	+1.363e-05	+9.416e-10	+5.006e-07	-9.581e-11
279.00	+1.681e-01	+1.388e-03	+3.586e-04	+1.389e-05	+9.788e-10	+5.175e-07	-5.826e-11
280.00	+1.681e-01	+1.350e-03	+3.609e-04	+1.375e-05	+9.653e-10	+5.050e-07	-7.627e-11
281.00	+1.680e-01	+1.364e-03	+3.567e-04	+1.357e-05	+9.410e-10	+5.009e-07	-6.962e-11
282.00	+1.679e-01	+1.344e-03	+3.495e-04	+1.339e-05	+9.123e-10	+4.905e-07	-7.736e-11
283.00	+1.682e-01	+1.396e-03	+3.637e-04	+1.434e-05	+1.032e-09	+5.357e-07	-8.208e-11
284.00	+1.680e-01	+1.354e-03	+3.529e-04	+1.373e-05	+9.539e-10	+5.054e-07	-6.451e-11
285.00	+1.681e-01	+1.387e-03	+3.524e-04	+1.404e-05	+9.841e-10	+5.227e-07	-7.925e-11
286.00	+1.681e-01	+1.366e-03	+3.613e-04	+1.407e-05	+1.000e-09	+5.200e-07	-7.944e-11
287.00	+1.681e-01	+1.366e-03	+3.564e-04	+1.384e-05	+9.698e-10	+5.115e-07	-6.221e-11
288.00	+1.681e-01	+1.383e-03	+3.533e-04	+1.388e-05	+9.683e-10	+5.159e-07	-8.088e-11
289.00	+1.682e-01	+1.380e-03	+3.674e-04	+1.387e-05	+9.874e-10	+5.153e-07	-7.941e-11
290.00	+1.680e-01	+1.361e-03	+3.532e-04	+1.336e-05	+9.161e-10	+4.929e-07	-5.975e-11
291.00	+1.681e-01	+1.379e-03	+3.617e-04	+1.405e-05	+9.955e-10	+5.212e-07	-1.098e-10
292.00	+1.680e-01	+1.365e-03	+3.568e-04	+1.327e-05	+9.117e-10	+4.904e-07	-5.636e-11
293.00	+1.680e-01	+1.333e-03	+3.573e-04	+1.389e-05	+9.739e-10	+5.065e-07	-9.133e-11
294.00	+1.680e-01	+1.366e-03	+3.604e-04	+1.375e-05	+9.658e-10	+5.081e-07	-6.872e-11
295.00	+1.679e-01	+1.336e-03	+3.504e-04	+1.334e-05	+9.100e-10	+4.876e-07	-6.644e-11
296.00	+1.683e-01	+1.427e-03	+3.605e-04	+1.439e-05	+1.033e-09	+5.434e-07	-8.919e-11
297.00	+1.682e-01	+1.373e-03	+3.668e-04	+1.449e-05	+1.050e-09	+5.364e-07	-1.127e-10
298.00	+1.683e-01	+1.365e-03	+3.671e-04	+1.455e-05	+1.057e-09	+5.373e-07	-1.115e-10
299.00	+1.682e-01	+1.400e-03	+3.628e-04	+1.417e-05	+1.014e-09	+5.301e-07	-6.633e-11
300.00	+1.682e-01	+1.366e-03	+3.674e-04	+1.406e-05	+1.008e-09	+5.196e-07	-7.026e-11
301.00	+1.681e-01	+1.396e-03	+3.479e-04	+1.388e-05	+9.621e-10	+5.185e-07	-7.155e-11
302.00	+1.682e-01	+1.352e-03	+3.712e-04	+1.408e-05	+1.013e-09	+5.175e-07	-1.035e-10
303.00	+1.681e-01	+1.414e-03	+3.475e-04	+1.352e-05	+9.217e-10	+5.081e-07	-1.005e-10
304.00	+1.680e-01	+1.307e-03	+3.633e-04	+1.376e-05	+9.713e-10	+4.974e-07	-6.198e-11
305.00	+1.682e-01	+1.405e-03	+3.552e-04	+1.377e-05	+9.598e-10	+5.160e-07	-7.798e-11
306.00	+1.680e-01	+1.345e-03	+3.598e-04	+1.340e-05	+9.277e-10	+4.913e-07	-6.903e-11
307.00	+1.681e-01	+1.386e-03	+3.640e-04	+1.414e-05	+1.009e-09	+5.256e-07	-1.069e-10
308.00	+1.682e-01	+1.386e-03	+3.604e-04	+1.392e-05	+9.826e-10	+5.178e-07	-7.488e-11
309.00	+1.679e-01	+1.335e-03	+3.476e-04	+1.308e-05	+8.790e-10	+4.773e-07	-6.871e-11
310.00	+1.680e-01	+1.359e-03	+3.530e-04	+1.396e-05	+9.748e-10	+5.142e-07	-1.043e-10
311.00	+1.681e-01	+1.362e-03	+3.627e-04	+1.380e-05	+9.731e-10	+5.092e-07	-8.391e-11
312.00	+1.680e-01	+1.379e-03	+3.525e-04	+1.344e-05	+9.217e-10	+4.988e-07	-7.506e-11
313.00	+1.680e-01	+1.350e-03	+3.534e-04	+1.355e-05	+9.364e-10	+4.978e-07	-4.673e-11
314.00	+1.682e-01	+1.376e-03	+3.703e-04	+1.411e-05	+1.016e-09	+5.229e-07	-8.766e-11
315.00	+1.683e-01	+1.393e-03	+3.537e-04	+1.416e-05	+9.988e-10	+5.286e-07	-8.583e-11
316.00	+1.680e-01	+1.357e-03	+3.581e-04	+1.355e-05	+9.400e-10	+4.989e-07	-8.223e-11
317.00	+1.682e-01	+1.386e-03	+3.560e-04	+1.401e-05	+9.840e-10	+5.207e-07	-1.004e-10
318.00	+1.682e-01	+1.382e-03	+3.612e-04	+1.450e-05	+1.044e-09	+5.388e-07	-1.101e-10
319.00	+1.680e-01	+1.354e-03	+3.505e-04	+1.332e-05	+9.082e-10	+4.902e-07	-6.187e-11
320.00	+1.680e-01	+1.366e-03	+3.598e-04	+1.378e-05	+9.645e-10	+5.087e-07	-1.049e-10
321.00	+1.681e-01	+1.374e-03	+3.633e-04	+1.398e-05	+9.917e-10	+5.178e-07	-9.672e-11
322.00	+1.681e-01	+1.370e-03	+3.623e-04	+1.357e-05	+9.468e-10	+5.017e-07	-9.577e-11
323.00	+1.681e-01	+1.344e-03	+3.743e-04	+1.427e-05	+1.038e-09	+5.230e-07	-9.707e-11
324.00	+1.681e-01	+1.366e-03	+3.532e-04	+1.364e-05	+9.454e-10	+5.040e-07	-4.570e-11
325.00	+1.681e-01	+1.377e-03	+3.515e-04	+1.414e-05	+9.936e-10	+5.246e-07	-8.457e-11
326.00	+1.681e-01	+1.369e-03	+3.656e-04	+1.371e-05	+9.669e-10	+5.070e-07	-8.734e-11
327.00	+1.680e-01	+1.344e-03	+3.598e-04	+1.369e-05	+9.597e-10	+5.017e-07	-4.334e-11
328.00	+1.681e-01	+1.384e-03	+3.564e-04	+1.383e-05	+9.685e-10	+5.144e-07	-6.591e-11
329.00	+1.680e-01	+1.359e-03	+3.566e-04	+1.394e-05	+9.781e-10	+5.135e-07	-9.406e-11
330.00	+1.679e-01	+1.340e-03	+3.483e-04	+1.331e-05	+9.027e-10	+4.869e-07	-7.892e-11
331.00	+1.680e-01	+1.390e-03	+3.435e-04	+1.334e-05	+8.987e-10	+4.966e-07	-8.364e-11
332.00	+1.679e-01	+1.361e-03	+3.405e-04	+1.288e-05	+8.498e-10	+4.752e-07	-7.725e-11
333.00	+1.679e-01	+1.344e-03	+3.503e-04	+1.313e-05	+8.876e-10	+4.812e-07	-6.522e-11
334.00	+1.680e-01	+1.345e-03	+3.580e-04	+1.402e-05	+9.887e-10	+5.138e-07	-9.160e-11
335.00	+1.681e-01	+1.366e-03	+3.633e-04	+1.426e-05	+1.021e-09	+5.264e-07	-1.035e-10
336.00	+1.682e-01	+1.381e-03	+3.651e-04	+1.421e-05	+1.022e-09	+5.280e-07	-5.476e-11
337.00	+1.681e-01	+1.360e-03	+3.655e-04	+1.380e-05	+9.771e-10	+5.087e-07	-7.275e-11
338.00	+1.681e-01	+1.388e-03	+3.583e-04	+1.387e-05	+9.747e-10	+5.168e-07	-8.006e-11
339.00	+1.681e-01	+1.364e-03	+3.597e-04	+1.396e-05	+9.879e-10	+5.156e-07	-5.286e-11
340.00	+1.682e-01	+1.387e-03	+3.587e-04	+1.392e-05	+9.814e-10	+5.184e-07	-7.273e-11
341.00	+1.681e-01	+1.371e-03	+3.593e-04	+1.361e-05	+9.490e-10	+5.038e-07	-6.934e-11
342.00	+1.683e-01	+1.391e-03	+3.690e-04	+1.437e-05	+1.043e-09	+5.358e-07	-8.146e-11
343.00	+1.682e-01	+1.407e-03	+3.547e-04	+1.406e-05	+9.888e-10	+5.270e-07	-9.626e-11
344.00	+1.682e-01	+1.378e-03	+3.602e-04	+1.424e-05	+1.016e-09	+5.284e-07	-8.249e-11
345.00	+1.681e-01	+1.362e-03	+3.638e-04	+1.390e-05	+9.861e-10	+5.131e-07	-7.320e-11
346.00	+1.681e-01	+1.378e-03	+3.584e-04	+1.390e-05	+9.789e-10	+5.160e-07	-6.606e-11
347.00	+1.681e-01	+1.369e-03	+3.634e-04	+1.392e-05	+9.868e-10	+5.149e-07	-7.287e-11
348.00	+1.680e-01	+1.363e-03	+3.529e-04	+1.361e-05	+9.385e-10	+5.021e-07	-9.485e-11
349.00	+1.682e-01	+1.380e-03	+3.675e-04	+1.429e-05	+1.032e-09	+5.306e-07	-8.337e-11
350.00	+1.681e-01	+1.374e-03	+3.650e-04	+1.433e-05	+1.033e-09	+5.309e-07	-7.982e-11
351.00	+1.681e-01	+1.375e-03	+3.603e-04	+1.378e-05	+9.677e-10	+5.108e-07	-7.885e-11
352.00	+1.681e-01	+1.336e-03	+3.640e-04	+1.404e-05	+9.986e-10	+5.128e-07	-9.761e-11
353.00	+1.680e-01	+1.365e-03	+3.537e-04	+1.348e-05	+9.281e-10	+4.979e-07	-6.574e-11
354.00	+1.681e-01	+1.348e-03	+3.610e-04	+1.363e-05	+9.529e-10	+5.005e-07	-8.401e-11
355.00	+1.681e-01	+1.368e-03	+3.539e-04	+1.396e-05	+9.780e-10	+5.159e-07	-7.488e-11
356.00	+1.681e-01	+1.372e-03	+3.635e-04	+1.366e-05	+9.599e-10	+5.059e-07	-7.175e-11
357.00	+1.682e-01	+1.375e-03	+3.587e-04	+1.430e-05	+1.019e-09	+5.297e-07	-1.014e-10
358.00	+1.678e-01	+1.362e-03	+3.515e-04	+1.245e-05	+8.126e-10	+4.580e-07	-1.338e-10
359.00	+1.683e-01	+1.374e-03	+3.906e-04	+1.471e-05	+1.099e-09	+5.435e-07	-1.921e-10
