0.00	+1.874e-01	+2.233e-04	+3.059e-05	+1.005e-06	+4.348e-12	+2.716e-09	+3.486e-12
1.00	+1.864e-01	+1.484e-04	+3.218e-05	+5.923e-07	+9.717e-13	+7.048e-09	-2.397e-12
2.00	+1.866e-01	+1.423e-04	+3.807e-05	+1.311e-06	+9.259e-12	+8.033e-09	+5.810e-15
3.00	+1.869e-01	+1.564e-04	+3.180e-05	+1.119e-06	+5.492e-12	+2.378e-09	+3.797e-12
4.00	+1.868e-01	+1.499e-04	+2.621e-05	+1.378e-06	+7.525e-12	+2.969e-09	+3.467e-12
5.00	+1.866e-01	+1.631e-04	+3.279e-05	+1.009e-06	+5.290e-12	+3.066e-09	+2.390e-12
6.00	+1.869e-01	+1.488e-04	+2.880e-05	+1.024e-06	+5.377e-12	+3.776e-09	+1.408e-12
7.00	+1.869e-01	+1.563e-04	+2.850e-05	+9.972e-07	+4.127e-12	+8.276e-10	+3.352e-12
8.00	+1.870e-01	+1.591e-04	+3.060e-05	+1.161e-06	+5.854e-12	+1.913e-09	+3.684e-12
9.00	+1.866e-01	+1.662e-04	+3.108e-05	+8.713e-07	+3.899e-12	+1.682e-09	+2.314e-12
10.00	+1.868e-01	+1.562e-04	+2.840e-05	+1.198e-06	+6.884e-12	+5.020e-09	+1.186e-12
11.00	+1.866e-01	+1.474e-04	+2.854e-05	+8.473e-07	+4.151e-12	+4.263e-09	+3.655e-13
12.00	+1.867e-01	+1.537e-04	+3.022e-05	+1.048e-06	+5.666e-12	+4.805e-09	+1.625e-12
13.00	+1.869e-01	+1.600e-04	+3.135e-05	+1.241e-06	+5.258e-12	-4.236e-10	+5.680e-12
14.00	+1.869e-01	+1.609e-04	+2.931e-05	+9.329e-07	+4.687e-12	+3.581e-09	+1.353e-12
15.00	+1.867e-01	+1.489e-04	+3.043e-05	+7.746e-07	+3.408e-12	+1.768e-09	+1.591e-12
16.00	+1.869e-01	+1.574e-04	+3.013e-05	+8.965e-07	+4.543e-12	+6.556e-09	-1.037e-12
17.00	+1.870e-01	+1.548e-04	+3.242e-05	+8.861e-07	+4.564e-12	+3.079e-09	+1.315e-12
18.00	+1.867e-01	+1.466e-04	+2.943e-05	+1.082e-06	+4.829e-12	+1.396e-09	+3.737e-12
19.00	+1.869e-01	+1.580e-04	+3.080e-05	+8.887e-07	+4.602e-12	+4.482e-09	+6.586e-13
20.00	+1.868e-01	+1.474e-04	+3.168e-05	+7.408e-07	+3.262e-12	+2.938e-09	+1.496e-12
21.00	+1.869e-01	+1.598e-04	+3.341e-05	+1.041e-06	+6.089e-12	+7.515e-09	-7.924e-13
22.00	+1.866e-01	+1.543e-04	+3.273e-05	+9.539e-07	+4.181e-12	+9.771e-10	+3.306e-12
23.00	+1.869e-01	+1.468e-04	+3.207e-05	+1.344e-06	+8.278e-12	+4.574e-09	+3.054e-12
24.00	+1.867e-01	+1.463e-04	+3.187e-05	+8.920e-07	+4.300e-12	+2.454e-09	+2.031e-12
25.00	+1.866e-01	+1.650e-04	+2.994e-05	+9.636e-07	+4.103e-12	+6.102e-10	+3.155e-12
26.00	+1.869e-01	+1.506e-04	+2.893e-05	+7.123e-07	+3.150e-12	+3.040e-09	+7.281e-13
27.00	+1.870e-01	+1.535e-04	+2.530e-05	+1.182e-06	+6.355e-12	+4.537e-09	+1.168e-12
28.00	+1.869e-01	+1.525e-04	+2.430e-05	+1.087e-06	+5.221e-12	+2.787e-09	+1.998e-12
29.00	+1.869e-01	+1.477e-04	+2.744e-05	+7.358e-07	+3.043e-12	+1.971e-09	+1.292e-12
30.00	+1.869e-01	+1.657e-04	+3.094e-05	+1.013e-06	+4.063e-12	+4.719e-10	+3.954e-12
31.00	+1.864e-01	+1.673e-04	+3.097e-05	+1.172e-06	+7.058e-12	+7.388e-09	-7.994e-14
32.00	+1.864e-01	+1.447e-04	+3.359e-05	+8.281e-07	+4.238e-12	+3.729e-09	+1.057e-12
33.00	+1.863e-01	+1.764e-04	+2.791e-05	+9.793e-07	+4.517e-12	+1.323e-09	+2.411e-12
34.00	+1.871e-01	+1.667e-04	+3.158e-05	+1.163e-06	+5.667e-12	+1.403e-09	+4.191e-12
35.00	+1.867e-01	+1.617e-04	+2.850e-05	+8.360e-07	+2.768e-12	-9.611e-10	+2.998e-12
36.00	+1.869e-01	+1.525e-04	+3.122e-05	+7.897e-07	+3.333e-12	+2.355e-09	+2.065e-12
37.00	+1.870e-01	+1.580e-04	+2.941e-05	+1.176e-06	+6.826e-12	+5.679e-09	+1.133e-12
38.00	+1.866e-01	+1.677e-04	+2.963e-05	+8.768e-07	+4.357e-12	+3.843e-09	+9.933e-13
39.00	+1.869e-01	+1.679e-04	+3.135e-05	+1.100e-06	+6.230e-12	+4.444e-09	+1.710e-12
40.00	+1.869e-01	+1.572e-04	+2.662e-05	+1.273e-06	+6.411e-12	+1.189e-09	+3.723e-12
41.00	+1.867e-01	+1.711e-04	+2.918e-05	+9.445e-07	+3.938e-12	+6.304e-10	+3.013e-12
42.00	+1.873e-01	+1.510e-04	+2.746e-05	+9.243e-07	+4.656e-12	+4.653e-09	+8.804e-14
43.00	+1.873e-01	+1.750e-04	+3.025e-05	+1.216e-06	+6.354e-12	+1.031e-09	+3.746e-12
44.00	+1.871e-01	+1.606e-04	+3.308e-05	+9.328e-07	+4.843e-12	+3.269e-09	+1.843e-12
45.00	+1.865e-01	+1.516e-04	+3.650e-05	+1.048e-06	+6.063e-12	+1.005e-08	-2.296e-12
46.00	+1.871e-01	+1.377e-04	+3.128e-05	+1.069e-06	+3.206e-12	-1.759e-09	+5.282e-12
47.00	+1.866e-01	+1.635e-04	+2.930e-05	+7.380e-07	+2.170e-12	-2.741e-10	+2.658e-12
48.00	+1.866e-01	+1.578e-04	+3.241e-05	+7.980e-07	+3.942e-12	+3.461e-09	+9.659e-13
49.00	+1.869e-01	+1.431e-04	+2.413e-05	+9.503e-07	+4.459e-12	+4.556e-09	+9.089e-13
50.00	+1.867e-01	+1.500e-04	+3.013e-05	+1.397e-06	+6.592e-12	+1.074e-09	+6.219e-12
51.00	+1.868e-01	+1.609e-04	+2.615e-05	+7.492e-07	+3.315e-12	+4.447e-09	+8.897e-14
52.00	+1.869e-01	+1.567e-04	+2.777e-05	+9.691e-07	+4.973e-12	+5.130e-09	+7.406e-13
53.00	+1.869e-01	+1.459e-04	+2.849e-05	+1.033e-06	+5.561e-12	+4.842e-09	+6.776e-13
54.00	+1.870e-01	+1.572e-04	+2.857e-05	+9.331e-07	+3.315e-12	-3.957e-10	+3.497e-12
55.00	+1.869e-01	+1.813e-04	+3.224e-05	+9.424e-07	+5.176e-12	+4.706e-09	+4.368e-13
56.00	+1.867e-01	+1.481e-04	+2.646e-05	+8.836e-07	+3.747e-12	+2.409e-09	+2.051e-12
57.00	+1.867e-01	+1.436e-04	+3.433e-05	+1.232e-06	+6.057e-12	+3.057e-09	+5.246e-12
58.00	+1.867e-01	+1.547e-04	+2.863e-05	+7.478e-07	+3.429e-12	+3.124e-09	+4.697e-13
59.00	+1.869e-01	+1.625e-04	+2.821e-05	+1.182e-06	+3.926e-12	-1.205e-09	+5.583e-12
60.00	+1.872e-01	+1.545e-04	+3.608e-05	+1.447e-06	+8.123e-12	+2.118e-09	+6.581e-12
61.00	+1.866e-01	+1.635e-04	+3.027e-05	+9.805e-07	+4.220e-12	+1.691e-09	+3.276e-12
62.00	+1.867e-01	+1.528e-04	+3.109e-05	+8.544e-07	+2.452e-12	-9.865e-10	+3.658e-12
63.00	+1.870e-01	+1.474e-04	+3.114e-05	+9.441e-07	+5.106e-12	+5.201e-09	+3.633e-13
64.00	+1.867e-01	+1.495e-04	+2.709e-05	+1.431e-06	+8.139e-12	+2.875e-09	+3.629e-12
65.00	+1.865e-01	+1.514e-04	+2.698e-05	+6.435e-07	+1.690e-12	-9.683e-10	+2.082e-12
66.00	+1.873e-01	+1.648e-04	+2.912e-05	+9.717e-07	+5.148e-12	+3.987e-09	+4.717e-13
67.00	+1.869e-01	+1.573e-04	+2.868e-05	+8.318e-07	+3.858e-12	+2.877e-09	+1.276e-12
68.00	+1.865e-01	+1.694e-04	+2.876e-05	+9.720e-07	+5.084e-12	+4.827e-09	+7.494e-13
69.00	+1.867e-01	+1.440e-04	+3.189e-05	+1.051e-06	+3.347e-12	-6.852e-10	+5.080e-12
70.00	+1.869e-01	+1.609e-04	+2.976e-05	+1.138e-06	+6.485e-12	+4.914e-09	+1.365e-12
71.00	+1.868e-01	+1.502e-04	+2.892e-05	+9.293e-07	+3.424e-12	+4.471e-10	+3.389e-12
72.00	+1.868e-01	+1.550e-04	+2.659e-05	+9.140e-07	+4.217e-12	+2.471e-09	+1.585e-12
73.00	+1.870e-01	+1.624e-04	+3.152e-05	+8.133e-07	+3.818e-12	+2.922e-09	+1.544e-12
74.00	+1.870e-01	+1.571e-04	+3.274e-05	+1.211e-06	+6.806e-12	+4.491e-09	+3.441e-12
75.00	+1.871e-01	+1.564e-04	+2.774e-05	+8.137e-07	+3.333e-12	+1.147e-09	+1.959e-12
76.00	+1.870e-01	+1.592e-04	+3.118e-05	+1.101e-06	+5.777e-12	+2.552e-09	+2.867e-12
77.00	+1.870e-01	+1.648e-04	+2.969e-05	+9.506e-07	+3.849e-12	+1.254e-10	+3.269e-12
78.00	+1.869e-01	+1.532e-04	+3.089e-05	+1.012e-06	+4.345e-12	+7.516e-10	+3.628e-12
79.00	+1.868e-01	+1.629e-04	+2.662e-05	+6.874e-07	+2.806e-12	+2.074e-09	+8.787e-13
80.00	+1.869e-01	+1.363e-04	+2.874e-05	+9.794e-07	+4.582e-12	+2.346e-09	+2.452e-12
81.00	+1.867e-01	+1.575e-04	+3.201e-05	+9.834e-07	+4.271e-12	+6.544e-10	+3.493e-12
82.00	+1.866e-01	+1.486e-04	+2.467e-05	+1.011e-06	+4.483e-12	+1.543e-09	+2.316e-12
83.00	+1.869e-01	+1.515e-04	+3.044e-05	+8.516e-07	+4.107e-12	+3.356e-09	+1.392e-12
84.00	+1.868e-01	+1.445e-04	+2.981e-05	+9.380e-07	+3.635e-12	+6.414e-10	+3.375e-12
85.00	+1.866e-01	+1.697e-04	+2.851e-05	+1.039e-06	+5.638e-12	+6.331e-09	-4.827e-13
86.00	+1.868e-01	+1.663e-04	+3.263e-05	+8.993e-07	+4.513e-12	+2.975e-09	+1.833e-12
87.00	+1.869e-01	+1.531e-04	+2.690e-05	+9.971e-07	+4.911e-12	+3.032e-09	+1.598e-12
88.00	+1.868e-01	+1.663e-04	+2.635e-05	+9.241e-07	+7.402e-14	-4.780e-09	+4.559e-12
89.00	+1.872e-01	+1.574e-04	+2.768e-05	+2.110e-06	+7.056e-12	-7.058e-09	+1.451e-11
90.00	+1.874e-01	+2.233e-04	+3.059e-05	+1.005e-06	+4.348e-12	+2.716e-09	+3.486e-12
91.00	+1.864e-01	+1.484e-04	+3.218e-05	+5.923e-07	+9.717e-13	+7.048e-09	-2.397e-12
92.00	+1.866e-01	+1.423e-04	+3.807e-05	+1.311e-06	+9.259e-12	+8.033e-09	+5.810e-15
93.00	+1.869e-01	+1.564e-04	+3.180e-05	+1.119e-06	+5.492e-12	+2.378e-09	+3.797e-12
94.00	+1.868e-01	+1.499e-04	+2.621e-05	+1.378e-06	+7.525e-12	+2.969e-09	+3.467e-12
95.00	+1.866e-01	+1.631e-04	+3.279e-05	+1.009e-06	+5.290e-12	+3.066e-09	+2.390e-12
96.00	+1.869e-01	+1.488e-04	+2.880e-05	+1.024e-06	+5.377e-12	+3.776e-09	+1.408e-12
97.00	+1.869e-01	+1.563e-04	+2.850e-05	+9.972e-07	+4.127e-12	+8.276e-10	+3.352e-12
98.00	+1.870e-01	+1.591e-04	+3.060e-05	+1.161e-06	+5.854e-12	+1.913e-09	+3.684e-12
99.00	+1.866e-01	+1.662e-04	+3.108e-05	+8.713e-07	+3.899e-12	+1.682e-09	+2.314e-12
100.00	+1.868e-01	+1.562e-04	+2.840e-05	+1.198e-06	+6.884e-12	+5.020e-09	+1.186e-12
101.00	+1.866e-01	+1.445e-04	+2.912e-05	+8.489e-07	+4.197e-12	+4.156e-09	+4.391e-13
102.00	+1.867e-01	+1.537e-04	+3.022e-05	+1.048e-06	+5.666e-12	+4.805e-09	+1.625e-12
103.00	+1.869e-01	+1.600e-04	+3.135e-05	+1.241e-06	+5.258e-12	-4.236e-10	+5.680e-12
104.00	+1.869e-01	+1.609e-04	+2.931e-05	+9.329e-07	+4.687e-12	+3.581e-09	+1.353e-12
105.00	+1.867e-01	+1.489e-04	+3.043e-05	+7.746e-07	+3.408e-12	+1.768e-09	+1.591e-12
106.00	+1.869e-01	+1.574e-04	+3.013e-05	+8.965e-07	+4.543e-12	+6.556e-09	-1.037e-12
107.00	+1.870e-01	+1.548e-04	+3.242e-05	+8.861e-07	+4.564e-12	+3.079e-09	+1.315e-12
108.00	+1.867e-01	+1.466e-04	+2.943e-05	+1.082e-06	+4.829e-12	+1.396e-09	+3.737e-12
109.00	+1.869e-01	+1.580e-04	+3.080e-05	+8.887e-07	+4.602e-12	+4.482e-09	+6.586e-13
110.00	+1.868e-01	+1.474e-04	+3.168e-05	+7.408e-07	+3.262e-12	+2.938e-09	+1.496e-12
111.00	+1.869e-01	+1.598e-04	+3.341e-05	+1.041e-06	+6.089e-12	+7.515e-09	-7.924e-13
112.00	+1.866e-01	+1.543e-04	+3.273e-05	+9.539e-07	+4.181e-12	+9.771e-10	+3.306e-12
113.00	+1.869e-01	+1.468e-04	+3.207e-05	+1.344e-06	+8.278e-12	+4.574e-09	+3.054e-12
114.00	+1.867e-01	+1.463e-04	+3.187e-05	+8.920e-07	+4.300e-12	+2.454e-09	+2.031e-12
115.00	+1.866e-01	+1.650e-04	+2.994e-05	+9.636e-07	+4.103e-12	+6.102e-10	+3.155e-12
116.00	+1.869e-01	+1.506e-04	+2.893e-05	+7.123e-07	+3.150e-12	+3.040e-09	+7.281e-13
117.00	+1.870e-01	+1.535e-04	+2.530e-05	+1.182e-06	+6.355e-12	+4.537e-09	+1.168e-12
118.00	+1.869e-01	+1.515e-04	+2.471e-05	+1.034e-06	+4.836e-12	+2.388e-09	+1.977e-12
119.00	+1.869e-01	+1.477e-04	+2.744e-05	+7.358e-07	+3.043e-12	+1.971e-09	+1.292e-12
120.00	+1.869e-01	+1.657e-04	+3.094e-05	+1.013e-06	+4.063e-12	+4.719e-10	+3.954e-12
121.00	+1.864e-01	+1.673e-04	+3.097e-05	+1.172e-06	+7.058e-12	+7.388e-09	-7.994e-14
122.00	+1.864e-01	+1.447e-04	+3.359e-05	+8.281e-07	+4.238e-12	+3.729e-09	+1.057e-12
123.00	+1.863e-01	+1.764e-04	+2.791e-05	+9.793e-07	+4.517e-12	+1.323e-09	+2.411e-12
124.00	+1.871e-01	+1.667e-04	+3.158e-05	+1.163e-06	+5.667e-12	+1.403e-09	+4.191e-12
125.00	+1.867e-01	+1.617e-04	+2.850e-05	+8.360e-07	+2.768e-12	-9.611e-10	+2.998e-12
126.00	+1.869e-01	+1.525e-04	+3.122e-05	+7.897e-07	+3.333e-12	+2.355e-09	+2.065e-12
127.00	+1.870e-01	+1.580e-04	+2.941e-05	+1.176e-06	+6.826e-12	+5.679e-09	+1.133e-12
128.00	+1.866e-01	+1.677e-04	+2.963e-05	+8.768e-07	+4.357e-12	+3.843e-09	+9.933e-13
129.00	+1.869e-01	+1.679e-04	+3.135e-05	+1.100e-06	+6.230e-12	+4.444e-09	+1.710e-12
130.00	+1.869e-01	+1.572e-04	+2.662e-05	+1.273e-06	+6.411e-12	+1.189e-09	+3.723e-12
131.00	+1.867e-01	+1.711e-04	+2.918e-05	+9.445e-07	+3.938e-12	+6.304e-10	+3.013e-12
132.00	+1.873e-01	+1.510e-04	+2.746e-05	+9.243e-07	+4.656e-12	+4.653e-09	+8.804e-14
133.00	+1.872e-01	+1.728e-04	+3.062e-05	+1.252e-06	+6.432e-12	+3.856e-10	+4.321e-12
134.00	+1.871e-01	+1.639e-04	+3.395e-05	+9.355e-07	+4.921e-12	+3.269e-09	+1.893e-12
135.00	+1.865e-01	+1.516e-04	+3.650e-05	+1.048e-06	+6.063e-12	+1.005e-08	-2.296e-12
136.00	+1.870e-01	+1.391e-04	+3.042e-05	+1.059e-06	+3.000e-12	-2.059e-09	+5.206e-12
137.00	+1.866e-01	+1.635e-04	+2.930e-05	+7.380e-07	+2.170e-12	-2.741e-10	+2.658e-12
138.00	+1.866e-01	+1.578e-04	+3.241e-05	+7.980e-07	+3.942e-12	+3.461e-09	+9.659e-13
139.00	+1.869e-01	+1.431e-04	+2.413e-05	+9.503e-07	+4.459e-12	+4.556e-09	+9.089e-13
140.00	+1.867e-01	+1.500e-04	+3.013e-05	+1.397e-06	+6.592e-12	+1.074e-09	+6.219e-12
141.00	+1.868e-01	+1.609e-04	+2.615e-05	+7.492e-07	+3.315e-12	+4.447e-09	+8.897e-14
142.00	+1.869e-01	+1.567e-04	+2.777e-05	+9.691e-07	+4.973e-12	+5.130e-09	+7.406e-13
143.00	+1.869e-01	+1.438e-04	+2.788e-05	+1.051e-06	+5.655e-12	+4.888e-09	+5.912e-13
144.00	+1.870e-01	+1.572e-04	+2.857e-05	+9.331e-07	+3.315e-12	-3.957e-10	+3.497e-12
145.00	+1.869e-01	+1.773e-04	+3.267e-05	+9.652e-07	+5.399e-12	+4.828e-09	+4.750e-13
146.00	+1.867e-01	+1.481e-04	+2.646e-05	+8.836e-07	+3.747e-12	+2.409e-09	+2.051e-12
147.00	+1.867e-01	+1.436e-04	+3.433e-05	+1.232e-06	+6.057e-12	+3.057e-09	+5.246e-12
148.00	+1.867e-01	+1.547e-04	+2.863e-05	+7.478e-07	+3.429e-12	+3.124e-09	+4.697e-13
149.00	+1.869e-01	+1.625e-04	+2.821e-05	+1.182e-06	+3.926e-12	-1.205e-09	+5.583e-12
150.00	+1.872e-01	+1.545e-04	+3.608e-05	+1.447e-06	+8.123e-12	+2.118e-09	+6.581e-12
151.00	+1.866e-01	+1.635e-04	+3.027e-05	+9.805e-07	+4.220e-12	+1.691e-09	+3.276e-12
152.00	+1.867e-01	+1.528e-04	+3.109e-05	+8.544e-07	+2.452e-12	-9.865e-10	+3.658e-12
153.00	+1.870e-01	+1.474e-04	+3.114e-05	+9.441e-07	+5.106e-12	+5.201e-09	+3.633e-13
154.00	+1.867e-01	+1.495e-04	+2.709e-05	+1.431e-06	+8.139e-12	+2.875e-09	+3.629e-12
155.00	+1.865e-01	+1.514e-04	+2.698e-05	+6.435e-07	+1.690e-12	-9.683e-10	+2.082e-12
156.00	+1.872e-01	+1.655e-04	+2.866e-05	+1.025e-06	+5.540e-12	+4.384e-09	+4.485e-13
157.00	+1.869e-01	+1.573e-04	+2.868e-05	+8.318e-07	+3.858e-12	+2.877e-09	+1.276e-12
158.00	+1.865e-01	+1.694e-04	+2.876e-05	+9.720e-07	+5.084e-12	+4.827e-09	+7.494e-13
159.00	+1.867e-01	+1.440e-04	+3.189e-05	+1.051e-06	+3.347e-12	-6.852e-10	+5.080e-12
160.00	+1.869e-01	+1.609e-04	+2.976e-05	+1.138e-06	+6.485e-12	+4.914e-09	+1.365e-12
161.00	+1.868e-01	+1.502e-04	+2.892e-05	+9.293e-07	+3.424e-12	+4.471e-10	+3.389e-12
162.00	+1.868e-01	+1.550e-04	+2.659e-05	+9.140e-07	+4.217e-12	+2.471e-09	+1.585e-12
163.00	+1.870e-01	+1.624e-04	+3.152e-05	+8.133e-07	+3.818e-12	+2.922e-09	+1.544e-12
164.00	+1.870e-01	+1.571e-04	+3.274e-05	+1.211e-06	+6.806e-12	+4.491e-09	+3.441e-12
165.00	+1.871e-01	+1.564e-04	+2.774e-05	+8.137e-07	+3.333e-12	+1.147e-09	+1.959e-12
166.00	+1.870e-01	+1.592e-04	+3.118e-05	+1.101e-06	+5.777e-12	+2.552e-09	+2.867e-12
167.00	+1.870e-01	+1.648e-04	+2.969e-05	+9.506e-07	+3.849e-12	+1.254e-10	+3.269e-12
168.00	+1.869e-01	+1.532e-04	+3.089e-05	+1.012e-06	+4.345e-12	+7.516e-10	+3.628e-12
169.00	+1.868e-01	+1.629e-04	+2.662e-05	+6.874e-07	+2.806e-12	+2.074e-09	+8.787e-13
170.00	+1.869e-01	+1.368e-04	+2.846e-05	+1.005e-06	+4.717e-12	+2.308e-09	+2.585e-12
171.00	+1.867e-01	+1.575e-04	+3.201e-05	+9.834e-07	+4.271e-12	+6.544e-10	+3.493e-12
172.00	+1.866e-01	+1.486e-04	+2.467e-05	+1.011e-06	+4.483e-12	+1.543e-09	+2.316e-12
173.00	+1.869e-01	+1.515e-04	+3.044e-05	+8.516e-07	+4.107e-12	+3.356e-09	+1.392e-12
174.00	+1.868e-01	+1.445e-04	+2.981e-05	+9.380e-07	+3.635e-12	+6.414e-10	+3.375e-12
175.00	+1.866e-01	+1.697e-04	+2.851e-05	+1.039e-06	+5.638e-12	+6.331e-09	-4.827e-13
176.00	+1.868e-01	+1.663e-04	+3.263e-05	+8.993e-07	+4.513e-12	+2.975e-09	+1.833e-12
177.00	+1.869e-01	+1.531e-04	+2.690e-05	+9.971e-07	+4.911e-12	+3.032e-09	+1.598e-12
178.00	+1.868e-01	+1.663e-04	+2.635e-05	+9.241e-07	+7.402e-14	-4.780e-09	+4.559e-12
179.00	+1.872e-01	+1.574e-04	+2.768e-05	+2.110e-06	+7.056e-12	-7.058e-09	+1.451e-11
180.00	+1.874e-01	+2.233e-04	+3.059e-05	+1.005e-06	+4.348e-12	+2.716e-09	+3.486e-12
181.00	+1.864e-01	+1.484e-04	+3.218e-05	+5.923e-07	+9.717e-13	+7.048e-09	-2.397e-12
182.00	+1.866e-01	+1.423e-04	+3.807e-05	+1.311e-06	+9.259e-12	+8.033e-09	+5.810e-15
183.00	+1.869e-01	+1.564e-04	+3.180e-05	+1.119e-06	+5.492e-12	+2.378e-09	+3.797e-12
184.00	+1.868e-01	+1.499e-04	+2.621e-05	+1.378e-06	+7.525e-12	+2.969e-09	+3.467e-12
185.00	+1.866e-01	+1.631e-04	+3.279e-05	+1.009e-06	+5.290e-12	+3.066e-09	+2.390e-12
186.00	+1.869e-01	+1.488e-04	+2.880e-05	+1.024e-06	+5.377e-12	+3.776e-09	+1.408e-12
187.00	+1.869e-01	+1.563e-04	+2.850e-05	+9.972e-07	+4.127e-12	+8.276e-10	+3.352e-12
188.00	+1.870e-01	+1.591e-04	+3.060e-05	+1.161e-06	+5.854e-12	+1.913e-09	+3.684e-12
189.00	+1.866e-01	+1.662e-04	+3.108e-05	+8.713e-07	+3.899e-12	+1.682e-09	+2.314e-12
190.00	+1.868e-01	+1.562e-04	+2.840e-05	+1.198e-06	+6.884e-12	+5.020e-09	+1.186e-12
191.00	+1.866e-01	+1.474e-04	+2.854e-05	+8.473e-07	+4.151e-12	+4.263e-09	+3.655e-13
192.00	+1.867e-01	+1.537e-04	+3.022e-05	+1.048e-06	+5.666e-12	+4.805e-09	+1.625e-12
193.00	+1.869e-01	+1.600e-04	+3.135e-05	+1.241e-06	+5.258e-12	-4.236e-10	+5.680e-12
194.00	+1.869e-01	+1.609e-04	+2.931e-05	+9.329e-07	+4.687e-12	+3.581e-09	+1.353e-12
195.00	+1.867e-01	+1.489e-04	+3.043e-05	+7.746e-07	+3.408e-12	+1.768e-09	+1.591e-12
196.00	+1.869e-01	+1.574e-04	+3.013e-05	+8.965e-07	+4.543e-12	+6.556e-09	-1.037e-12
197.00	+1.870e-01	+1.548e-04	+3.242e-05	+8.861e-07	+4.564e-12	+3.079e-09	+1.315e-12
198.00	+1.867e-01	+1.466e-04	+2.943e-05	+1.082e-06	+4.829e-12	+1.396e-09	+3.737e-12
199.00	+1.869e-01	+1.580e-04	+3.080e-05	+8.887e-07	+4.602e-12	+4.482e-09	+6.586e-13
200.00	+1.868e-01	+1.474e-04	+3.168e-05	+7.408e-07	+3.262e-12	+2.938e-09	+1.496e-12
201.00	+1.869e-01	+1.598e-04	+3.341e-05	+1.041e-06	+6.089e-12	+7.515e-09	-7.924e-13
202.00	+1.866e-01	+1.543e-04	+3.273e-05	+9.539e-07	+4.181e-12	+9.771e-10	+3.306e-12
203.00	+1.869e-01	+1.468e-04	+3.207e-05	+1.344e-06	+8.278e-12	+4.574e-09	+3.054e-12
204.00	+1.867e-01	+1.463e-04	+3.187e-05	+8.920e-07	+4.300e-12	+2.454e-09	+2.031e-12
205.00	+1.866e-01	+1.650e-04	+2.994e-05	+9.636e-07	+4.103e-12	+6.102e-10	+3.155e-12
206.00	+1.869e-01	+1.506e-04	+2.893e-05	+7.123e-07	+3.150e-12	+3.040e-09	+7.281e-13
207.00	+1.870e-01	+1.535e-04	+2.530e-05	+1.182e-06	+6.355e-12	+4.537e-09	+1.168e-12
208.00	+1.869e-01	+1.525e-04	+2.430e-05	+1.087e-06	+5.221e-12	+2.787e-09	+1.998e-12
209.00	+1.869e-01	+1.477e-04	+2.744e-05	+7.358e-07	+3.043e-12	+1.971e-09	+1.292e-12
210.00	+1.869e-01	+1.657e-04	+3.094e-05	+1.013e-06	+4.063e-12	+4.719e-10	+3.954e-12
211.00	+1.864e-01	+1.673e-04	+3.097e-05	+1.172e-06	+7.058e-12	+7.388e-09	-7.994e-14
212.00	+1.864e-01	+1.447e-04	+3.359e-05	+8.281e-07	+4.238e-12	+3.729e-09	+1.057e-12
213.00	+1.863e-01	+1.764e-04	+2.791e-05	+9.793e-07	+4.517e-12	+1.323e-09	+2.411e-12
214.00	+1.871e-01	+1.667e-04	+3.158e-05	+1.163e-06	+5.667e-12	+1.403e-09	+4.191e-12
215.00	+1.867e-01	+1.617e-04	+2.850e-05	+8.360e-07	+2.768e-12	-9.611e-10	+2.998e-12
216.00	+1.869e-01	+1.525e-04	+3.122e-05	+7.897e-07	+3.333e-12	+2.355e-09	+2.065e-12
217.00	+1.870e-01	+1.580e-04	+2.941e-05	+1.176e-06	+6.826e-12	+5.679e-09	+1.133e-12
218.00	+1.866e-01	+1.694e-04	+3.118e-05	+9.677e-07	+5.181e-12	+4.374e-09	+1.190e-12
219.00	+1.870e-01	+1.698e-04	+3.106e-05	+1.074e-06	+6.087e-12	+5.054e-09	+1.187e-12
220.00	+1.869e-01	+1.572e-04	+2.662e-05	+1.273e-06	+6.411e-12	+1.189e-09	+3.723e-12
221.00	+1.867e-01	+1.711e-04	+2.918e-05	+9.445e-07	+3.938e-12	+6.304e-10	+3.013e-12
222.00	+1.873e-01	+1.510e-04	+2.746e-05	+9.243e-07	+4.656e-12	+4.653e-09	+8.804e-14
223.00	+1.872e-01	+1.728e-04	+3.062e-05	+1.252e-06	+6.432e-12	+3.856e-10	+4.321e-12
224.00	+1.871e-01	+1.639e-04	+3.395e-05	+9.355e-07	+4.921e-12	+3.269e-09	+1.893e-12
225.00	+1.865e-01	+1.516e-04	+3.650e-05	+1.048e-06	+6.063e-12	+1.005e-08	-2.296e-12
226.00	+1.870e-01	+1.391e-04	+3.042e-05	+1.059e-06	+3.000e-12	-2.059e-09	+5.206e-12
227.00	+1.866e-01	+1.635e-04	+2.930e-05	+7.380e-07	+2.170e-12	-2.741e-10	+2.658e-12
228.00	+1.866e-01	+1.578e-04	+3.241e-05	+7.980e-07	+3.942e-12	+3.461e-09	+9.659e-13
229.00	+1.869e-01	+1.431e-04	+2.413e-05	+9.503e-07	+4.459e-12	+4.556e-09	+9.089e-13
230.00	+1.867e-01	+1.500e-04	+3.013e-05	+1.397e-06	+6.592e-12	+1.074e-09	+6.219e-12
231.00	+1.868e-01	+1.609e-04	+2.615e-05	+7.492e-07	+3.315e-12	+4.447e-09	+8.897e-14
232.00	+1.869e-01	+1.567e-04	+2.777e-05	+9.691e-07	+4.973e-12	+5.130e-09	+7.406e-13
233.00	+1.869e-01	+1.459e-04	+2.849e-05	+1.033e-06	+5.561e-12	+4.842e-09	+6.776e-13
234.00	+1.870e-01	+1.572e-04	+2.857e-05	+9.331e-07	+3.315e-12	-3.957e-10	+3.497e-12
235.00	+1.869e-01	+1.813e-04	+3.224e-05	+9.424e-07	+5.176e-12	+4.706e-09	+4.368e-13
236.00	+1.867e-01	+1.481e-04	+2.646e-05	+8.836e-07	+3.747e-12	+2.409e-09	+2.051e-12
237.00	+1.867e-01	+1.436e-04	+3.433e-05	+1.232e-06	+6.057e-12	+3.057e-09	+5.246e-12
238.00	+1.867e-01	+1.547e-04	+2.863e-05	+7.478e-07	+3.429e-12	+3.124e-09	+4.697e-13
239.00	+1.869e-01	+1.625e-04	+2.821e-05	+1.182e-06	+3.926e-12	-1.205e-09	+5.583e-12
240.00	+1.872e-01	+1.545e-04	+3.608e-05	+1.447e-06	+8.123e-12	+2.118e-09	+6.581e-12
241.00	+1.866e-01	+1.635e-04	+3.027e-05	+9.805e-07	+4.220e-12	+1.691e-09	+3.276e-12
242.00	+1.867e-01	+1.528e-04	+3.109e-05	+8.544e-07	+2.452e-12	-9.865e-10	+3.658e-12
243.00	+1.870e-01	+1.474e-04	+3.114e-05	+9.441e-07	+5.106e-12	+5.201e-09	+3.633e-13
244.00	+1.867e-01	+1.495e-04	+2.709e-05	+1.431e-06	+8.139e-12	+2.875e-09	+3.629e-12
245.00	+1.865e-01	+1.514e-04	+2.698e-05	+6.435e-07	+1.690e-12	-9.683e-10	+2.082e-12
246.00	+1.873e-01	+1.659e-04	+2.899e-05	+1.018e-06	+5.496e-12	+3.977e-09	+6.378e-13
247.00	+1.869e-01	+1.573e-04	+2.868e-05	+8.318e-07	+3.858e-12	+2.877e-09	+1.276e-12
248.00	+1.865e-01	+1.694e-04	+2.876e-05	+9.720e-07	+5.084e-12	+4.827e-09	+7.494e-13
249.00	+1.867e-01	+1.440e-04	+3.189e-05	+1.051e-06	+3.347e-12	-6.852e-10	+5.080e-12
250.00	+1.869e-01	+1.609e-04	+2.976e-05	+1.138e-06	+6.485e-12	+4.914e-09	+1.365e-12
251.00	+1.868e-01	+1.502e-04	+2.892e-05	+9.293e-07	+3.424e-12	+4.471e-10	+3.389e-12
252.00	+1.868e-01	+1.550e-04	+2.659e-05	+9.140e-07	+4.217e-12	+2.471e-09	+1.585e-12
253.00	+1.870e-01	+1.624e-04	+3.152e-05	+8.133e-07	+3.818e-12	+2.922e-09	+1.544e-12
254.00	+1.870e-01	+1.571e-04	+3.274e-05	+1.211e-06	+6.806e-12	+4.491e-09	+3.441e-12
255.00	+1.871e-01	+1.564e-04	+2.774e-05	+8.137e-07	+3.333e-12	+1.147e-09	+1.959e-12
256.00	+1.870e-01	+1.592e-04	+3.118e-05	+1.101e-06	+5.777e-12	+2.552e-09	+2.867e-12
257.00	+1.870e-01	+1.648e-04	+2.969e-05	+9.506e-07	+3.849e-12	+1.254e-10	+3.269e-12
258.00	+1.869e-01	+1.532e-04	+3.089e-05	+1.012e-06	+4.345e-12	+7.516e-10	+3.628e-12
259.00	+1.868e-01	+1.629e-04	+2.662e-05	+6.874e-07	+2.806e-12	+2.074e-09	+8.787e-13
260.00	+1.869e-01	+1.368e-04	+2.846e-05	+1.005e-06	+4.717e-12	+2.308e-09	+2.585e-12
261.00	+1.867e-01	+1.575e-04	+3.201e-05	+9.834e-07	+4.271e-12	+6.544e-10	+3.493e-12
262.00	+1.866e-01	+1.486e-04	+2.467e-05	+1.011e-06	+4.483e-12	+1.543e-09	+2.316e-12
263.00	+1.869e-01	+1.515e-04	+3.044e-05	+8.516e-07	+4.107e-12	+3.356e-09	+1.392e-12
264.00	+1.868e-01	+1.445e-04	+2.981e-05	+9.380e-07	+3.635e-12	+6.414e-10	+3.375e-12
265.00	+1.866e-01	+1.697e-04	+2.851e-05	+1.039e-06	+5.638e-12	+6.331e-09	-4.827e-13
266.00	+1.868e-01	+1.663e-04	+3.263e-05	+8.993e-07	+4.513e-12	+2.975e-09	+1.833e-12
267.00	+1.869e-01	+1.531e-04	+2.690e-05	+9.971e-07	+4.911e-12	+3.032e-09	+1.598e-12
268.00	+1.868e-01	+1.663e-04	+2.635e-05	+9.241e-07	+7.402e-14	-4.780e-09	+4.559e-12
269.00	+1.872e-01	+1.574e-04	+2.768e-05	+2.110e-06	+7.056e-12	-7.058e-09	+1.451e-11
270.00	+1.874e-01	+2.233e-04	+3.059e-05	+1.005e-06	+4.348e-12	+2.716e-09	+3.486e-12
271.00	+1.864e-01	+1.484e-04	+3.218e-05	+5.923e-07	+9.717e-13	+7.048e-09	-2.397e-12
272.00	+1.866e-01	+1.423e-04	+3.807e-05	+1.311e-06	+9.259e-12	+8.033e-09	+5.810e-15
273.00	+1.869e-01	+1.564e-04	+3.180e-05	+1.119e-06	+5.492e-12	+2.378e-09	+3.797e-12
274.00	+1.868e-01	+1.499e-04	+2.621e-05	+1.378e-06	+7.525e-12	+2.969e-09	+3.467e-12
275.00	+1.866e-01	+1.631e-04	+3.279e-05	+1.009e-06	+5.290e-12	+3.066e-09	+2.390e-12
276.00	+1.869e-01	+1.488e-04	+2.880e-05	+1.024e-06	+5.377e-12	+3.776e-09	+1.408e-12
277.00	+1.869e-01	+1.563e-04	+2.850e-05	+9.972e-07	+4.127e-12	+8.276e-10	+3.352e-12
278.00	+1.870e-01	+1.591e-04	+3.060e-05	+1.161e-06	+5.854e-12	+1.913e-09	+3.684e-12
279.00	+1.866e-01	+1.662e-04	+3.108e-05	+8.713e-07	+3.899e-12	+1.682e-09	+2.314e-12
280.00	+1.868e-01	+1.562e-04	+2.840e-05	+1.198e-06	+6.884e-12	+5.020e-09	+1.186e-12
281.00	+1.866e-01	+1.445e-04	+2.912e-05	+8.489e-07	+4.197e-12	+4.156e-09	+4.391e-13
282.00	+1.867e-01	+1.537e-04	+3.022e-05	+1.048e-06	+5.666e-12	+4.805e-09	+1.625e-12
283.00	+1.869e-01	+1.600e-04	+3.135e-05	+1.241e-06	+5.258e-12	-4.236e-10	+5.680e-12
284.00	+1.869e-01	+1.609e-04	+2.931e-05	+9.329e-07	+4.687e-12	+3.581e-09	+1.353e-12
285.00	+1.867e-01	+1.489e-04	+3.043e-05	+7.746e-07	+3.408e-12	+1.768e-09	+1.591e-12
286.00	+1.869e-01	+1.574e-04	+3.013e-05	+8.965e-07	+4.543e-12	+6.556e-09	-1.037e-12
287.00	+1.870e-01	+1.548e-04	+3.242e-05	+8.861e-07	+4.564e-12	+3.079e-09	+1.315e-12
288.00	+1.867e-01	+1.466e-04	+2.943e-05	+1.082e-06	+4.829e-12	+1.396e-09	+3.737e-12
289.00	+1.869e-01	+1.544e-04	+3.161e-05	+8.814e-07	+4.608e-12	+4.547e-09	+6.402e-13
290.00	+1.868e-01	+1.474e-04	+3.168e-05	+7.408e-07	+3.262e-12	+2.938e-09	+1.496e-12
291.00	+1.869e-01	+1.598e-04	+3.341e-05	+1.041e-06	+6.089e-12	+7.515e-09	-7.924e-13
292.00	+1.866e-01	+1.543e-04	+3.273e-05	+9.539e-07	+4.181e-12	+9.771e-10	+3.306e-12
293.00	+1.869e-01	+1.468e-04	+3.207e-05	+1.344e-06	+8.278e-12	+4.574e-09	+3.054e-12
294.00	+1.867e-01	+1.463e-04	+3.187e-05	+8.920e-07	+4.300e-12	+2.454e-09	+2.031e-12
295.00	+1.866e-01	+1.650e-04	+2.994e-05	+9.636e-07	+4.103e-12	+6.102e-10	+3.155e-12
296.00	+1.869e-01	+1.506e-04	+2.893e-05	+7.123e-07	+3.150e-12	+3.040e-09	+7.281e-13
297.00	+1.870e-01	+1.535e-04	+2.530e-05	+1.182e-06	+6.355e-12	+4.537e-09	+1.168e-12
298.00	+1.869e-01	+1.515e-04	+2.471e-05	+1.034e-06	+4.836e-12	+2.388e-09	+1.977e-12
299.00	+1.869e-01	+1.477e-04	+2.744e-05	+7.358e-07	+3.043e-12	+1.971e-09	+1.292e-12
300.00	+1.869e-01	+1.657e-04	+3.094e-05	+1.013e-06	+4.063e-12	+4.719e-10	+3.954e-12
301.00	+1.864e-01	+1.673e-04	+3.097e-05	+1.172e-06	+7.058e-12	+7.388e-09	-7.994e-14
302.00	+1.864e-01	+1.447e-04	+3.359e-05	+8.281e-07	+4.238e-12	+3.729e-09	+1.057e-12
303.00	+1.863e-01	+1.764e-04	+2.791e-05	+9.793e-07	+4.517e-12	+1.323e-09	+2.411e-12
304.00	+1.871e-01	+1.667e-04	+3.158e-05	+1.163e-06	+5.667e-12	+1.403e-09	+4.191e-12
305.00	+1.867e-01	+1.617e-04	+2.850e-05	+8.360e-07	+2.768e-12	-9.611e-10	+2.998e-12
306.00	+1.869e-01	+1.525e-04	+3.122e-05	+7.897e-07	+3.333e-12	+2.355e-09	+2.065e-12
307.00	+1.870e-01	+1.580e-04	+2.941e-05	+1.176e-06	+6.826e-12	+5.679e-09	+1.133e-12
308.00	+1.866e-01	+1.677e-04	+2.963e-05	+8.768e-07	+4.357e-12	+3.843e-09	+9.933e-13
309.00	+1.870e-01	+1.698e-04	+3.106e-05	+1.074e-06	+6.087e-12	+5.054e-09	+1.187e-12
310.00	+1.869e-01	+1.572e-04	+2.662e-05	+1.273e-06	+6.411e-12	+1.189e-09	+3.723e-12
311.00	+1.867e-01	+1.711e-04	+2.918e-05	+9.445e-07	+3.938e-12	+6.304e-10	+3.013e-12
312.00	+1.873e-01	+1.510e-04	+2.746e-05	+9.243e-07	+4.656e-12	+4.653e-09	+8.804e-14
313.00	+1.872e-01	+1.728e-04	+3.062e-05	+1.252e-06	+6.432e-12	+3.856e-10	+4.321e-12
314.00	+1.871e-01	+1.606e-04	+3.308e-05	+9.328e-07	+4.843e-12	+3.269e-09	+1.843e-12
315.00	+1.865e-01	+1.516e-04	+3.650e-05	+1.048e-06	+6.063e-12	+1.005e-08	-2.296e-12
316.00	+1.871e-01	+1.377e-04	+3.128e-05	+1.069e-06	+3.206e-12	-1.759e-09	+5.282e-12
317.00	+1.866e-01	+1.635e-04	+2.930e-05	+7.380e-07	+2.170e-12	-2.741e-10	+2.658e-12
318.00	+1.866e-01	+1.578e-04	+3.241e-05	+7.980e-07	+3.942e-12	+3.461e-09	+9.659e-13
319.00	+1.869e-01	+1.431e-04	+2.413e-05	+9.503e-07	+4.459e-12	+4.556e-09	+9.089e-13
320.00	+1.867e-01	+1.500e-04	+3.013e-05	+1.397e-06	+6.592e-12	+1.074e-09	+6.219e-12
321.00	+1.868e-01	+1.609e-04	+2.615e-05	+7.492e-07	+3.315e-12	+4.447e-09	+8.897e-14
322.00	+1.869e-01	+1.567e-04	+2.777e-05	+9.691e-07	+4.973e-12	+5.130e-09	+7.406e-13
323.00	+1.869e-01	+1.459e-04	+2.849e-05	+1.033e-06	+5.561e-12	+4.842e-09	+6.776e-13
324.00	+1.870e-01	+1.572e-04	+2.857e-05	+9.331e-07	+3.315e-12	-3.957e-10	+3.497e-12
325.00	+1.869e-01	+1.813e-04	+3.224e-05	+9.424e-07	+5.176e-12	+4.706e-09	+4.368e-13
326.00	+1.867e-01	+1.481e-04	+2.646e-05	+8.836e-07	+3.747e-12	+2.409e-09	+2.051e-12
327.00	+1.867e-01	+1.436e-04	+3.433e-05	+1.232e-06	+6.057e-12	+3.057e-09	+5.246e-12
328.00	+1.867e-01	+1.547e-04	+2.863e-05	+7.478e-07	+3.429e-12	+3.124e-09	+4.697e-13
329.00	+1.869e-01	+1.625e-04	+2.821e-05	+1.182e-06	+3.926e-12	-1.205e-09	+5.583e-12
330.00	+1.872e-01	+1.545e-04	+3.608e-05	+1.447e-06	+8.123e-12	+2.118e-09	+6.581e-12
331.00	+1.866e-01	+1.635e-04	+3.027e-05	+9.805e-07	+4.220e-12	+1.691e-09	+3.276e-12
332.00	+1.867e-01	+1.528e-04	+3.109e-05	+8.544e-07	+2.452e-12	-9.865e-10	+3.658e-12
333.00	+1.870e-01	+1.474e-04	+3.114e-05	+9.441e-07	+5.106e-12	+5.201e-09	+3.633e-13
334.00	+1.867e-01	+1.495e-04	+2.709e-05	+1.431e-06	+8.139e-12	+2.875e-09	+3.629e-12
335.00	+1.865e-01	+1.514e-04	+2.698e-05	+6.435e-07	+1.690e-12	-9.683e-10	+2.082e-12
336.00	+1.872e-01	+1.655e-04	+2.866e-05	+1.025e-06	+5.540e-12	+4.384e-09	+4.485e-13
337.00	+1.869e-01	+1.573e-04	+2.868e-05	+8.318e-07	+3.858e-12	+2.877e-09	+1.276e-12
338.00	+1.865e-01	+1.694e-04	+2.876e-05	+9.720e-07	+5.084e-12	+4.827e-09	+7.494e-13
339.00	+1.867e-01	+1.440e-04	+3.189e-05	+1.051e-06	+3.347e-12	-6.852e-10	+5.080e-12
340.00	+1.869e-01	+1.609e-04	+2.976e-05	+1.138e-06	+6.485e-12	+4.914e-09	+1.365e-12
341.00	+1.868e-01	+1.502e-04	+2.892e-05	+9.293e-07	+3.424e-12	+4.471e-10	+3.389e-12
342.00	+1.868e-01	+1.550e-04	+2.659e-05	+9.140e-07	+4.217e-12	+2.471e-09	+1.585e-12
343.00	+1.870e-01	+1.624e-04	+3.152e-05	+8.133e-07	+3.818e-12	+2.922e-09	+1.544e-12
344.00	+1.870e-01	+1.571e-04	+3.274e-05	+1.211e-06	+6.806e-12	+4.491e-09	+3.441e-12
345.00	+1.871e-01	+1.564e-04	+2.774e-05	+8.137e-07	+3.333e-12	+1.147e-09	+1.959e-12
346.00	+1.870e-01	+1.592e-04	+3.118e-05	+1.101e-06	+5.777e-12	+2.552e-09	+2.867e-12
347.00	+1.870e-01	+1.648e-04	+2.969e-05	+9.506e-07	+3.849e-12	+1.254e-10	+3.269e-12
348.00	+1.869e-01	+1.532e-04	+3.089e-05	+1.012e-06	+4.345e-12	+7.516e-10	+3.628e-12
349.00	+1.868e-01	+1.629e-04	+2.662e-05	+6.874e-07	+2.806e-12	+2.074e-09	+8.787e-13
350.00	+1.869e-01	+1.363e-04	+2.874e-05	+9.794e-07	+4.582e-12	+2.346e-09	+2.452e-12
351.00	+1.867e-01	+1.575e-04	+3.201e-05	+9.834e-07	+4.271e-12	+6.544e-10	+3.493e-12
352.00	+1.866e-01	+1.486e-04	+2.467e-05	+1.011e-06	+4.483e-12	+1.543e-09	+2.316e-12
353.00	+1.869e-01	+1.515e-04	+3.044e-05	+8.516e-07	+4.107e-12	+3.356e-09	+1.392e-12
354.00	+1.868e-01	+1.445e-04	+2.981e-05	+9.380e-07	+3.635e-12	+6.414e-10	+3.375e-12
355.00	+1.866e-01	+1.697e-04	+2.851e-05	+1.039e-06	+5.638e-12	+6.331e-09	-4.827e-13
356.00	+1.868e-01	+1.663e-04	+3.263e-05	+8.993e-07	+4.513e-12	+2.975e-09	+1.833e-12
357.00	+1.869e-01	+1.531e-04	+2.690e-05	+9.971e-07	+4.911e-12	+3.032e-09	+1.598e-12
358.00	+1.868e-01	+1.663e-04	+2.635e-05	+9.241e-07	+7.402e-14	-4.780e-09	+4.559e-12
359.00	+1.872e-01	+1.574e-04	+2.768e-05	+2.110e-06	+7.056e-12	-7.058e-09	+1.451e-11
