0	1.631687e-01	3.925259e-04	5.973352e-06	7.495605e-08	4.897159e-14	4.299946e-10	1.083347e-14
1	1.630135e-01	3.498359e-04	6.061582e-06	3.457499e-08	-9.269171e-15	3.089535e-10	-1.283041e-14
2	1.630406e-01	3.512888e-04	6.733223e-06	3.413921e-08	-1.289303e-14	3.923488e-10	-1.008347e-14
3	1.629347e-01	3.651335e-04	7.291627e-06	4.847930e-08	-6.585610e-15	9.179487e-10	2.806107e-14
4	1.631563e-01	3.634855e-04	7.409159e-06	7.395406e-08	3.786686e-14	-6.638865e-10	-3.953330e-14
5	1.631945e-01	3.594140e-04	5.741635e-06	5.737044e-08	3.291556e-14	2.340730e-10	8.616973e-16
6	1.630047e-01	3.506739e-04	9.312801e-06	6.809341e-08	5.356854e-14	3.901135e-10	8.410645e-15
7	1.632527e-01	3.594335e-04	8.221810e-06	8.198410e-08	4.887138e-14	-6.026401e-10	-4.628385e-14
8	1.630664e-01	3.527098e-04	5.675459e-06	5.754256e-08	3.252306e-14	2.381628e-10	4.858653e-15
9	1.631288e-01	3.736432e-04	7.643829e-06	7.833747e-08	6.026430e-14	4.434108e-10	6.549338e-15
10	1.632931e-01	3.832076e-04	7.829908e-06	7.882558e-08	5.940409e-14	-2.910796e-11	-1.749545e-14
11	1.630919e-01	3.494320e-04	7.741430e-06	3.704333e-08	7.146461e-15	-4.299589e-10	-1.850497e-14
12	1.631746e-01	3.704387e-04	7.408991e-06	6.558178e-08	4.546306e-14	1.655212e-10	-4.788407e-15
13	1.631713e-01	3.914586e-04	8.800697e-06	7.286483e-08	5.495673e-14	-5.836284e-11	-1.960602e-14
14	1.632711e-01	3.561110e-04	6.162417e-06	1.019172e-07	7.836816e-14	5.613534e-10	1.954821e-14
15	1.631272e-01	3.715926e-04	7.389351e-06	8.909232e-08	7.213904e-14	1.962284e-10	-4.631358e-15
16	1.631364e-01	3.625026e-04	8.589694e-06	6.794276e-08	5.091037e-14	3.965249e-10	1.010910e-14
17	1.631494e-01	3.712698e-04	6.231319e-06	7.892891e-08	5.526067e-14	2.230213e-10	3.202278e-15
18	1.630816e-01	3.598127e-04	7.016725e-06	7.025069e-08	4.919128e-14	4.978052e-11	-3.592377e-15
19	1.631948e-01	3.633038e-04	7.263204e-06	8.958080e-08	7.030865e-14	5.718133e-10	1.667113e-14
20	1.633328e-01	3.755307e-04	7.807685e-06	8.503185e-08	6.439724e-14	-2.624568e-10	-2.555938e-14
21	1.631698e-01	3.624520e-04	6.340385e-06	6.488745e-08	4.019150e-14	-1.585539e-10	-1.080936e-14
22	1.632774e-01	3.460850e-04	8.443306e-06	1.476517e-07	1.435103e-13	1.549464e-09	8.113852e-14
23	1.630394e-01	3.613830e-04	6.809196e-06	7.834629e-08	5.698118e-14	2.223176e-10	5.262249e-15
24	1.630912e-01	3.380050e-04	7.042497e-06	5.833352e-08	3.185809e-14	-1.066885e-10	-1.956984e-14
25	1.631695e-01	3.591890e-04	8.031871e-06	8.348721e-08	6.482509e-14	-1.010231e-10	-2.171581e-14
26	1.630830e-01	3.605054e-04	7.847603e-06	7.002563e-08	4.914329e-14	6.324115e-10	1.672195e-14
27	1.631662e-01	3.708929e-04	7.815393e-06	8.234006e-08	6.596383e-14	2.674245e-10	3.430005e-15
28	1.631244e-01	3.586614e-04	8.165398e-06	7.033202e-08	5.329716e-14	2.391010e-10	-4.312146e-16
29	1.628956e-01	3.442111e-04	5.762401e-06	2.953070e-08	1.215233e-14	-1.147452e-11	-8.471647e-16
30	1.628821e-01	3.583704e-04	4.707526e-06	1.970423e-08	5.302417e-15	-9.238797e-11	-2.810403e-15
31	1.632684e-01	3.543721e-04	6.603087e-06	3.138542e-08	8.672304e-15	3.395921e-10	1.135484e-14
32	1.632218e-01	3.624818e-04	6.128354e-06	9.319219e-08	6.882359e-14	4.984486e-10	1.494397e-14
33	1.629908e-01	3.308716e-04	6.242500e-06	6.670327e-08	2.004739e-14	8.336291e-10	3.808910e-14
34	1.633210e-01	3.797669e-04	7.425924e-06	2.849842e-08	8.567561e-15	3.001161e-10	9.923300e-15
35	1.630999e-01	3.685016e-04	6.605866e-06	7.183750e-08	4.928400e-14	2.557898e-10	-4.478543e-15
36	1.628901e-01	3.283102e-04	8.236720e-06	7.469396e-08	5.047586e-14	-1.531492e-10	-2.974374e-14
37	1.631989e-01	3.467229e-04	6.533223e-06	3.813791e-08	1.435278e-14	-1.071165e-10	-1.250624e-14
38	1.631160e-01	3.331563e-04	5.601796e-06	6.707075e-08	2.619047e-14	6.254048e-10	3.168935e-14
39	1.633372e-01	3.732939e-04	7.019011e-06	5.774763e-08	3.069983e-14	4.839914e-10	2.022905e-14
40	1.630846e-01	3.587894e-04	7.635699e-06	4.629926e-08	2.576118e-14	3.405488e-10	9.705160e-15
41	1.630041e-01	3.704667e-04	6.853312e-06	2.032292e-08	6.976020e-15	1.514092e-10	2.976646e-15
42	1.631729e-01	3.527290e-04	7.721844e-06	9.851337e-08	8.472983e-14	6.253068e-10	1.426211e-14
43	1.632517e-01	3.722999e-04	8.217475e-06	5.796544e-08	3.279759e-14	5.676353e-10	2.290812e-14
44	1.631679e-01	3.377832e-04	8.947018e-06	3.021328e-08	-7.622102e-15	-5.412365e-10	-1.373543e-14
45	1.630259e-01	3.172310e-04	9.569028e-06	1.455789e-07	1.684521e-13	8.434395e-10	3.386832e-14
46	1.633712e-01	3.321008e-04	7.921967e-06	1.021902e-07	8.616244e-14	2.074369e-10	-3.209386e-14
47	1.631329e-01	3.723720e-04	8.451852e-06	5.158613e-08	2.354089e-14	5.840605e-10	2.461857e-14
48	1.632053e-01	3.732302e-04	1.103157e-05	8.893709e-08	8.717777e-14	4.196763e-10	1.266769e-14
49	1.630618e-01	3.393594e-04	6.123420e-06	5.782863e-08	3.354659e-14	3.239479e-10	7.669409e-15
50	1.630728e-01	3.383503e-04	4.078338e-06	6.440043e-08	3.183208e-14	3.957032e-10	8.719166e-15
51	1.631907e-01	3.531632e-04	7.577780e-06	7.269087e-08	5.242796e-14	1.521281e-10	-1.272412e-14
52	1.629812e-01	3.606131e-04	8.188498e-06	6.576149e-08	4.135328e-14	6.263170e-10	2.487240e-14
53	1.632450e-01	3.953316e-04	8.769482e-06	5.956545e-08	3.192898e-14	-2.761848e-10	-2.887715e-14
54	1.632819e-01	3.590009e-04	6.842044e-06	6.434178e-08	4.221892e-14	2.607010e-10	6.328677e-15
55	1.632326e-01	3.686677e-04	7.102273e-06	8.300986e-08	6.362507e-14	2.462364e-10	3.779627e-15
56	1.630353e-01	3.442667e-04	7.269528e-06	3.480562e-08	1.642114e-14	2.176131e-10	6.071496e-15
57	1.630267e-01	3.447625e-04	7.570227e-06	7.811306e-08	5.824628e-14	3.072143e-10	1.467930e-14
58	1.633722e-01	3.973117e-04	8.227758e-06	7.482878e-08	5.191761e-14	-3.691553e-10	-2.742130e-14
59	1.633580e-01	3.779830e-04	1.427888e-05	1.521624e-07	2.174248e-13	4.146848e-10	-5.506397e-14
60	1.629898e-01	3.392150e-04	6.837244e-06	2.069528e-08	4.121154e-15	-2.639190e-10	-6.604483e-15
61	1.631214e-01	3.510039e-04	8.793351e-06	6.341215e-08	4.310348e-14	-1.354647e-10	-1.960300e-14
62	1.631951e-01	3.620476e-04	6.558282e-06	7.109679e-08	4.595936e-14	-7.873233e-11	-1.564069e-14
63	1.629710e-01	3.549216e-04	5.671717e-06	7.686434e-08	5.004681e-14	4.715535e-10	8.425027e-15
64	1.631503e-01	3.660027e-04	6.641200e-06	7.873901e-08	5.634227e-14	3.430920e-10	8.220404e-15
65	1.629794e-01	3.438812e-04	5.919422e-06	6.377105e-08	3.631490e-14	4.736080e-10	1.470969e-14
66	1.630373e-01	3.600394e-04	6.928188e-06	8.286208e-08	6.271792e-14	3.580138e-10	2.862794e-15
67	1.631086e-01	3.617336e-04	6.603036e-06	7.330501e-08	4.861137e-14	4.722141e-10	1.542598e-14
68	1.633053e-01	3.694834e-04	6.925111e-06	8.137165e-08	5.949230e-14	3.975292e-10	1.385084e-14
69	1.632033e-01	3.568621e-04	6.058130e-06	9.304054e-08	5.924761e-14	-1.906065e-10	-3.699993e-14
70	1.631660e-01	3.993743e-04	7.644989e-06	5.043837e-08	3.112598e-14	1.607829e-10	-3.486184e-15
71	1.632455e-01	3.712713e-04	6.773274e-06	8.381291e-08	6.183204e-14	1.639507e-11	-1.282889e-14
72	1.630658e-01	3.361328e-04	7.101680e-06	1.023401e-07	8.650390e-14	2.758432e-10	-1.136143e-14
73	1.631741e-01	3.696457e-04	7.197643e-06	1.363809e-07	1.299960e-13	7.909928e-10	3.686377e-14
74	1.632093e-01	3.478105e-04	6.826434e-06	5.967749e-08	3.507418e-14	3.907537e-10	1.485469e-14
75	1.630271e-01	3.637919e-04	7.324409e-06	6.467402e-08	4.387022e-14	3.512104e-10	7.533814e-15
76	1.632651e-01	3.503559e-04	5.397873e-06	8.845862e-08	4.062058e-14	1.044435e-09	4.567582e-14
77	1.631398e-01	3.693081e-04	6.068085e-06	9.686049e-08	7.308798e-14	6.242869e-10	1.313256e-14
78	1.631230e-01	3.477638e-04	8.501171e-06	4.591278e-08	2.852817e-14	2.187482e-11	-2.985901e-15
79	1.633336e-01	3.724703e-04	6.233879e-06	5.775771e-08	3.461647e-14	1.513544e-10	-1.680791e-15
80	1.631979e-01	3.797875e-04	7.876494e-06	7.307834e-08	5.532083e-14	3.808114e-10	3.683780e-15
81	1.632132e-01	3.652820e-04	6.673868e-06	8.952176e-08	6.773976e-14	4.820975e-10	1.412186e-14
82	1.631230e-01	3.602623e-04	6.420253e-06	8.348013e-08	6.054422e-14	3.961855e-10	8.336148e-15
83	1.630807e-01	3.641798e-04	7.820235e-06	6.551265e-08	4.644059e-14	2.206376e-10	-6.490012e-15
84	1.632290e-01	3.705473e-04	9.065719e-06	6.947699e-08	5.366185e-14	-4.768935e-11	-1.267940e-14
85	1.631856e-01	3.621507e-04	7.654059e-06	8.102003e-08	6.322981e-14	2.026539e-10	-8.525822e-15
86	1.631261e-01	3.585009e-04	6.164369e-06	1.209790e-07	5.874198e-14	1.766566e-09	8.639592e-14
87	1.634684e-01	3.726737e-04	7.227134e-06	1.386210e-07	1.238358e-13	-5.444328e-10	-6.257538e-14
88	1.634283e-01	3.828451e-04	9.413087e-06	2.175965e-07	-8.979840e-16	-2.662429e-09	-3.114168e-13
89	1.633835e-01	3.795233e-04	8.499840e-06	1.957048e-07	-1.276483e-14	-2.508511e-09	-2.520876e-13
90	1.631687e-01	3.925259e-04	5.973352e-06	7.495605e-08	4.897159e-14	4.299946e-10	1.083347e-14
91	1.630135e-01	3.498359e-04	6.061582e-06	3.457499e-08	-9.269171e-15	3.089535e-10	-1.283041e-14
92	1.630406e-01	3.512888e-04	6.733223e-06	3.413921e-08	-1.289303e-14	3.923488e-10	-1.008347e-14
93	1.629347e-01	3.651335e-04	7.291627e-06	4.847930e-08	-6.585610e-15	9.179487e-10	2.806107e-14
94	1.631563e-01	3.634855e-04	7.409159e-06	7.395406e-08	3.786686e-14	-6.638865e-10	-3.953330e-14
95	1.631945e-01	3.594140e-04	5.741635e-06	5.737044e-08	3.291556e-14	2.340730e-10	8.616973e-16
96	1.630047e-01	3.506739e-04	9.312801e-06	6.809341e-08	5.356854e-14	3.901135e-10	8.410645e-15
97	1.632527e-01	3.594335e-04	8.221810e-06	8.198410e-08	4.887138e-14	-6.026401e-10	-4.628385e-14
98	1.630664e-01	3.527098e-04	5.675459e-06	5.754256e-08	3.252306e-14	2.381628e-10	4.858653e-15
99	1.631288e-01	3.736432e-04	7.643829e-06	7.833747e-08	6.026430e-14	4.434108e-10	6.549338e-15
100	1.632931e-01	3.832076e-04	7.829908e-06	7.882558e-08	5.940409e-14	-2.910796e-11	-1.749545e-14
101	1.630919e-01	3.494320e-04	7.741430e-06	3.704333e-08	7.146461e-15	-4.299589e-10	-1.850497e-14
102	1.631746e-01	3.704387e-04	7.408991e-06	6.558178e-08	4.546306e-14	1.655212e-10	-4.788407e-15
103	1.631713e-01	3.914586e-04	8.800697e-06	7.286483e-08	5.495673e-14	-5.836284e-11	-1.960602e-14
104	1.632711e-01	3.561110e-04	6.162417e-06	1.019172e-07	7.836816e-14	5.613534e-10	1.954821e-14
105	1.631272e-01	3.715926e-04	7.389351e-06	8.909232e-08	7.213904e-14	1.962284e-10	-4.631358e-15
106	1.631364e-01	3.625026e-04	8.589694e-06	6.794276e-08	5.091037e-14	3.965249e-10	1.010910e-14
107	1.631494e-01	3.712698e-04	6.231319e-06	7.892891e-08	5.526067e-14	2.230213e-10	3.202278e-15
108	1.630816e-01	3.598127e-04	7.016725e-06	7.025069e-08	4.919128e-14	4.978052e-11	-3.592377e-15
109	1.631948e-01	3.633038e-04	7.263204e-06	8.958080e-08	7.030865e-14	5.718133e-10	1.667113e-14
110	1.633328e-01	3.755307e-04	7.807685e-06	8.503185e-08	6.439724e-14	-2.624568e-10	-2.555938e-14
111	1.631698e-01	3.624520e-04	6.340385e-06	6.488745e-08	4.019150e-14	-1.585539e-10	-1.080936e-14
112	1.632992e-01	3.533782e-04	8.662004e-06	1.524312e-07	1.566636e-13	1.612258e-09	7.832878e-14
113	1.630394e-01	3.613830e-04	6.809196e-06	7.834629e-08	5.698118e-14	2.223176e-10	5.262249e-15
114	1.630502e-01	3.434581e-04	7.395888e-06	7.267509e-08	4.315510e-14	-2.719875e-10	-3.124928e-14
115	1.631695e-01	3.591890e-04	8.031871e-06	8.348721e-08	6.482509e-14	-1.010231e-10	-2.171581e-14
116	1.630830e-01	3.605054e-04	7.847603e-06	7.002563e-08	4.914329e-14	6.324115e-10	1.672195e-14
117	1.631662e-01	3.708929e-04	7.815393e-06	8.234006e-08	6.596383e-14	2.674245e-10	3.430005e-15
118	1.631244e-01	3.586614e-04	8.165398e-06	7.033202e-08	5.329716e-14	2.391010e-10	-4.312146e-16
119	1.628956e-01	3.442111e-04	5.762401e-06	2.953070e-08	1.215233e-14	-1.147452e-11	-8.471647e-16
120	1.628821e-01	3.583704e-04	4.707526e-06	1.970423e-08	5.302417e-15	-9.238797e-11	-2.810403e-15
121	1.632684e-01	3.543721e-04	6.603087e-06	3.138542e-08	8.672304e-15	3.395921e-10	1.135484e-14
122	1.632218e-01	3.624818e-04	6.128354e-06	9.319219e-08	6.882359e-14	4.984486e-10	1.494397e-14
123	1.629908e-01	3.308716e-04	6.242500e-06	6.670327e-08	2.004739e-14	8.336291e-10	3.808910e-14
124	1.633210e-01	3.797669e-04	7.425924e-06	2.849842e-08	8.567561e-15	3.001161e-10	9.923300e-15
125	1.630999e-01	3.685016e-04	6.605866e-06	7.183750e-08	4.928400e-14	2.557898e-10	-4.478543e-15
126	1.628901e-01	3.283102e-04	8.236720e-06	7.469396e-08	5.047586e-14	-1.531492e-10	-2.974374e-14
127	1.631989e-01	3.467229e-04	6.533223e-06	3.813791e-08	1.435278e-14	-1.071165e-10	-1.250624e-14
128	1.631160e-01	3.331563e-04	5.601796e-06	6.707075e-08	2.619047e-14	6.254048e-10	3.168935e-14
129	1.633372e-01	3.732939e-04	7.019011e-06	5.774763e-08	3.069983e-14	4.839914e-10	2.022905e-14
130	1.630846e-01	3.587894e-04	7.635699e-06	4.629926e-08	2.576118e-14	3.405488e-10	9.705160e-15
131	1.630041e-01	3.704667e-04	6.853312e-06	2.032292e-08	6.976020e-15	1.514092e-10	2.976646e-15
132	1.631729e-01	3.527290e-04	7.721844e-06	9.851337e-08	8.472983e-14	6.253068e-10	1.426211e-14
133	1.632517e-01	3.722999e-04	8.217475e-06	5.796544e-08	3.279759e-14	5.676353e-10	2.290812e-14
134	1.631679e-01	3.377832e-04	8.947018e-06	3.021328e-08	-7.622102e-15	-5.412365e-10	-1.373543e-14
135	1.630259e-01	3.172310e-04	9.569028e-06	1.455789e-07	1.684521e-13	8.434395e-10	3.386832e-14
136	1.633712e-01	3.321008e-04	7.921967e-06	1.021902e-07	8.616244e-14	2.074369e-10	-3.209386e-14
137	1.631329e-01	3.723720e-04	8.451852e-06	5.158613e-08	2.354089e-14	5.840605e-10	2.461857e-14
138	1.632053e-01	3.732302e-04	1.103157e-05	8.893709e-08	8.717777e-14	4.196763e-10	1.266769e-14
139	1.630618e-01	3.393594e-04	6.123420e-06	5.782863e-08	3.354659e-14	3.239479e-10	7.669409e-15
140	1.630728e-01	3.383503e-04	4.078338e-06	6.440043e-08	3.183208e-14	3.957032e-10	8.719166e-15
141	1.631907e-01	3.531632e-04	7.577780e-06	7.269087e-08	5.242796e-14	1.521281e-10	-1.272412e-14
142	1.629812e-01	3.606131e-04	8.188498e-06	6.576149e-08	4.135328e-14	6.263170e-10	2.487240e-14
143	1.632450e-01	3.953316e-04	8.769482e-06	5.956545e-08	3.192898e-14	-2.761848e-10	-2.887715e-14
144	1.632819e-01	3.590009e-04	6.842044e-06	6.434178e-08	4.221892e-14	2.607010e-10	6.328677e-15
145	1.632326e-01	3.686677e-04	7.102273e-06	8.300986e-08	6.362507e-14	2.462364e-10	3.779627e-15
146	1.630353e-01	3.442667e-04	7.269528e-06	3.480562e-08	1.642114e-14	2.176131e-10	6.071496e-15
147	1.630267e-01	3.447625e-04	7.570227e-06	7.811306e-08	5.824628e-14	3.072143e-10	1.467930e-14
148	1.633722e-01	3.973117e-04	8.227758e-06	7.482878e-08	5.191761e-14	-3.691553e-10	-2.742130e-14
149	1.633580e-01	3.779830e-04	1.427888e-05	1.521624e-07	2.174248e-13	4.146848e-10	-5.506397e-14
150	1.629898e-01	3.392150e-04	6.837244e-06	2.069528e-08	4.121154e-15	-2.639190e-10	-6.604483e-15
151	1.631214e-01	3.510039e-04	8.793351e-06	6.341215e-08	4.310348e-14	-1.354647e-10	-1.960300e-14
152	1.631951e-01	3.620476e-04	6.558282e-06	7.109679e-08	4.595936e-14	-7.873233e-11	-1.564069e-14
153	1.629710e-01	3.549216e-04	5.671717e-06	7.686434e-08	5.004681e-14	4.715535e-10	8.425027e-15
154	1.631503e-01	3.660027e-04	6.641200e-06	7.873901e-08	5.634227e-14	3.430920e-10	8.220404e-15
155	1.629794e-01	3.438812e-04	5.919422e-06	6.377105e-08	3.631490e-14	4.736080e-10	1.470969e-14
156	1.630373e-01	3.600394e-04	6.928188e-06	8.286208e-08	6.271792e-14	3.580138e-10	2.862794e-15
157	1.631086e-01	3.617336e-04	6.603036e-06	7.330501e-08	4.861137e-14	4.722141e-10	1.542598e-14
158	1.633053e-01	3.694834e-04	6.925111e-06	8.137165e-08	5.949230e-14	3.975292e-10	1.385084e-14
159	1.632033e-01	3.568621e-04	6.058130e-06	9.304054e-08	5.924761e-14	-1.906065e-10	-3.699993e-14
160	1.631660e-01	3.993743e-04	7.644989e-06	5.043837e-08	3.112598e-14	1.607829e-10	-3.486184e-15
161	1.632455e-01	3.712713e-04	6.773274e-06	8.381291e-08	6.183204e-14	1.639507e-11	-1.282889e-14
162	1.630658e-01	3.361328e-04	7.101680e-06	1.023401e-07	8.650390e-14	2.758432e-10	-1.136143e-14
163	1.631741e-01	3.696457e-04	7.197643e-06	1.363809e-07	1.299960e-13	7.909928e-10	3.686377e-14
164	1.632093e-01	3.478105e-04	6.826434e-06	5.967749e-08	3.507418e-14	3.907537e-10	1.485469e-14
165	1.630271e-01	3.637919e-04	7.324409e-06	6.467402e-08	4.387022e-14	3.512104e-10	7.533814e-15
166	1.632651e-01	3.503559e-04	5.397873e-06	8.845862e-08	4.062058e-14	1.044435e-09	4.567582e-14
167	1.631398e-01	3.693081e-04	6.068085e-06	9.686049e-08	7.308798e-14	6.242869e-10	1.313256e-14
168	1.631230e-01	3.477638e-04	8.501171e-06	4.591278e-08	2.852817e-14	2.187482e-11	-2.985901e-15
169	1.633808e-01	3.765557e-04	6.972395e-06	7.099994e-08	4.972278e-14	1.797319e-10	-4.809917e-15
170	1.631979e-01	3.797875e-04	7.876494e-06	7.307834e-08	5.532083e-14	3.808114e-10	3.683780e-15
171	1.632132e-01	3.652820e-04	6.673868e-06	8.952176e-08	6.773976e-14	4.820975e-10	1.412186e-14
172	1.631230e-01	3.602623e-04	6.420253e-06	8.348013e-08	6.054422e-14	3.961855e-10	8.336148e-15
173	1.630807e-01	3.641798e-04	7.820235e-06	6.551265e-08	4.644059e-14	2.206376e-10	-6.490012e-15
174	1.632290e-01	3.705473e-04	9.065719e-06	6.947699e-08	5.366185e-14	-4.768935e-11	-1.267940e-14
175	1.631856e-01	3.621507e-04	7.654059e-06	8.102003e-08	6.322981e-14	2.026539e-10	-8.525822e-15
176	1.631261e-01	3.585009e-04	6.164369e-06	1.209790e-07	5.874198e-14	1.766566e-09	8.639592e-14
177	1.634684e-01	3.726737e-04	7.227134e-06	1.386210e-07	1.238358e-13	-5.444328e-10	-6.257538e-14
178	1.634283e-01	3.828451e-04	9.413087e-06	2.175965e-07	-8.979840e-16	-2.662429e-09	-3.114168e-13
179	1.633835e-01	3.795233e-04	8.499840e-06	1.957048e-07	-1.276483e-14	-2.508511e-09	-2.520876e-13
180	1.631687e-01	3.925259e-04	5.973352e-06	7.495605e-08	4.897159e-14	4.299946e-10	1.083347e-14
181	1.630135e-01	3.498359e-04	6.061582e-06	3.457499e-08	-9.269171e-15	3.089535e-10	-1.283041e-14
182	1.630135e-01	3.498359e-04	6.061582e-06	3.457499e-08	-9.269171e-15	3.089535e-10	-1.283041e-14
183	1.629238e-01	3.721188e-04	6.970054e-06	4.267975e-08	-4.388407e-15	8.147619e-10	2.286088e-14
184	1.631563e-01	3.634855e-04	7.409159e-06	7.395406e-08	3.786686e-14	-6.638865e-10	-3.953330e-14
185	1.631945e-01	3.594140e-04	5.741635e-06	5.737044e-08	3.291556e-14	2.340730e-10	8.616973e-16
186	1.630047e-01	3.506739e-04	9.312801e-06	6.809341e-08	5.356854e-14	3.901135e-10	8.410645e-15
187	1.632527e-01	3.594335e-04	8.221810e-06	8.198410e-08	4.887138e-14	-6.026401e-10	-4.628385e-14
188	1.630664e-01	3.527098e-04	5.675459e-06	5.754256e-08	3.252306e-14	2.381628e-10	4.858653e-15
189	1.631288e-01	3.736432e-04	7.643829e-06	7.833747e-08	6.026430e-14	4.434108e-10	6.549338e-15
190	1.632931e-01	3.832076e-04	7.829908e-06	7.882558e-08	5.940409e-14	-2.910796e-11	-1.749545e-14
191	1.630919e-01	3.494320e-04	7.741430e-06	3.704333e-08	7.146461e-15	-4.299589e-10	-1.850497e-14
192	1.631746e-01	3.704387e-04	7.408991e-06	6.558178e-08	4.546306e-14	1.655212e-10	-4.788407e-15
193	1.631713e-01	3.914586e-04	8.800697e-06	7.286483e-08	5.495673e-14	-5.836284e-11	-1.960602e-14
194	1.632711e-01	3.561110e-04	6.162417e-06	1.019172e-07	7.836816e-14	5.613534e-10	1.954821e-14
195	1.631272e-01	3.715926e-04	7.389351e-06	8.909232e-08	7.213904e-14	1.962284e-10	-4.631358e-15
196	1.631364e-01	3.625026e-04	8.589694e-06	6.794276e-08	5.091037e-14	3.965249e-10	1.010910e-14
197	1.631494e-01	3.712698e-04	6.231319e-06	7.892891e-08	5.526067e-14	2.230213e-10	3.202278e-15
198	1.630816e-01	3.598127e-04	7.016725e-06	7.025069e-08	4.919128e-14	4.978052e-11	-3.592377e-15
199	1.631948e-01	3.633038e-04	7.263204e-06	8.958080e-08	7.030865e-14	5.718133e-10	1.667113e-14
200	1.633328e-01	3.755307e-04	7.807685e-06	8.503185e-08	6.439724e-14	-2.624568e-10	-2.555938e-14
201	1.631698e-01	3.624520e-04	6.340385e-06	6.488745e-08	4.019150e-14	-1.585539e-10	-1.080936e-14
202	1.632774e-01	3.460850e-04	8.443306e-06	1.476517e-07	1.435103e-13	1.549464e-09	8.113852e-14
203	1.630394e-01	3.613830e-04	6.809196e-06	7.834629e-08	5.698118e-14	2.223176e-10	5.262249e-15
204	1.630912e-01	3.380050e-04	7.042497e-06	5.833352e-08	3.185809e-14	-1.066885e-10	-1.956984e-14
205	1.631695e-01	3.591890e-04	8.031871e-06	8.348721e-08	6.482509e-14	-1.010231e-10	-2.171581e-14
206	1.630830e-01	3.605054e-04	7.847603e-06	7.002563e-08	4.914329e-14	6.324115e-10	1.672195e-14
207	1.631662e-01	3.708929e-04	7.815393e-06	8.234006e-08	6.596383e-14	2.674245e-10	3.430005e-15
208	1.631244e-01	3.586614e-04	8.165398e-06	7.033202e-08	5.329716e-14	2.391010e-10	-4.312146e-16
209	1.628956e-01	3.442111e-04	5.762401e-06	2.953070e-08	1.215233e-14	-1.147452e-11	-8.471647e-16
210	1.628821e-01	3.583704e-04	4.707526e-06	1.970423e-08	5.302417e-15	-9.238797e-11	-2.810403e-15
211	1.632684e-01	3.543721e-04	6.603087e-06	3.138542e-08	8.672304e-15	3.395921e-10	1.135484e-14
212	1.632218e-01	3.624818e-04	6.128354e-06	9.319219e-08	6.882359e-14	4.984486e-10	1.494397e-14
213	1.629908e-01	3.308716e-04	6.242500e-06	6.670327e-08	2.004739e-14	8.336291e-10	3.808910e-14
214	1.633210e-01	3.797669e-04	7.425924e-06	2.849842e-08	8.567561e-15	3.001161e-10	9.923300e-15
215	1.630999e-01	3.685016e-04	6.605866e-06	7.183750e-08	4.928400e-14	2.557898e-10	-4.478543e-15
216	1.628901e-01	3.283102e-04	8.236720e-06	7.469396e-08	5.047586e-14	-1.531492e-10	-2.974374e-14
217	1.631989e-01	3.467229e-04	6.533223e-06	3.813791e-08	1.435278e-14	-1.071165e-10	-1.250624e-14
218	1.631160e-01	3.331563e-04	5.601796e-06	6.707075e-08	2.619047e-14	6.254048e-10	3.168935e-14
219	1.633372e-01	3.732939e-04	7.019011e-06	5.774763e-08	3.069983e-14	4.839914e-10	2.022905e-14
220	1.630846e-01	3.587894e-04	7.635699e-06	4.629926e-08	2.576118e-14	3.405488e-10	9.705160e-15
221	1.630041e-01	3.704667e-04	6.853312e-06	2.032292e-08	6.976020e-15	1.514092e-10	2.976646e-15
222	1.631729e-01	3.527290e-04	7.721844e-06	9.851337e-08	8.472983e-14	6.253068e-10	1.426211e-14
223	1.632517e-01	3.722999e-04	8.217475e-06	5.796544e-08	3.279759e-14	5.676353e-10	2.290812e-14
224	1.631679e-01	3.377832e-04	8.947018e-06	3.021328e-08	-7.622102e-15	-5.412365e-10	-1.373543e-14
225	1.630259e-01	3.172310e-04	9.569028e-06	1.455789e-07	1.684521e-13	8.434395e-10	3.386832e-14
226	1.633712e-01	3.321008e-04	7.921967e-06	1.021902e-07	8.616244e-14	2.074369e-10	-3.209386e-14
227	1.631329e-01	3.723720e-04	8.451852e-06	5.158613e-08	2.354089e-14	5.840605e-10	2.461857e-14
228	1.632053e-01	3.732302e-04	1.103157e-05	8.893709e-08	8.717777e-14	4.196763e-10	1.266769e-14
229	1.630618e-01	3.393594e-04	6.123420e-06	5.782863e-08	3.354659e-14	3.239479e-10	7.669409e-15
230	1.630650e-01	3.410202e-04	4.540260e-06	6.669454e-08	3.588432e-14	3.202363e-10	7.698449e-15
231	1.631907e-01	3.531632e-04	7.577780e-06	7.269087e-08	5.242796e-14	1.521281e-10	-1.272412e-14
232	1.629812e-01	3.606131e-04	8.188498e-06	6.576149e-08	4.135328e-14	6.263170e-10	2.487240e-14
233	1.632450e-01	3.953316e-04	8.769482e-06	5.956545e-08	3.192898e-14	-2.761848e-10	-2.887715e-14
234	1.632819e-01	3.590009e-04	6.842044e-06	6.434178e-08	4.221892e-14	2.607010e-10	6.328677e-15
235	1.632326e-01	3.686677e-04	7.102273e-06	8.300986e-08	6.362507e-14	2.462364e-10	3.779627e-15
236	1.630353e-01	3.442667e-04	7.269528e-06	3.480562e-08	1.642114e-14	2.176131e-10	6.071496e-15
237	1.630267e-01	3.447625e-04	7.570227e-06	7.811306e-08	5.824628e-14	3.072143e-10	1.467930e-14
238	1.633722e-01	3.973117e-04	8.227758e-06	7.482878e-08	5.191761e-14	-3.691553e-10	-2.742130e-14
239	1.633580e-01	3.779830e-04	1.427888e-05	1.521624e-07	2.174248e-13	4.146848e-10	-5.506397e-14
240	1.629898e-01	3.392150e-04	6.837244e-06	2.069528e-08	4.121154e-15	-2.639190e-10	-6.604483e-15
241	1.631214e-01	3.510039e-04	8.793351e-06	6.341215e-08	4.310348e-14	-1.354647e-10	-1.960300e-14
242	1.631951e-01	3.620476e-04	6.558282e-06	7.109679e-08	4.595936e-14	-7.873233e-11	-1.564069e-14
243	1.629710e-01	3.549216e-04	5.671717e-06	7.686434e-08	5.004681e-14	4.715535e-10	8.425027e-15
244	1.631503e-01	3.660027e-04	6.641200e-06	7.873901e-08	5.634227e-14	3.430920e-10	8.220404e-15
245	1.629794e-01	3.438812e-04	5.919422e-06	6.377105e-08	3.631490e-14	4.736080e-10	1.470969e-14
246	1.630373e-01	3.600394e-04	6.928188e-06	8.286208e-08	6.271792e-14	3.580138e-10	2.862794e-15
247	1.631086e-01	3.617336e-04	6.603036e-06	7.330501e-08	4.861137e-14	4.722141e-10	1.542598e-14
248	1.633053e-01	3.694834e-04	6.925111e-06	8.137165e-08	5.949230e-14	3.975292e-10	1.385084e-14
249	1.632033e-01	3.568621e-04	6.058130e-06	9.304054e-08	5.924761e-14	-1.906065e-10	-3.699993e-14
250	1.631660e-01	3.993743e-04	7.644989e-06	5.043837e-08	3.112598e-14	1.607829e-10	-3.486184e-15
251	1.632455e-01	3.712713e-04	6.773274e-06	8.381291e-08	6.183204e-14	1.639507e-11	-1.282889e-14
252	1.630658e-01	3.361328e-04	7.101680e-06	1.023401e-07	8.650390e-14	2.758432e-10	-1.136143e-14
253	1.631741e-01	3.696457e-04	7.197643e-06	1.363809e-07	1.299960e-13	7.909928e-10	3.686377e-14
254	1.632093e-01	3.478105e-04	6.826434e-06	5.967749e-08	3.507418e-14	3.907537e-10	1.485469e-14
255	1.630271e-01	3.637919e-04	7.324409e-06	6.467402e-08	4.387022e-14	3.512104e-10	7.533814e-15
256	1.632651e-01	3.503559e-04	5.397873e-06	8.845862e-08	4.062058e-14	1.044435e-09	4.567582e-14
257	1.631398e-01	3.693081e-04	6.068085e-06	9.686049e-08	7.308798e-14	6.242869e-10	1.313256e-14
258	1.631230e-01	3.477638e-04	8.501171e-06	4.591278e-08	2.852817e-14	2.187482e-11	-2.985901e-15
259	1.633808e-01	3.765557e-04	6.972395e-06	7.099994e-08	4.972278e-14	1.797319e-10	-4.809917e-15
260	1.631979e-01	3.797875e-04	7.876494e-06	7.307834e-08	5.532083e-14	3.808114e-10	3.683780e-15
261	1.632132e-01	3.652820e-04	6.673868e-06	8.952176e-08	6.773976e-14	4.820975e-10	1.412186e-14
262	1.631230e-01	3.602623e-04	6.420253e-06	8.348013e-08	6.054422e-14	3.961855e-10	8.336148e-15
263	1.630807e-01	3.641798e-04	7.820235e-06	6.551265e-08	4.644059e-14	2.206376e-10	-6.490012e-15
264	1.632290e-01	3.705473e-04	9.065719e-06	6.947699e-08	5.366185e-14	-4.768935e-11	-1.267940e-14
265	1.631856e-01	3.621507e-04	7.654059e-06	8.102003e-08	6.322981e-14	2.026539e-10	-8.525822e-15
266	1.631261e-01	3.585009e-04	6.164369e-06	1.209790e-07	5.874198e-14	1.766566e-09	8.639592e-14
267	1.634556e-01	3.767387e-04	6.744518e-06	1.322206e-07	1.077365e-13	-6.808401e-10	-6.311033e-14
268	1.634283e-01	3.828451e-04	9.413087e-06	2.175965e-07	-8.979840e-16	-2.662429e-09	-3.114168e-13
269	1.633835e-01	3.795233e-04	8.499840e-06	1.957048e-07	-1.276483e-14	-2.508511e-09	-2.520876e-13
270	1.631687e-01	3.925259e-04	5.973352e-06	7.495605e-08	4.897159e-14	4.299946e-10	1.083347e-14
271	1.630135e-01	3.498359e-04	6.061582e-06	3.457499e-08	-9.269171e-15	3.089535e-10	-1.283041e-14
272	1.630135e-01	3.498359e-04	6.061582e-06	3.457499e-08	-9.269171e-15	3.089535e-10	-1.283041e-14
273	1.629347e-01	3.651335e-04	7.291627e-06	4.847930e-08	-6.585610e-15	9.179487e-10	2.806107e-14
274	1.631563e-01	3.634855e-04	7.409159e-06	7.395406e-08	3.786686e-14	-6.638865e-10	-3.953330e-14
275	1.631945e-01	3.594140e-04	5.741635e-06	5.737044e-08	3.291556e-14	2.340730e-10	8.616973e-16
276	1.630047e-01	3.506739e-04	9.312801e-06	6.809341e-08	5.356854e-14	3.901135e-10	8.410645e-15
277	1.632527e-01	3.594335e-04	8.221810e-06	8.198410e-08	4.887138e-14	-6.026401e-10	-4.628385e-14
278	1.630664e-01	3.527098e-04	5.675459e-06	5.754256e-08	3.252306e-14	2.381628e-10	4.858653e-15
279	1.631288e-01	3.736432e-04	7.643829e-06	7.833747e-08	6.026430e-14	4.434108e-10	6.549338e-15
280	1.632931e-01	3.832076e-04	7.829908e-06	7.882558e-08	5.940409e-14	-2.910796e-11	-1.749545e-14
281	1.630919e-01	3.494320e-04	7.741430e-06	3.704333e-08	7.146461e-15	-4.299589e-10	-1.850497e-14
282	1.631746e-01	3.704387e-04	7.408991e-06	6.558178e-08	4.546306e-14	1.655212e-10	-4.788407e-15
283	1.631713e-01	3.914586e-04	8.800697e-06	7.286483e-08	5.495673e-14	-5.836284e-11	-1.960602e-14
284	1.632711e-01	3.561110e-04	6.162417e-06	1.019172e-07	7.836816e-14	5.613534e-10	1.954821e-14
285	1.631272e-01	3.715926e-04	7.389351e-06	8.909232e-08	7.213904e-14	1.962284e-10	-4.631358e-15
286	1.631364e-01	3.625026e-04	8.589694e-06	6.794276e-08	5.091037e-14	3.965249e-10	1.010910e-14
287	1.631494e-01	3.712698e-04	6.231319e-06	7.892891e-08	5.526067e-14	2.230213e-10	3.202278e-15
288	1.630816e-01	3.598127e-04	7.016725e-06	7.025069e-08	4.919128e-14	4.978052e-11	-3.592377e-15
289	1.631948e-01	3.633038e-04	7.263204e-06	8.958080e-08	7.030865e-14	5.718133e-10	1.667113e-14
290	1.633328e-01	3.755307e-04	7.807685e-06	8.503185e-08	6.439724e-14	-2.624568e-10	-2.555938e-14
291	1.631698e-01	3.624520e-04	6.340385e-06	6.488745e-08	4.019150e-14	-1.585539e-10	-1.080936e-14
292	1.632774e-01	3.460850e-04	8.443306e-06	1.476517e-07	1.435103e-13	1.549464e-09	8.113852e-14
293	1.630394e-01	3.613830e-04	6.809196e-06	7.834629e-08	5.698118e-14	2.223176e-10	5.262249e-15
294	1.630502e-01	3.434581e-04	7.395888e-06	7.267509e-08	4.315510e-14	-2.719875e-10	-3.124928e-14
295	1.631695e-01	3.591890e-04	8.031871e-06	8.348721e-08	6.482509e-14	-1.010231e-10	-2.171581e-14
296	1.630830e-01	3.605054e-04	7.847603e-06	7.002563e-08	4.914329e-14	6.324115e-10	1.672195e-14
297	1.631662e-01	3.708929e-04	7.815393e-06	8.234006e-08	6.596383e-14	2.674245e-10	3.430005e-15
298	1.631244e-01	3.586614e-04	8.165398e-06	7.033202e-08	5.329716e-14	2.391010e-10	-4.312146e-16
299	1.628956e-01	3.442111e-04	5.762401e-06	2.953070e-08	1.215233e-14	-1.147452e-11	-8.471647e-16
300	1.628821e-01	3.583704e-04	4.707526e-06	1.970423e-08	5.302417e-15	-9.238797e-11	-2.810403e-15
301	1.632684e-01	3.543721e-04	6.603087e-06	3.138542e-08	8.672304e-15	3.395921e-10	1.135484e-14
302	1.632218e-01	3.624818e-04	6.128354e-06	9.319219e-08	6.882359e-14	4.984486e-10	1.494397e-14
303	1.629908e-01	3.308716e-04	6.242500e-06	6.670327e-08	2.004739e-14	8.336291e-10	3.808910e-14
304	1.633210e-01	3.797669e-04	7.425924e-06	2.849842e-08	8.567561e-15	3.001161e-10	9.923300e-15
305	1.630999e-01	3.685016e-04	6.605866e-06	7.183750e-08	4.928400e-14	2.557898e-10	-4.478543e-15
306	1.628901e-01	3.283102e-04	8.236720e-06	7.469396e-08	5.047586e-14	-1.531492e-10	-2.974374e-14
307	1.631989e-01	3.467229e-04	6.533223e-06	3.813791e-08	1.435278e-14	-1.071165e-10	-1.250624e-14
308	1.631160e-01	3.331563e-04	5.601796e-06	6.707075e-08	2.619047e-14	6.254048e-10	3.168935e-14
309	1.633372e-01	3.732939e-04	7.019011e-06	5.774763e-08	3.069983e-14	4.839914e-10	2.022905e-14
310	1.630374e-01	3.496901e-04	7.224630e-06	5.456185e-08	3.041417e-14	4.956766e-10	1.576317e-14
311	1.630041e-01	3.704667e-04	6.853312e-06	2.032292e-08	6.976020e-15	1.514092e-10	2.976646e-15
312	1.631729e-01	3.527290e-04	7.721844e-06	9.851337e-08	8.472983e-14	6.253068e-10	1.426211e-14
313	1.632517e-01	3.722999e-04	8.217475e-06	5.796544e-08	3.279759e-14	5.676353e-10	2.290812e-14
314	1.631679e-01	3.377832e-04	8.947018e-06	3.021328e-08	-7.622102e-15	-5.412365e-10	-1.373543e-14
315	1.630259e-01	3.172310e-04	9.569028e-06	1.455789e-07	1.684521e-13	8.434395e-10	3.386832e-14
316	1.633712e-01	3.321008e-04	7.921967e-06	1.021902e-07	8.616244e-14	2.074369e-10	-3.209386e-14
317	1.631329e-01	3.723720e-04	8.451852e-06	5.158613e-08	2.354089e-14	5.840605e-10	2.461857e-14
318	1.632053e-01	3.732302e-04	1.103157e-05	8.893709e-08	8.717777e-14	4.196763e-10	1.266769e-14
319	1.630618e-01	3.393594e-04	6.123420e-06	5.782863e-08	3.354659e-14	3.239479e-10	7.669409e-15
320	1.630728e-01	3.383503e-04	4.078338e-06	6.440043e-08	3.183208e-14	3.957032e-10	8.719166e-15
321	1.631907e-01	3.531632e-04	7.577780e-06	7.269087e-08	5.242796e-14	1.521281e-10	-1.272412e-14
322	1.629812e-01	3.606131e-04	8.188498e-06	6.576149e-08	4.135328e-14	6.263170e-10	2.487240e-14
323	1.632450e-01	3.953316e-04	8.769482e-06	5.956545e-08	3.192898e-14	-2.761848e-10	-2.887715e-14
324	1.632819e-01	3.590009e-04	6.842044e-06	6.434178e-08	4.221892e-14	2.607010e-10	6.328677e-15
325	1.632326e-01	3.686677e-04	7.102273e-06	8.300986e-08	6.362507e-14	2.462364e-10	3.779627e-15
326	1.630353e-01	3.442667e-04	7.269528e-06	3.480562e-08	1.642114e-14	2.176131e-10	6.071496e-15
327	1.630606e-01	3.458332e-04	7.687250e-06	7.408561e-08	5.565152e-14	1.363237e-10	5.365588e-15
328	1.633722e-01	3.973117e-04	8.227758e-06	7.482878e-08	5.191761e-14	-3.691553e-10	-2.742130e-14
329	1.633580e-01	3.779830e-04	1.427888e-05	1.521624e-07	2.174248e-13	4.146848e-10	-5.506397e-14
330	1.629898e-01	3.392150e-04	6.837244e-06	2.069528e-08	4.121154e-15	-2.639190e-10	-6.604483e-15
331	1.631214e-01	3.510039e-04	8.793351e-06	6.341215e-08	4.310348e-14	-1.354647e-10	-1.960300e-14
332	1.631951e-01	3.620476e-04	6.558282e-06	7.109679e-08	4.595936e-14	-7.873233e-11	-1.564069e-14
333	1.629710e-01	3.549216e-04	5.671717e-06	7.686434e-08	5.004681e-14	4.715535e-10	8.425027e-15
334	1.631503e-01	3.660027e-04	6.641200e-06	7.873901e-08	5.634227e-14	3.430920e-10	8.220404e-15
335	1.629794e-01	3.438812e-04	5.919422e-06	6.377105e-08	3.631490e-14	4.736080e-10	1.470969e-14
336	1.630373e-01	3.600394e-04	6.928188e-06	8.286208e-08	6.271792e-14	3.580138e-10	2.862794e-15
337	1.631086e-01	3.617336e-04	6.603036e-06	7.330501e-08	4.861137e-14	4.722141e-10	1.542598e-14
338	1.633053e-01	3.694834e-04	6.925111e-06	8.137165e-08	5.949230e-14	3.975292e-10	1.385084e-14
339	1.632033e-01	3.568621e-04	6.058130e-06	9.304054e-08	5.924761e-14	-1.906065e-10	-3.699993e-14
340	1.631660e-01	3.993743e-04	7.644989e-06	5.043837e-08	3.112598e-14	1.607829e-10	-3.486184e-15
341	1.632455e-01	3.712713e-04	6.773274e-06	8.381291e-08	6.183204e-14	1.639507e-11	-1.282889e-14
342	1.630658e-01	3.361328e-04	7.101680e-06	1.023401e-07	8.650390e-14	2.758432e-10	-1.136143e-14
343	1.631741e-01	3.696457e-04	7.197643e-06	1.363809e-07	1.299960e-13	7.909928e-10	3.686377e-14
344	1.632093e-01	3.478105e-04	6.826434e-06	5.967749e-08	3.507418e-14	3.907537e-10	1.485469e-14
345	1.630271e-01	3.637919e-04	7.324409e-06	6.467402e-08	4.387022e-14	3.512104e-10	7.533814e-15
346	1.632651e-01	3.503559e-04	5.397873e-06	8.845862e-08	4.062058e-14	1.044435e-09	4.567582e-14
347	1.631398e-01	3.693081e-04	6.068085e-06	9.686049e-08	7.308798e-14	6.242869e-10	1.313256e-14
348	1.631230e-01	3.477638e-04	8.501171e-06	4.591278e-08	2.852817e-14	2.187482e-11	-2.985901e-15
349	1.633808e-01	3.765557e-04	6.972395e-06	7.099994e-08	4.972278e-14	1.797319e-10	-4.809917e-15
350	1.631979e-01	3.797875e-04	7.876494e-06	7.307834e-08	5.532083e-14	3.808114e-10	3.683780e-15
351	1.632132e-01	3.652820e-04	6.673868e-06	8.952176e-08	6.773976e-14	4.820975e-10	1.412186e-14
352	1.631230e-01	3.602623e-04	6.420253e-06	8.348013e-08	6.054422e-14	3.961855e-10	8.336148e-15
353	1.630807e-01	3.641798e-04	7.820235e-06	6.551265e-08	4.644059e-14	2.206376e-10	-6.490012e-15
354	1.632290e-01	3.705473e-04	9.065719e-06	6.947699e-08	5.366185e-14	-4.768935e-11	-1.267940e-14
355	1.631856e-01	3.621507e-04	7.654059e-06	8.102003e-08	6.322981e-14	2.026539e-10	-8.525822e-15
356	1.631261e-01	3.585009e-04	6.164369e-06	1.209790e-07	5.874198e-14	1.766566e-09	8.639592e-14
357	1.634684e-01	3.726737e-04	7.227134e-06	1.386210e-07	1.238358e-13	-5.444328e-10	-6.257538e-14
358	1.634283e-01	3.828451e-04	9.413087e-06	2.175965e-07	-8.979840e-16	-2.662429e-09	-3.114168e-13
359	1.633835e-01	3.795233e-04	8.499840e-06	1.957048e-07	-1.276483e-14	-2.508511e-09	-2.520876e-13
