0.00	+1.802e-01	+1.071e-03	+8.262e-04	+5.194e-05	-1.053e-08	-1.617e-06	+2.227e-09
1.00	+1.804e-01	+9.958e-04	+7.533e-04	+5.009e-05	-8.870e-09	-1.373e-06	+3.999e-09
2.00	+1.801e-01	+1.030e-03	+7.985e-04	+4.778e-05	-8.460e-09	-1.350e-06	+3.939e-09
3.00	+1.798e-01	+9.761e-04	+8.089e-04	+5.086e-05	-9.725e-09	-1.448e-06	+3.445e-09
4.00	+1.797e-01	+1.003e-03	+8.114e-04	+4.931e-05	-9.638e-09	-1.484e-06	+2.088e-09
5.00	+1.798e-01	+9.926e-04	+8.206e-04	+4.999e-05	-9.801e-09	-1.472e-06	+2.545e-09
6.00	+1.798e-01	+1.002e-03	+8.045e-04	+4.877e-05	-9.380e-09	-1.448e-06	+2.308e-09
7.00	+1.799e-01	+1.010e-03	+8.069e-04	+4.964e-05	-9.751e-09	-1.502e-06	+1.897e-09
8.00	+1.799e-01	+1.015e-03	+8.104e-04	+4.997e-05	-9.840e-09	-1.504e-06	+2.070e-09
9.00	+1.800e-01	+9.846e-04	+8.312e-04	+5.071e-05	-1.022e-08	-1.523e-06	+1.968e-09
10.00	+1.798e-01	+9.956e-04	+8.207e-04	+5.011e-05	-9.955e-09	-1.500e-06	+2.035e-09
11.00	+1.798e-01	+9.824e-04	+8.010e-04	+4.963e-05	-9.644e-09	-1.472e-06	+2.215e-09
12.00	+1.799e-01	+1.005e-03	+8.113e-04	+5.071e-05	-9.954e-09	-1.504e-06	+2.585e-09
13.00	+1.797e-01	+9.821e-04	+8.135e-04	+5.090e-05	-9.867e-09	-1.483e-06	+3.153e-09
14.00	+1.799e-01	+1.026e-03	+8.172e-04	+5.047e-05	-9.986e-09	-1.525e-06	+2.306e-09
15.00	+1.799e-01	+1.012e-03	+8.183e-04	+5.149e-05	-1.038e-08	-1.565e-06	+1.996e-09
16.00	+1.798e-01	+9.829e-04	+7.991e-04	+4.982e-05	-9.658e-09	-1.476e-06	+2.358e-09
17.00	+1.797e-01	+1.017e-03	+8.149e-04	+4.917e-05	-9.710e-09	-1.497e-06	+1.611e-09
18.00	+1.799e-01	+1.000e-03	+8.216e-04	+5.170e-05	-1.030e-08	-1.534e-06	+2.734e-09
19.00	+1.798e-01	+9.796e-04	+8.249e-04	+5.061e-05	-1.006e-08	-1.498e-06	+2.413e-09
20.00	+1.800e-01	+1.007e-03	+8.204e-04	+5.029e-05	-9.979e-09	-1.511e-06	+2.182e-09
21.00	+1.798e-01	+1.006e-03	+8.148e-04	+5.042e-05	-1.000e-08	-1.526e-06	+2.094e-09
22.00	+1.802e-01	+1.023e-03	+8.102e-04	+5.110e-05	-1.017e-08	-1.557e-06	+2.174e-09
23.00	+1.800e-01	+1.038e-03	+8.117e-04	+5.059e-05	-1.002e-08	-1.552e-06	+2.156e-09
24.00	+1.797e-01	+9.810e-04	+8.124e-04	+4.944e-05	-9.575e-09	-1.448e-06	+2.547e-09
25.00	+1.801e-01	+1.030e-03	+8.481e-04	+5.205e-05	-1.077e-08	-1.586e-06	+1.931e-09
26.00	+1.798e-01	+9.693e-04	+8.216e-04	+5.007e-05	-1.004e-08	-1.506e-06	+1.543e-09
27.00	+1.799e-01	+1.005e-03	+8.216e-04	+4.998e-05	-9.826e-09	-1.477e-06	+2.458e-09
28.00	+1.799e-01	+1.001e-03	+8.063e-04	+5.007e-05	-9.688e-09	-1.466e-06	+2.707e-09
29.00	+1.799e-01	+9.694e-04	+8.223e-04	+5.075e-05	-1.019e-08	-1.504e-06	+1.923e-09
30.00	+1.802e-01	+1.007e-03	+8.495e-04	+5.208e-05	-1.075e-08	-1.587e-06	+2.097e-09
31.00	+1.803e-01	+1.055e-03	+8.278e-04	+5.241e-05	-1.064e-08	-1.607e-06	+2.456e-09
32.00	+1.796e-01	+1.006e-03	+7.973e-04	+4.762e-05	-9.189e-09	-1.462e-06	+1.296e-09
33.00	+1.800e-01	+1.002e-03	+8.237e-04	+5.003e-05	-9.998e-09	-1.518e-06	+1.784e-09
34.00	+1.798e-01	+1.018e-03	+7.976e-04	+4.887e-05	-9.352e-09	-1.465e-06	+2.377e-09
35.00	+1.799e-01	+1.004e-03	+8.058e-04	+5.038e-05	-9.976e-09	-1.540e-06	+1.884e-09
36.00	+1.799e-01	+1.013e-03	+8.109e-04	+5.044e-05	-9.888e-09	-1.504e-06	+2.504e-09
37.00	+1.804e-01	+1.029e-03	+8.265e-04	+5.194e-05	-1.019e-08	-1.518e-06	+3.447e-09
38.00	+1.799e-01	+1.038e-03	+8.359e-04	+5.057e-05	-1.020e-08	-1.553e-06	+2.022e-09
39.00	+1.797e-01	+9.658e-04	+7.926e-04	+4.792e-05	-9.045e-09	-1.393e-06	+2.320e-09
40.00	+1.800e-01	+1.021e-03	+7.983e-04	+5.073e-05	-9.891e-09	-1.531e-06	+2.523e-09
41.00	+1.797e-01	+9.738e-04	+8.125e-04	+4.878e-05	-9.427e-09	-1.426e-06	+2.333e-09
42.00	+1.797e-01	+1.002e-03	+8.279e-04	+5.139e-05	-1.039e-08	-1.554e-06	+2.117e-09
43.00	+1.803e-01	+1.012e-03	+8.293e-04	+5.189e-05	-1.040e-08	-1.520e-06	+2.782e-09
44.00	+1.800e-01	+1.007e-03	+8.181e-04	+5.074e-05	-1.008e-08	-1.519e-06	+2.303e-09
45.00	+1.799e-01	+1.008e-03	+8.221e-04	+5.011e-05	-9.879e-09	-1.498e-06	+2.413e-09
46.00	+1.800e-01	+9.917e-04	+8.215e-04	+5.153e-05	-1.032e-08	-1.540e-06	+2.446e-09
47.00	+1.799e-01	+1.003e-03	+8.224e-04	+5.017e-05	-1.010e-08	-1.536e-06	+1.323e-09
48.00	+1.801e-01	+1.018e-03	+8.086e-04	+5.135e-05	-1.006e-08	-1.528e-06	+2.877e-09
49.00	+1.798e-01	+1.008e-03	+8.135e-04	+4.950e-05	-9.808e-09	-1.507e-06	+1.562e-09
50.00	+1.802e-01	+1.003e-03	+8.233e-04	+5.147e-05	-1.034e-08	-1.539e-06	+2.303e-09
51.00	+1.799e-01	+9.957e-04	+8.271e-04	+5.068e-05	-1.018e-08	-1.517e-06	+2.008e-09
52.00	+1.798e-01	+1.038e-03	+8.322e-04	+5.076e-05	-1.026e-08	-1.556e-06	+1.865e-09
53.00	+1.798e-01	+1.008e-03	+8.061e-04	+5.047e-05	-9.970e-09	-1.537e-06	+2.048e-09
54.00	+1.800e-01	+9.828e-04	+8.162e-04	+5.110e-05	-1.025e-08	-1.534e-06	+1.953e-09
55.00	+1.802e-01	+1.016e-03	+8.411e-04	+5.149e-05	-1.050e-08	-1.566e-06	+2.136e-09
56.00	+1.797e-01	+1.023e-03	+8.213e-04	+5.051e-05	-1.020e-08	-1.565e-06	+1.303e-09
57.00	+1.799e-01	+9.883e-04	+8.140e-04	+5.085e-05	-1.015e-08	-1.525e-06	+1.985e-09
58.00	+1.801e-01	+1.033e-03	+8.414e-04	+5.189e-05	-1.061e-08	-1.584e-06	+2.247e-09
59.00	+1.798e-01	+9.831e-04	+8.029e-04	+4.978e-05	-9.793e-09	-1.508e-06	+1.768e-09
60.00	+1.799e-01	+1.040e-03	+8.400e-04	+5.157e-05	-1.069e-08	-1.632e-06	+1.000e-09
61.00	+1.795e-01	+9.785e-04	+7.967e-04	+4.856e-05	-9.399e-09	-1.456e-06	+1.701e-09
62.00	+1.799e-01	+1.009e-03	+8.214e-04	+5.063e-05	-1.023e-08	-1.544e-06	+1.381e-09
63.00	+1.796e-01	+1.013e-03	+8.005e-04	+4.846e-05	-9.268e-09	-1.454e-06	+2.284e-09
64.00	+1.800e-01	+9.837e-04	+8.340e-04	+5.113e-05	-1.041e-08	-1.540e-06	+1.744e-09
65.00	+1.799e-01	+9.989e-04	+8.141e-04	+5.062e-05	-9.987e-09	-1.504e-06	+2.418e-09
66.00	+1.799e-01	+1.006e-03	+8.406e-04	+5.116e-05	-1.043e-08	-1.543e-06	+1.965e-09
67.00	+1.797e-01	+9.957e-04	+8.256e-04	+5.002e-05	-1.003e-08	-1.515e-06	+1.635e-09
68.00	+1.797e-01	+1.017e-03	+8.121e-04	+5.026e-05	-9.857e-09	-1.511e-06	+2.443e-09
69.00	+1.795e-01	+9.819e-04	+7.961e-04	+4.891e-05	-9.419e-09	-1.467e-06	+2.097e-09
70.00	+1.800e-01	+1.018e-03	+8.436e-04	+5.237e-05	-1.083e-08	-1.606e-06	+1.990e-09
71.00	+1.803e-01	+1.008e-03	+8.342e-04	+5.221e-05	-1.062e-08	-1.566e-06	+2.445e-09
72.00	+1.800e-01	+1.013e-03	+8.245e-04	+5.090e-05	-1.024e-08	-1.542e-06	+1.990e-09
73.00	+1.803e-01	+1.013e-03	+8.389e-04	+5.238e-05	-1.072e-08	-1.578e-06	+2.388e-09
74.00	+1.801e-01	+1.044e-03	+8.303e-04	+5.186e-05	-1.049e-08	-1.584e-06	+2.416e-09
75.00	+1.798e-01	+1.002e-03	+7.904e-04	+4.863e-05	-9.193e-09	-1.444e-06	+2.521e-09
76.00	+1.799e-01	+1.001e-03	+8.263e-04	+5.111e-05	-1.020e-08	-1.507e-06	+2.518e-09
77.00	+1.798e-01	+1.005e-03	+8.185e-04	+5.064e-05	-1.019e-08	-1.546e-06	+1.590e-09
78.00	+1.802e-01	+1.031e-03	+8.308e-04	+5.219e-05	-1.055e-08	-1.564e-06	+2.610e-09
79.00	+1.800e-01	+9.928e-04	+8.280e-04	+5.155e-05	-1.040e-08	-1.531e-06	+2.287e-09
80.00	+1.798e-01	+9.765e-04	+8.174e-04	+4.911e-05	-9.740e-09	-1.479e-06	+1.400e-09
81.00	+1.801e-01	+9.898e-04	+8.325e-04	+5.091e-05	-1.030e-08	-1.528e-06	+1.967e-09
82.00	+1.798e-01	+9.994e-04	+8.223e-04	+5.015e-05	-9.913e-09	-1.487e-06	+2.339e-09
83.00	+1.798e-01	+9.897e-04	+8.211e-04	+4.994e-05	-9.869e-09	-1.490e-06	+2.205e-09
84.00	+1.796e-01	+1.002e-03	+7.886e-04	+4.744e-05	-8.947e-09	-1.416e-06	+2.033e-09
85.00	+1.797e-01	+9.913e-04	+8.177e-04	+5.116e-05	-1.014e-08	-1.516e-06	+2.593e-09
86.00	+1.801e-01	+9.908e-04	+8.272e-04	+5.107e-05	-1.026e-08	-1.528e-06	+2.207e-09
87.00	+1.797e-01	+1.021e-03	+8.036e-04	+4.741e-05	-8.931e-09	-1.415e-06	+2.424e-09
88.00	+1.794e-01	+9.817e-04	+8.239e-04	+5.082e-05	-1.039e-08	-1.567e-06	+3.466e-10
89.00	+1.792e-01	+1.027e-03	+8.712e-04	+4.913e-05	-1.011e-08	-1.543e-06	+1.002e-09
90.00	+1.802e-01	+1.071e-03	+8.262e-04	+5.194e-05	-1.053e-08	-1.617e-06	+2.227e-09
91.00	+1.804e-01	+9.958e-04	+7.533e-04	+5.009e-05	-8.870e-09	-1.373e-06	+3.999e-09
92.00	+1.801e-01	+1.030e-03	+7.985e-04	+4.778e-05	-8.460e-09	-1.350e-06	+3.939e-09
93.00	+1.798e-01	+9.854e-04	+8.080e-04	+5.083e-05	-9.705e-09	-1.451e-06	+3.456e-09
94.00	+1.797e-01	+1.003e-03	+8.114e-04	+4.931e-05	-9.638e-09	-1.484e-06	+2.088e-09
95.00	+1.798e-01	+9.926e-04	+8.206e-04	+4.999e-05	-9.801e-09	-1.472e-06	+2.545e-09
96.00	+1.798e-01	+1.002e-03	+8.045e-04	+4.877e-05	-9.380e-09	-1.448e-06	+2.308e-09
97.00	+1.799e-01	+1.010e-03	+8.069e-04	+4.964e-05	-9.751e-09	-1.502e-06	+1.897e-09
98.00	+1.799e-01	+1.015e-03	+8.104e-04	+4.997e-05	-9.840e-09	-1.504e-06	+2.070e-09
99.00	+1.800e-01	+9.846e-04	+8.312e-04	+5.071e-05	-1.022e-08	-1.523e-06	+1.968e-09
100.00	+1.798e-01	+9.956e-04	+8.207e-04	+5.011e-05	-9.955e-09	-1.500e-06	+2.035e-09
101.00	+1.798e-01	+9.824e-04	+8.010e-04	+4.963e-05	-9.644e-09	-1.472e-06	+2.215e-09
102.00	+1.799e-01	+1.005e-03	+8.113e-04	+5.071e-05	-9.954e-09	-1.504e-06	+2.585e-09
103.00	+1.797e-01	+9.821e-04	+8.135e-04	+5.090e-05	-9.867e-09	-1.483e-06	+3.153e-09
104.00	+1.799e-01	+1.026e-03	+8.172e-04	+5.047e-05	-9.986e-09	-1.525e-06	+2.306e-09
105.00	+1.799e-01	+1.012e-03	+8.183e-04	+5.149e-05	-1.038e-08	-1.565e-06	+1.996e-09
106.00	+1.798e-01	+9.829e-04	+7.991e-04	+4.982e-05	-9.658e-09	-1.476e-06	+2.358e-09
107.00	+1.797e-01	+1.017e-03	+8.149e-04	+4.917e-05	-9.710e-09	-1.497e-06	+1.611e-09
108.00	+1.799e-01	+1.000e-03	+8.216e-04	+5.170e-05	-1.030e-08	-1.534e-06	+2.734e-09
109.00	+1.798e-01	+9.796e-04	+8.249e-04	+5.061e-05	-1.006e-08	-1.498e-06	+2.413e-09
110.00	+1.800e-01	+1.007e-03	+8.204e-04	+5.029e-05	-9.979e-09	-1.511e-06	+2.182e-09
111.00	+1.798e-01	+1.006e-03	+8.148e-04	+5.042e-05	-1.000e-08	-1.526e-06	+2.094e-09
112.00	+1.802e-01	+1.023e-03	+8.102e-04	+5.110e-05	-1.017e-08	-1.557e-06	+2.174e-09
113.00	+1.800e-01	+1.038e-03	+8.117e-04	+5.059e-05	-1.002e-08	-1.552e-06	+2.156e-09
114.00	+1.797e-01	+9.810e-04	+8.124e-04	+4.944e-05	-9.575e-09	-1.448e-06	+2.547e-09
115.00	+1.801e-01	+1.030e-03	+8.481e-04	+5.205e-05	-1.077e-08	-1.586e-06	+1.931e-09
116.00	+1.798e-01	+9.693e-04	+8.216e-04	+5.007e-05	-1.004e-08	-1.506e-06	+1.543e-09
117.00	+1.799e-01	+1.005e-03	+8.216e-04	+4.998e-05	-9.826e-09	-1.477e-06	+2.458e-09
118.00	+1.799e-01	+1.001e-03	+8.063e-04	+5.007e-05	-9.688e-09	-1.466e-06	+2.707e-09
119.00	+1.799e-01	+9.694e-04	+8.223e-04	+5.075e-05	-1.019e-08	-1.504e-06	+1.923e-09
120.00	+1.802e-01	+1.007e-03	+8.495e-04	+5.208e-05	-1.075e-08	-1.587e-06	+2.097e-09
121.00	+1.803e-01	+1.055e-03	+8.278e-04	+5.241e-05	-1.064e-08	-1.607e-06	+2.456e-09
122.00	+1.796e-01	+1.006e-03	+7.973e-04	+4.762e-05	-9.189e-09	-1.462e-06	+1.296e-09
123.00	+1.800e-01	+1.002e-03	+8.237e-04	+5.003e-05	-9.998e-09	-1.518e-06	+1.784e-09
124.00	+1.798e-01	+1.018e-03	+7.976e-04	+4.887e-05	-9.352e-09	-1.465e-06	+2.377e-09
125.00	+1.799e-01	+1.004e-03	+8.058e-04	+5.038e-05	-9.976e-09	-1.540e-06	+1.884e-09
126.00	+1.799e-01	+1.013e-03	+8.109e-04	+5.044e-05	-9.888e-09	-1.504e-06	+2.504e-09
127.00	+1.804e-01	+1.029e-03	+8.265e-04	+5.194e-05	-1.019e-08	-1.518e-06	+3.447e-09
128.00	+1.799e-01	+1.038e-03	+8.359e-04	+5.057e-05	-1.020e-08	-1.553e-06	+2.022e-09
129.00	+1.797e-01	+9.658e-04	+7.926e-04	+4.792e-05	-9.045e-09	-1.393e-06	+2.320e-09
130.00	+1.800e-01	+1.021e-03	+7.983e-04	+5.073e-05	-9.891e-09	-1.531e-06	+2.523e-09
131.00	+1.797e-01	+9.738e-04	+8.125e-04	+4.878e-05	-9.427e-09	-1.426e-06	+2.333e-09
132.00	+1.797e-01	+1.002e-03	+8.279e-04	+5.139e-05	-1.039e-08	-1.554e-06	+2.117e-09
133.00	+1.803e-01	+1.012e-03	+8.293e-04	+5.189e-05	-1.040e-08	-1.520e-06	+2.782e-09
134.00	+1.800e-01	+1.007e-03	+8.181e-04	+5.074e-05	-1.008e-08	-1.519e-06	+2.303e-09
135.00	+1.799e-01	+1.008e-03	+8.221e-04	+5.011e-05	-9.879e-09	-1.498e-06	+2.413e-09
136.00	+1.800e-01	+9.917e-04	+8.215e-04	+5.153e-05	-1.032e-08	-1.540e-06	+2.446e-09
137.00	+1.799e-01	+1.003e-03	+8.224e-04	+5.017e-05	-1.010e-08	-1.536e-06	+1.323e-09
138.00	+1.801e-01	+1.018e-03	+8.086e-04	+5.135e-05	-1.006e-08	-1.528e-06	+2.877e-09
139.00	+1.798e-01	+1.008e-03	+8.135e-04	+4.950e-05	-9.808e-09	-1.507e-06	+1.562e-09
140.00	+1.802e-01	+1.003e-03	+8.233e-04	+5.147e-05	-1.034e-08	-1.539e-06	+2.303e-09
141.00	+1.799e-01	+9.957e-04	+8.271e-04	+5.068e-05	-1.018e-08	-1.517e-06	+2.008e-09
142.00	+1.798e-01	+1.038e-03	+8.322e-04	+5.076e-05	-1.026e-08	-1.556e-06	+1.865e-09
143.00	+1.798e-01	+1.008e-03	+8.061e-04	+5.047e-05	-9.970e-09	-1.537e-06	+2.048e-09
144.00	+1.800e-01	+9.828e-04	+8.162e-04	+5.110e-05	-1.025e-08	-1.534e-06	+1.953e-09
145.00	+1.802e-01	+1.016e-03	+8.411e-04	+5.149e-05	-1.050e-08	-1.566e-06	+2.136e-09
146.00	+1.797e-01	+1.023e-03	+8.213e-04	+5.051e-05	-1.020e-08	-1.565e-06	+1.303e-09
147.00	+1.799e-01	+9.883e-04	+8.140e-04	+5.085e-05	-1.015e-08	-1.525e-06	+1.985e-09
148.00	+1.801e-01	+1.033e-03	+8.414e-04	+5.189e-05	-1.061e-08	-1.584e-06	+2.247e-09
149.00	+1.798e-01	+9.831e-04	+8.029e-04	+4.978e-05	-9.793e-09	-1.508e-06	+1.768e-09
150.00	+1.799e-01	+1.040e-03	+8.400e-04	+5.157e-05	-1.069e-08	-1.632e-06	+1.000e-09
151.00	+1.795e-01	+9.785e-04	+7.967e-04	+4.856e-05	-9.399e-09	-1.456e-06	+1.701e-09
152.00	+1.799e-01	+1.017e-03	+8.264e-04	+5.072e-05	-1.028e-08	-1.549e-06	+1.445e-09
153.00	+1.796e-01	+1.013e-03	+8.005e-04	+4.846e-05	-9.268e-09	-1.454e-06	+2.284e-09
154.00	+1.800e-01	+9.837e-04	+8.340e-04	+5.113e-05	-1.041e-08	-1.540e-06	+1.744e-09
155.00	+1.799e-01	+9.989e-04	+8.141e-04	+5.062e-05	-9.987e-09	-1.504e-06	+2.418e-09
156.00	+1.799e-01	+1.006e-03	+8.406e-04	+5.116e-05	-1.043e-08	-1.543e-06	+1.965e-09
157.00	+1.797e-01	+9.957e-04	+8.256e-04	+5.002e-05	-1.003e-08	-1.515e-06	+1.635e-09
158.00	+1.797e-01	+1.017e-03	+8.121e-04	+5.026e-05	-9.857e-09	-1.511e-06	+2.443e-09
159.00	+1.795e-01	+9.819e-04	+7.961e-04	+4.891e-05	-9.419e-09	-1.467e-06	+2.097e-09
160.00	+1.800e-01	+1.018e-03	+8.436e-04	+5.237e-05	-1.083e-08	-1.606e-06	+1.990e-09
161.00	+1.803e-01	+1.008e-03	+8.342e-04	+5.221e-05	-1.062e-08	-1.566e-06	+2.445e-09
162.00	+1.800e-01	+1.013e-03	+8.245e-04	+5.090e-05	-1.024e-08	-1.542e-06	+1.990e-09
163.00	+1.803e-01	+1.013e-03	+8.389e-04	+5.238e-05	-1.072e-08	-1.578e-06	+2.388e-09
164.00	+1.801e-01	+1.044e-03	+8.303e-04	+5.186e-05	-1.049e-08	-1.584e-06	+2.416e-09
165.00	+1.798e-01	+1.002e-03	+7.904e-04	+4.863e-05	-9.193e-09	-1.444e-06	+2.521e-09
166.00	+1.799e-01	+1.001e-03	+8.263e-04	+5.111e-05	-1.020e-08	-1.507e-06	+2.518e-09
167.00	+1.798e-01	+1.005e-03	+8.185e-04	+5.064e-05	-1.019e-08	-1.546e-06	+1.590e-09
168.00	+1.802e-01	+1.031e-03	+8.308e-04	+5.219e-05	-1.055e-08	-1.564e-06	+2.610e-09
169.00	+1.800e-01	+9.928e-04	+8.280e-04	+5.155e-05	-1.040e-08	-1.531e-06	+2.287e-09
170.00	+1.798e-01	+9.765e-04	+8.174e-04	+4.911e-05	-9.740e-09	-1.479e-06	+1.400e-09
171.00	+1.801e-01	+9.932e-04	+8.347e-04	+5.118e-05	-1.038e-08	-1.539e-06	+2.023e-09
172.00	+1.798e-01	+9.994e-04	+8.223e-04	+5.015e-05	-9.913e-09	-1.487e-06	+2.339e-09
173.00	+1.798e-01	+9.897e-04	+8.211e-04	+4.994e-05	-9.869e-09	-1.490e-06	+2.205e-09
174.00	+1.796e-01	+1.002e-03	+7.886e-04	+4.744e-05	-8.947e-09	-1.416e-06	+2.033e-09
175.00	+1.797e-01	+9.913e-04	+8.177e-04	+5.116e-05	-1.014e-08	-1.516e-06	+2.593e-09
176.00	+1.801e-01	+9.908e-04	+8.272e-04	+5.107e-05	-1.026e-08	-1.528e-06	+2.207e-09
177.00	+1.797e-01	+1.021e-03	+8.036e-04	+4.741e-05	-8.931e-09	-1.415e-06	+2.424e-09
178.00	+1.794e-01	+9.817e-04	+8.239e-04	+5.082e-05	-1.039e-08	-1.567e-06	+3.466e-10
179.00	+1.792e-01	+1.027e-03	+8.712e-04	+4.913e-05	-1.011e-08	-1.543e-06	+1.002e-09
180.00	+1.802e-01	+1.071e-03	+8.262e-04	+5.194e-05	-1.053e-08	-1.617e-06	+2.227e-09
181.00	+1.804e-01	+9.958e-04	+7.533e-04	+5.009e-05	-8.870e-09	-1.373e-06	+3.999e-09
182.00	+1.801e-01	+1.030e-03	+7.985e-04	+4.778e-05	-8.460e-09	-1.350e-06	+3.939e-09
183.00	+1.798e-01	+9.761e-04	+8.089e-04	+5.086e-05	-9.725e-09	-1.448e-06	+3.445e-09
184.00	+1.797e-01	+1.003e-03	+8.114e-04	+4.931e-05	-9.638e-09	-1.484e-06	+2.088e-09
185.00	+1.798e-01	+9.926e-04	+8.206e-04	+4.999e-05	-9.801e-09	-1.472e-06	+2.545e-09
186.00	+1.798e-01	+1.002e-03	+8.045e-04	+4.877e-05	-9.380e-09	-1.448e-06	+2.308e-09
187.00	+1.799e-01	+1.010e-03	+8.069e-04	+4.964e-05	-9.751e-09	-1.502e-06	+1.897e-09
188.00	+1.799e-01	+1.015e-03	+8.104e-04	+4.997e-05	-9.840e-09	-1.504e-06	+2.070e-09
189.00	+1.800e-01	+9.846e-04	+8.312e-04	+5.071e-05	-1.022e-08	-1.523e-06	+1.968e-09
190.00	+1.798e-01	+9.956e-04	+8.207e-04	+5.011e-05	-9.955e-09	-1.500e-06	+2.035e-09
191.00	+1.798e-01	+9.824e-04	+8.010e-04	+4.963e-05	-9.644e-09	-1.472e-06	+2.215e-09
192.00	+1.799e-01	+1.005e-03	+8.113e-04	+5.071e-05	-9.954e-09	-1.504e-06	+2.585e-09
193.00	+1.797e-01	+9.821e-04	+8.135e-04	+5.090e-05	-9.867e-09	-1.483e-06	+3.153e-09
194.00	+1.799e-01	+1.026e-03	+8.172e-04	+5.047e-05	-9.986e-09	-1.525e-06	+2.306e-09
195.00	+1.799e-01	+1.012e-03	+8.183e-04	+5.149e-05	-1.038e-08	-1.565e-06	+1.996e-09
196.00	+1.798e-01	+9.829e-04	+7.991e-04	+4.982e-05	-9.658e-09	-1.476e-06	+2.358e-09
197.00	+1.797e-01	+1.017e-03	+8.149e-04	+4.917e-05	-9.710e-09	-1.497e-06	+1.611e-09
198.00	+1.799e-01	+1.000e-03	+8.216e-04	+5.170e-05	-1.030e-08	-1.534e-06	+2.734e-09
199.00	+1.798e-01	+9.796e-04	+8.249e-04	+5.061e-05	-1.006e-08	-1.498e-06	+2.413e-09
200.00	+1.800e-01	+1.007e-03	+8.204e-04	+5.029e-05	-9.979e-09	-1.511e-06	+2.182e-09
201.00	+1.798e-01	+1.006e-03	+8.148e-04	+5.042e-05	-1.000e-08	-1.526e-06	+2.094e-09
202.00	+1.802e-01	+1.023e-03	+8.102e-04	+5.110e-05	-1.017e-08	-1.557e-06	+2.174e-09
203.00	+1.800e-01	+1.038e-03	+8.117e-04	+5.059e-05	-1.002e-08	-1.552e-06	+2.156e-09
204.00	+1.797e-01	+9.810e-04	+8.124e-04	+4.944e-05	-9.575e-09	-1.448e-06	+2.547e-09
205.00	+1.801e-01	+1.030e-03	+8.481e-04	+5.205e-05	-1.077e-08	-1.586e-06	+1.931e-09
206.00	+1.798e-01	+9.693e-04	+8.216e-04	+5.007e-05	-1.004e-08	-1.506e-06	+1.543e-09
207.00	+1.799e-01	+1.005e-03	+8.216e-04	+4.998e-05	-9.826e-09	-1.477e-06	+2.458e-09
208.00	+1.799e-01	+1.001e-03	+8.063e-04	+5.007e-05	-9.688e-09	-1.466e-06	+2.707e-09
209.00	+1.799e-01	+9.694e-04	+8.223e-04	+5.075e-05	-1.019e-08	-1.504e-06	+1.923e-09
210.00	+1.802e-01	+1.007e-03	+8.495e-04	+5.208e-05	-1.075e-08	-1.587e-06	+2.097e-09
211.00	+1.803e-01	+1.055e-03	+8.278e-04	+5.241e-05	-1.064e-08	-1.607e-06	+2.456e-09
212.00	+1.796e-01	+1.006e-03	+7.973e-04	+4.762e-05	-9.189e-09	-1.462e-06	+1.296e-09
213.00	+1.800e-01	+1.002e-03	+8.237e-04	+5.003e-05	-9.998e-09	-1.518e-06	+1.784e-09
214.00	+1.798e-01	+1.018e-03	+7.976e-04	+4.887e-05	-9.352e-09	-1.465e-06	+2.377e-09
215.00	+1.799e-01	+1.004e-03	+8.058e-04	+5.038e-05	-9.976e-09	-1.540e-06	+1.884e-09
216.00	+1.799e-01	+1.013e-03	+8.109e-04	+5.044e-05	-9.888e-09	-1.504e-06	+2.504e-09
217.00	+1.804e-01	+1.029e-03	+8.265e-04	+5.194e-05	-1.019e-08	-1.518e-06	+3.447e-09
218.00	+1.799e-01	+1.038e-03	+8.359e-04	+5.057e-05	-1.020e-08	-1.553e-06	+2.022e-09
219.00	+1.797e-01	+9.658e-04	+7.926e-04	+4.792e-05	-9.045e-09	-1.393e-06	+2.320e-09
220.00	+1.800e-01	+1.021e-03	+7.983e-04	+5.073e-05	-9.891e-09	-1.531e-06	+2.523e-09
221.00	+1.797e-01	+9.738e-04	+8.125e-04	+4.878e-05	-9.427e-09	-1.426e-06	+2.333e-09
222.00	+1.797e-01	+1.002e-03	+8.279e-04	+5.139e-05	-1.039e-08	-1.554e-06	+2.117e-09
223.00	+1.803e-01	+1.012e-03	+8.293e-04	+5.189e-05	-1.040e-08	-1.520e-06	+2.782e-09
224.00	+1.800e-01	+1.007e-03	+8.181e-04	+5.074e-05	-1.008e-08	-1.519e-06	+2.303e-09
225.00	+1.799e-01	+1.008e-03	+8.221e-04	+5.011e-05	-9.879e-09	-1.498e-06	+2.413e-09
226.00	+1.800e-01	+9.917e-04	+8.215e-04	+5.153e-05	-1.032e-08	-1.540e-06	+2.446e-09
227.00	+1.799e-01	+1.003e-03	+8.224e-04	+5.017e-05	-1.010e-08	-1.536e-06	+1.323e-09
228.00	+1.801e-01	+1.018e-03	+8.086e-04	+5.135e-05	-1.006e-08	-1.528e-06	+2.877e-09
229.00	+1.798e-01	+1.008e-03	+8.135e-04	+4.950e-05	-9.808e-09	-1.507e-06	+1.562e-09
230.00	+1.802e-01	+1.003e-03	+8.233e-04	+5.147e-05	-1.034e-08	-1.539e-06	+2.303e-09
231.00	+1.799e-01	+9.957e-04	+8.271e-04	+5.068e-05	-1.018e-08	-1.517e-06	+2.008e-09
232.00	+1.798e-01	+1.038e-03	+8.322e-04	+5.076e-05	-1.026e-08	-1.556e-06	+1.865e-09
233.00	+1.798e-01	+1.008e-03	+8.061e-04	+5.047e-05	-9.970e-09	-1.537e-06	+2.048e-09
234.00	+1.800e-01	+9.828e-04	+8.162e-04	+5.110e-05	-1.025e-08	-1.534e-06	+1.953e-09
235.00	+1.802e-01	+1.016e-03	+8.411e-04	+5.149e-05	-1.050e-08	-1.566e-06	+2.136e-09
236.00	+1.797e-01	+1.023e-03	+8.213e-04	+5.051e-05	-1.020e-08	-1.565e-06	+1.303e-09
237.00	+1.799e-01	+9.883e-04	+8.140e-04	+5.085e-05	-1.015e-08	-1.525e-06	+1.985e-09
238.00	+1.801e-01	+1.033e-03	+8.414e-04	+5.189e-05	-1.061e-08	-1.584e-06	+2.247e-09
239.00	+1.798e-01	+9.831e-04	+8.029e-04	+4.978e-05	-9.793e-09	-1.508e-06	+1.768e-09
240.00	+1.799e-01	+1.040e-03	+8.400e-04	+5.157e-05	-1.069e-08	-1.632e-06	+1.000e-09
241.00	+1.797e-01	+9.802e-04	+8.023e-04	+4.941e-05	-9.632e-09	-1.472e-06	+2.006e-09
242.00	+1.799e-01	+1.009e-03	+8.214e-04	+5.063e-05	-1.023e-08	-1.544e-06	+1.381e-09
243.00	+1.796e-01	+1.013e-03	+8.005e-04	+4.846e-05	-9.268e-09	-1.454e-06	+2.284e-09
244.00	+1.800e-01	+9.837e-04	+8.340e-04	+5.113e-05	-1.041e-08	-1.540e-06	+1.744e-09
245.00	+1.799e-01	+9.989e-04	+8.141e-04	+5.062e-05	-9.987e-09	-1.504e-06	+2.418e-09
246.00	+1.799e-01	+1.006e-03	+8.406e-04	+5.116e-05	-1.043e-08	-1.543e-06	+1.965e-09
247.00	+1.797e-01	+9.957e-04	+8.256e-04	+5.002e-05	-1.003e-08	-1.515e-06	+1.635e-09
248.00	+1.797e-01	+1.017e-03	+8.121e-04	+5.026e-05	-9.857e-09	-1.511e-06	+2.443e-09
249.00	+1.795e-01	+9.819e-04	+7.961e-04	+4.891e-05	-9.419e-09	-1.467e-06	+2.097e-09
250.00	+1.800e-01	+1.018e-03	+8.436e-04	+5.237e-05	-1.083e-08	-1.606e-06	+1.990e-09
251.00	+1.803e-01	+1.008e-03	+8.342e-04	+5.221e-05	-1.062e-08	-1.566e-06	+2.445e-09
252.00	+1.800e-01	+1.013e-03	+8.245e-04	+5.090e-05	-1.024e-08	-1.542e-06	+1.990e-09
253.00	+1.803e-01	+1.013e-03	+8.389e-04	+5.238e-05	-1.072e-08	-1.578e-06	+2.388e-09
254.00	+1.801e-01	+1.044e-03	+8.303e-04	+5.186e-05	-1.049e-08	-1.584e-06	+2.416e-09
255.00	+1.798e-01	+1.002e-03	+7.904e-04	+4.863e-05	-9.193e-09	-1.444e-06	+2.521e-09
256.00	+1.799e-01	+1.001e-03	+8.263e-04	+5.111e-05	-1.020e-08	-1.507e-06	+2.518e-09
257.00	+1.798e-01	+1.005e-03	+8.185e-04	+5.064e-05	-1.019e-08	-1.546e-06	+1.590e-09
258.00	+1.802e-01	+1.031e-03	+8.308e-04	+5.219e-05	-1.055e-08	-1.564e-06	+2.610e-09
259.00	+1.800e-01	+9.928e-04	+8.280e-04	+5.155e-05	-1.040e-08	-1.531e-06	+2.287e-09
260.00	+1.798e-01	+9.765e-04	+8.174e-04	+4.911e-05	-9.740e-09	-1.479e-06	+1.400e-09
261.00	+1.801e-01	+9.898e-04	+8.325e-04	+5.091e-05	-1.030e-08	-1.528e-06	+1.967e-09
262.00	+1.798e-01	+9.994e-04	+8.223e-04	+5.015e-05	-9.913e-09	-1.487e-06	+2.339e-09
263.00	+1.798e-01	+9.897e-04	+8.211e-04	+4.994e-05	-9.869e-09	-1.490e-06	+2.205e-09
264.00	+1.796e-01	+1.002e-03	+7.886e-04	+4.744e-05	-8.947e-09	-1.416e-06	+2.033e-09
265.00	+1.797e-01	+9.913e-04	+8.177e-04	+5.116e-05	-1.014e-08	-1.516e-06	+2.593e-09
266.00	+1.801e-01	+9.908e-04	+8.272e-04	+5.107e-05	-1.026e-08	-1.528e-06	+2.207e-09
267.00	+1.797e-01	+1.021e-03	+8.036e-04	+4.741e-05	-8.931e-09	-1.415e-06	+2.424e-09
268.00	+1.794e-01	+9.817e-04	+8.239e-04	+5.082e-05	-1.039e-08	-1.567e-06	+3.466e-10
269.00	+1.792e-01	+1.027e-03	+8.712e-04	+4.913e-05	-1.011e-08	-1.543e-06	+1.002e-09
270.00	+1.802e-01	+1.071e-03	+8.262e-04	+5.194e-05	-1.053e-08	-1.617e-06	+2.227e-09
271.00	+1.804e-01	+9.958e-04	+7.533e-04	+5.009e-05	-8.870e-09	-1.373e-06	+3.999e-09
272.00	+1.801e-01	+1.030e-03	+7.985e-04	+4.778e-05	-8.460e-09	-1.350e-06	+3.939e-09
273.00	+1.798e-01	+9.761e-04	+8.089e-04	+5.086e-05	-9.725e-09	-1.448e-06	+3.445e-09
274.00	+1.797e-01	+1.003e-03	+8.114e-04	+4.931e-05	-9.638e-09	-1.484e-06	+2.088e-09
275.00	+1.798e-01	+9.926e-04	+8.206e-04	+4.999e-05	-9.801e-09	-1.472e-06	+2.545e-09
276.00	+1.798e-01	+1.002e-03	+8.045e-04	+4.877e-05	-9.380e-09	-1.448e-06	+2.308e-09
277.00	+1.799e-01	+1.010e-03	+8.069e-04	+4.964e-05	-9.751e-09	-1.502e-06	+1.897e-09
278.00	+1.799e-01	+1.015e-03	+8.104e-04	+4.997e-05	-9.840e-09	-1.504e-06	+2.070e-09
279.00	+1.800e-01	+9.846e-04	+8.312e-04	+5.071e-05	-1.022e-08	-1.523e-06	+1.968e-09
280.00	+1.798e-01	+9.956e-04	+8.207e-04	+5.011e-05	-9.955e-09	-1.500e-06	+2.035e-09
281.00	+1.798e-01	+9.824e-04	+8.010e-04	+4.963e-05	-9.644e-09	-1.472e-06	+2.215e-09
282.00	+1.799e-01	+1.005e-03	+8.113e-04	+5.071e-05	-9.954e-09	-1.504e-06	+2.585e-09
283.00	+1.797e-01	+9.858e-04	+8.198e-04	+5.126e-05	-1.003e-08	-1.494e-06	+3.139e-09
284.00	+1.799e-01	+1.026e-03	+8.172e-04	+5.047e-05	-9.986e-09	-1.525e-06	+2.306e-09
285.00	+1.799e-01	+1.012e-03	+8.183e-04	+5.149e-05	-1.038e-08	-1.565e-06	+1.996e-09
286.00	+1.798e-01	+9.829e-04	+7.991e-04	+4.982e-05	-9.658e-09	-1.476e-06	+2.358e-09
287.00	+1.797e-01	+1.017e-03	+8.149e-04	+4.917e-05	-9.710e-09	-1.497e-06	+1.611e-09
288.00	+1.799e-01	+1.000e-03	+8.216e-04	+5.170e-05	-1.030e-08	-1.534e-06	+2.734e-09
289.00	+1.798e-01	+9.796e-04	+8.249e-04	+5.061e-05	-1.006e-08	-1.498e-06	+2.413e-09
290.00	+1.800e-01	+1.007e-03	+8.204e-04	+5.029e-05	-9.979e-09	-1.511e-06	+2.182e-09
291.00	+1.798e-01	+1.006e-03	+8.148e-04	+5.042e-05	-1.000e-08	-1.526e-06	+2.094e-09
292.00	+1.802e-01	+1.023e-03	+8.102e-04	+5.110e-05	-1.017e-08	-1.557e-06	+2.174e-09
293.00	+1.800e-01	+1.038e-03	+8.117e-04	+5.059e-05	-1.002e-08	-1.552e-06	+2.156e-09
294.00	+1.797e-01	+9.810e-04	+8.124e-04	+4.944e-05	-9.575e-09	-1.448e-06	+2.547e-09
295.00	+1.801e-01	+1.030e-03	+8.481e-04	+5.205e-05	-1.077e-08	-1.586e-06	+1.931e-09
296.00	+1.798e-01	+9.693e-04	+8.216e-04	+5.007e-05	-1.004e-08	-1.506e-06	+1.543e-09
297.00	+1.799e-01	+1.005e-03	+8.216e-04	+4.998e-05	-9.826e-09	-1.477e-06	+2.458e-09
298.00	+1.799e-01	+1.001e-03	+8.063e-04	+5.007e-05	-9.688e-09	-1.466e-06	+2.707e-09
299.00	+1.799e-01	+9.694e-04	+8.223e-04	+5.075e-05	-1.019e-08	-1.504e-06	+1.923e-09
300.00	+1.802e-01	+1.007e-03	+8.495e-04	+5.208e-05	-1.075e-08	-1.587e-06	+2.097e-09
301.00	+1.803e-01	+1.055e-03	+8.278e-04	+5.241e-05	-1.064e-08	-1.607e-06	+2.456e-09
302.00	+1.796e-01	+1.006e-03	+7.973e-04	+4.762e-05	-9.189e-09	-1.462e-06	+1.296e-09
303.00	+1.800e-01	+1.002e-03	+8.237e-04	+5.003e-05	-9.998e-09	-1.518e-06	+1.784e-09
304.00	+1.798e-01	+1.018e-03	+7.976e-04	+4.887e-05	-9.352e-09	-1.465e-06	+2.377e-09
305.00	+1.799e-01	+1.004e-03	+8.058e-04	+5.038e-05	-9.976e-09	-1.540e-06	+1.884e-09
306.00	+1.799e-01	+1.013e-03	+8.109e-04	+5.044e-05	-9.888e-09	-1.504e-06	+2.504e-09
307.00	+1.804e-01	+1.029e-03	+8.265e-04	+5.194e-05	-1.019e-08	-1.518e-06	+3.447e-09
308.00	+1.799e-01	+1.038e-03	+8.359e-04	+5.057e-05	-1.020e-08	-1.553e-06	+2.022e-09
309.00	+1.797e-01	+9.658e-04	+7.926e-04	+4.792e-05	-9.045e-09	-1.393e-06	+2.320e-09
310.00	+1.800e-01	+1.021e-03	+7.983e-04	+5.073e-05	-9.891e-09	-1.531e-06	+2.523e-09
311.00	+1.797e-01	+9.738e-04	+8.125e-04	+4.878e-05	-9.427e-09	-1.426e-06	+2.333e-09
312.00	+1.797e-01	+1.002e-03	+8.279e-04	+5.139e-05	-1.039e-08	-1.554e-06	+2.117e-09
313.00	+1.803e-01	+1.012e-03	+8.293e-04	+5.189e-05	-1.040e-08	-1.520e-06	+2.782e-09
314.00	+1.800e-01	+1.007e-03	+8.181e-04	+5.074e-05	-1.008e-08	-1.519e-06	+2.303e-09
315.00	+1.799e-01	+1.008e-03	+8.221e-04	+5.011e-05	-9.879e-09	-1.498e-06	+2.413e-09
316.00	+1.800e-01	+9.917e-04	+8.215e-04	+5.153e-05	-1.032e-08	-1.540e-06	+2.446e-09
317.00	+1.799e-01	+1.003e-03	+8.224e-04	+5.017e-05	-1.010e-08	-1.536e-06	+1.323e-09
318.00	+1.801e-01	+1.018e-03	+8.086e-04	+5.135e-05	-1.006e-08	-1.528e-06	+2.877e-09
319.00	+1.798e-01	+1.008e-03	+8.135e-04	+4.950e-05	-9.808e-09	-1.507e-06	+1.562e-09
320.00	+1.802e-01	+1.003e-03	+8.233e-04	+5.147e-05	-1.034e-08	-1.539e-06	+2.303e-09
321.00	+1.799e-01	+9.957e-04	+8.271e-04	+5.068e-05	-1.018e-08	-1.517e-06	+2.008e-09
322.00	+1.798e-01	+1.038e-03	+8.322e-04	+5.076e-05	-1.026e-08	-1.556e-06	+1.865e-09
323.00	+1.798e-01	+1.008e-03	+8.061e-04	+5.047e-05	-9.970e-09	-1.537e-06	+2.048e-09
324.00	+1.800e-01	+9.828e-04	+8.162e-04	+5.110e-05	-1.025e-08	-1.534e-06	+1.953e-09
325.00	+1.802e-01	+1.016e-03	+8.411e-04	+5.149e-05	-1.050e-08	-1.566e-06	+2.136e-09
326.00	+1.797e-01	+1.023e-03	+8.213e-04	+5.051e-05	-1.020e-08	-1.565e-06	+1.303e-09
327.00	+1.799e-01	+9.883e-04	+8.140e-04	+5.085e-05	-1.015e-08	-1.525e-06	+1.985e-09
328.00	+1.801e-01	+1.033e-03	+8.414e-04	+5.189e-05	-1.061e-08	-1.584e-06	+2.247e-09
329.00	+1.798e-01	+9.831e-04	+8.029e-04	+4.978e-05	-9.793e-09	-1.508e-06	+1.768e-09
330.00	+1.799e-01	+1.040e-03	+8.400e-04	+5.157e-05	-1.069e-08	-1.632e-06	+1.000e-09
331.00	+1.795e-01	+9.785e-04	+7.967e-04	+4.856e-05	-9.399e-09	-1.456e-06	+1.701e-09
332.00	+1.799e-01	+1.017e-03	+8.264e-04	+5.072e-05	-1.028e-08	-1.549e-06	+1.445e-09
333.00	+1.796e-01	+1.013e-03	+8.005e-04	+4.846e-05	-9.268e-09	-1.454e-06	+2.284e-09
334.00	+1.800e-01	+9.837e-04	+8.340e-04	+5.113e-05	-1.041e-08	-1.540e-06	+1.744e-09
335.00	+1.799e-01	+9.940e-04	+8.128e-04	+5.034e-05	-9.902e-09	-1.489e-06	+2.373e-09
336.00	+1.799e-01	+1.006e-03	+8.406e-04	+5.116e-05	-1.043e-08	-1.543e-06	+1.965e-09
337.00	+1.797e-01	+9.957e-04	+8.256e-04	+5.002e-05	-1.003e-08	-1.515e-06	+1.635e-09
338.00	+1.797e-01	+1.017e-03	+8.121e-04	+5.026e-05	-9.857e-09	-1.511e-06	+2.443e-09
339.00	+1.795e-01	+9.819e-04	+7.961e-04	+4.891e-05	-9.419e-09	-1.467e-06	+2.097e-09
340.00	+1.800e-01	+1.018e-03	+8.436e-04	+5.237e-05	-1.083e-08	-1.606e-06	+1.990e-09
341.00	+1.803e-01	+1.008e-03	+8.342e-04	+5.221e-05	-1.062e-08	-1.566e-06	+2.445e-09
342.00	+1.800e-01	+1.013e-03	+8.245e-04	+5.090e-05	-1.024e-08	-1.542e-06	+1.990e-09
343.00	+1.803e-01	+1.013e-03	+8.389e-04	+5.238e-05	-1.072e-08	-1.578e-06	+2.388e-09
344.00	+1.801e-01	+1.044e-03	+8.303e-04	+5.186e-05	-1.049e-08	-1.584e-06	+2.416e-09
345.00	+1.798e-01	+1.002e-03	+7.904e-04	+4.863e-05	-9.193e-09	-1.444e-06	+2.521e-09
346.00	+1.799e-01	+1.001e-03	+8.263e-04	+5.111e-05	-1.020e-08	-1.507e-06	+2.518e-09
347.00	+1.798e-01	+1.005e-03	+8.185e-04	+5.064e-05	-1.019e-08	-1.546e-06	+1.590e-09
348.00	+1.802e-01	+1.031e-03	+8.308e-04	+5.219e-05	-1.055e-08	-1.564e-06	+2.610e-09
349.00	+1.800e-01	+9.928e-04	+8.280e-04	+5.155e-05	-1.040e-08	-1.531e-06	+2.287e-09
350.00	+1.798e-01	+9.765e-04	+8.174e-04	+4.911e-05	-9.740e-09	-1.479e-06	+1.400e-09
351.00	+1.801e-01	+9.932e-04	+8.347e-04	+5.118e-05	-1.038e-08	-1.539e-06	+2.023e-09
352.00	+1.798e-01	+9.994e-04	+8.223e-04	+5.015e-05	-9.913e-09	-1.487e-06	+2.339e-09
353.00	+1.798e-01	+9.897e-04	+8.211e-04	+4.994e-05	-9.869e-09	-1.490e-06	+2.205e-09
354.00	+1.796e-01	+1.002e-03	+7.886e-04	+4.744e-05	-8.947e-09	-1.416e-06	+2.033e-09
355.00	+1.797e-01	+9.913e-04	+8.177e-04	+5.116e-05	-1.014e-08	-1.516e-06	+2.593e-09
356.00	+1.801e-01	+9.908e-04	+8.272e-04	+5.107e-05	-1.026e-08	-1.528e-06	+2.207e-09
357.00	+1.797e-01	+1.021e-03	+8.036e-04	+4.741e-05	-8.931e-09	-1.415e-06	+2.424e-09
358.00	+1.794e-01	+9.817e-04	+8.239e-04	+5.082e-05	-1.039e-08	-1.567e-06	+3.466e-10
359.00	+1.792e-01	+1.027e-03	+8.712e-04	+4.913e-05	-1.011e-08	-1.543e-06	+1.002e-09
