0.00	+1.698e-01	+6.234e-04	+2.092e-04	+1.980e-07	-1.225e-12	+1.029e-09	+3.534e-13
1.00	+1.695e-01	+6.056e-04	+2.312e-04	+2.106e-07	+1.304e-12	-5.085e-09	+6.778e-13
2.00	+1.695e-01	+6.056e-04	+2.312e-04	+2.106e-07	+1.304e-12	-5.085e-09	+6.778e-13
3.00	+1.694e-01	+5.869e-04	+1.946e-04	+2.799e-07	+1.442e-12	-6.184e-09	+1.479e-12
4.00	+1.696e-01	+6.195e-04	+2.116e-04	+1.784e-07	+5.567e-14	-2.733e-09	+1.094e-12
5.00	+1.693e-01	+6.414e-04	+1.917e-04	+1.500e-07	-8.043e-13	+1.460e-09	-1.947e-14
6.00	+1.697e-01	+6.211e-04	+2.085e-04	+1.953e-07	-9.129e-13	-4.940e-10	+8.487e-13
7.00	+1.698e-01	+6.208e-04	+2.085e-04	+2.970e-07	-1.989e-12	+2.008e-10	+1.228e-12
8.00	+1.696e-01	+6.122e-04	+1.966e-04	+2.395e-07	-1.612e-12	+2.797e-09	-3.223e-13
9.00	+1.697e-01	+6.105e-04	+2.140e-04	+2.087e-07	-1.390e-12	+1.779e-09	+1.167e-13
10.00	+1.696e-01	+6.080e-04	+1.904e-04	+1.520e-07	-4.940e-13	-7.341e-10	+6.516e-13
11.00	+1.698e-01	+6.202e-04	+2.222e-04	+1.526e-07	-3.838e-13	-1.305e-09	+8.012e-13
12.00	+1.696e-01	+6.362e-04	+1.953e-04	+2.243e-07	-1.462e-12	+2.701e-09	-2.533e-13
13.00	+1.694e-01	+5.853e-04	+2.038e-04	+1.246e-07	-5.958e-13	+5.230e-10	+1.972e-13
14.00	+1.698e-01	+6.235e-04	+2.021e-04	+2.311e-07	-1.579e-12	+2.404e-09	-1.096e-15
15.00	+1.695e-01	+6.180e-04	+1.735e-04	+3.360e-07	-1.972e-12	+6.105e-09	-1.640e-12
16.00	+1.699e-01	+6.174e-04	+2.105e-04	+1.885e-07	-8.319e-13	-4.639e-10	+8.467e-13
17.00	+1.699e-01	+6.141e-04	+1.970e-04	+1.072e-07	-3.202e-13	-4.048e-10	+3.740e-13
18.00	+1.696e-01	+6.467e-04	+2.056e-04	+1.379e-07	-6.847e-13	+4.732e-10	+2.649e-13
19.00	+1.697e-01	+6.231e-04	+2.094e-04	+1.972e-07	-1.267e-12	+1.927e-09	+1.999e-15
20.00	+1.697e-01	+6.565e-04	+2.014e-04	+1.150e-07	-3.119e-13	+2.564e-09	-4.569e-13
21.00	+1.700e-01	+5.847e-04	+2.358e-04	+2.302e-07	-5.832e-13	-2.039e-09	+1.593e-12
22.00	+1.696e-01	+6.113e-04	+2.120e-04	+3.378e-07	-2.620e-12	+5.038e-09	-1.145e-12
23.00	+1.697e-01	+6.380e-04	+2.251e-04	+3.196e-07	-2.708e-12	+3.470e-09	-1.323e-13
24.00	+1.698e-01	+6.127e-04	+2.047e-04	+2.585e-07	-1.760e-12	+8.807e-10	+6.635e-13
25.00	+1.697e-01	+6.208e-04	+2.030e-04	+2.226e-07	-1.429e-12	+1.011e-09	+4.439e-13
26.00	+1.702e-01	+6.958e-04	+2.273e-04	+1.558e-07	-9.127e-13	+2.081e-09	-1.648e-13
27.00	+1.697e-01	+6.287e-04	+2.040e-04	+1.624e-07	-7.772e-13	+1.673e-11	+5.188e-13
28.00	+1.698e-01	+6.479e-04	+2.093e-04	+2.202e-07	-1.486e-12	+2.474e-09	-1.697e-13
29.00	+1.697e-01	+5.743e-04	+2.153e-04	+6.640e-08	+2.089e-13	-1.512e-09	+1.392e-13
30.00	+1.701e-01	+7.355e-04	+2.063e-04	+6.402e-08	-1.960e-13	+1.288e-09	-1.253e-13
31.00	+1.698e-01	+6.195e-04	+2.178e-04	+1.964e-07	-8.648e-13	+3.976e-09	-9.499e-13
32.00	+1.699e-01	+7.028e-04	+2.029e-04	+5.443e-07	-4.904e-12	+9.428e-09	-2.943e-12
33.00	+1.696e-01	+6.197e-04	+1.905e-04	+1.050e-07	-3.621e-13	-1.754e-10	+2.994e-13
34.00	+1.699e-01	+6.523e-04	+2.025e-04	+1.802e-07	-1.039e-12	+2.458e-09	-3.272e-13
35.00	+1.697e-01	+6.780e-04	+2.147e-04	+1.728e-07	-1.052e-12	+1.829e-09	+1.559e-15
36.00	+1.694e-01	+6.277e-04	+2.073e-04	+1.812e-07	-1.071e-12	+9.226e-10	+2.955e-13
37.00	+1.697e-01	+6.391e-04	+2.109e-04	+2.147e-07	-1.430e-12	+1.540e-09	+2.043e-13
38.00	+1.698e-01	+6.190e-04	+2.032e-04	+1.288e-07	-3.750e-13	-6.953e-10	+5.415e-13
39.00	+1.698e-01	+6.058e-04	+1.936e-04	+2.597e-07	-1.840e-12	+2.243e-09	+7.345e-14
40.00	+1.697e-01	+6.268e-04	+2.050e-04	+3.742e-07	-3.135e-12	+4.780e-09	-9.548e-13
41.00	+1.697e-01	+6.354e-04	+2.146e-04	+2.328e-07	-1.589e-12	+2.931e-09	-4.254e-13
42.00	+1.700e-01	+6.753e-04	+2.178e-04	+6.394e-08	+2.020e-13	-1.570e-09	+1.271e-13
43.00	+1.703e-01	+6.542e-04	+2.208e-04	+1.668e-07	-8.473e-13	+6.647e-11	+5.536e-13
44.00	+1.697e-01	+6.457e-04	+1.819e-04	+4.551e-07	-2.337e-12	+9.607e-09	-3.419e-12
45.00	+1.697e-01	+6.360e-04	+1.864e-04	+2.480e-07	-1.434e-12	+4.393e-09	-8.884e-13
46.00	+1.697e-01	+5.880e-04	+2.007e-04	+1.263e-07	-2.849e-13	-9.178e-10	+5.687e-13
47.00	+1.700e-01	+5.948e-04	+2.191e-04	+3.156e-07	-2.625e-12	+3.002e-09	-3.330e-14
48.00	+1.694e-01	+6.120e-04	+1.954e-04	+2.596e-07	-1.813e-12	+3.248e-09	-3.602e-13
49.00	+1.699e-01	+7.164e-04	+2.129e-04	+2.184e-07	-1.487e-12	+2.052e-09	+8.095e-14
50.00	+1.696e-01	+5.943e-04	+2.021e-04	+2.326e-07	-1.445e-12	+5.810e-10	+6.739e-13
51.00	+1.695e-01	+5.661e-04	+2.002e-04	+3.292e-07	-2.666e-12	+2.461e-09	+1.858e-13
52.00	+1.695e-01	+5.957e-04	+1.906e-04	+1.359e-07	-3.740e-13	-8.821e-10	+5.822e-13
53.00	+1.692e-01	+6.125e-04	+2.014e-04	+2.957e-07	-2.281e-12	+2.809e-09	-7.956e-14
54.00	+1.695e-01	+6.151e-04	+2.153e-04	+2.660e-07	-1.975e-12	+1.720e-09	+3.914e-13
55.00	+1.697e-01	+6.257e-04	+2.094e-04	+1.419e-07	-6.394e-13	+6.063e-11	+4.347e-13
56.00	+1.693e-01	+6.088e-04	+1.943e-04	+1.378e-07	-6.911e-13	+8.155e-10	+1.773e-13
57.00	+1.697e-01	+6.340e-04	+2.124e-04	+1.662e-07	-6.107e-13	+3.513e-09	-7.766e-13
58.00	+1.698e-01	+6.403e-04	+2.110e-04	+1.961e-07	-1.252e-12	+1.632e-09	+1.519e-13
59.00	+1.696e-01	+6.546e-04	+1.861e-04	+4.198e-07	-2.677e-12	+7.898e-09	-2.569e-12
60.00	+1.696e-01	+6.333e-04	+1.941e-04	+3.367e-07	-2.695e-12	+4.068e-09	-3.783e-13
61.00	+1.695e-01	+6.561e-04	+2.030e-04	+4.369e-07	-3.457e-12	+7.582e-09	-2.232e-12
62.00	+1.699e-01	+6.212e-04	+2.097e-04	+2.409e-07	-1.535e-12	+6.132e-10	+7.581e-13
63.00	+1.697e-01	+6.488e-04	+1.970e-04	+1.516e-07	-8.143e-13	+1.998e-09	-1.546e-13
64.00	+1.698e-01	+6.377e-04	+2.161e-04	+1.909e-07	-9.529e-13	-1.952e-10	+7.709e-13
65.00	+1.698e-01	+5.928e-04	+2.047e-04	+1.121e-07	+2.531e-13	-2.172e-09	+4.736e-13
66.00	+1.698e-01	+6.748e-04	+2.075e-04	+1.187e-07	-5.881e-13	+1.403e-09	-3.461e-14
67.00	+1.698e-01	+6.629e-04	+2.074e-04	+1.456e-07	-7.119e-13	+2.509e-09	-3.648e-13
68.00	+1.696e-01	+6.438e-04	+1.926e-04	+1.796e-07	-1.028e-12	+2.341e-09	-2.386e-13
69.00	+1.698e-01	+6.819e-04	+1.984e-04	+3.110e-07	-2.345e-12	+4.476e-09	-6.856e-13
70.00	+1.695e-01	+6.332e-04	+1.875e-04	+7.183e-08	-2.443e-13	+2.731e-10	+9.912e-14
71.00	+1.699e-01	+6.661e-04	+2.135e-04	+1.221e-07	-3.165e-13	-8.770e-10	+5.374e-13
72.00	+1.695e-01	+6.362e-04	+2.030e-04	+1.123e-07	-5.351e-13	+1.062e-09	+3.910e-14
73.00	+1.697e-01	+6.431e-04	+2.069e-04	+2.036e-07	-1.316e-12	+1.672e-09	+1.188e-13
74.00	+1.698e-01	+6.512e-04	+2.204e-04	+2.667e-07	-1.963e-12	+1.471e-09	+5.747e-13
75.00	+1.698e-01	+5.999e-04	+2.180e-04	+1.942e-07	-1.263e-12	+1.830e-09	+5.304e-14
76.00	+1.697e-01	+6.172e-04	+1.957e-04	+1.494e-07	-4.066e-13	-9.961e-10	+6.976e-13
77.00	+1.696e-01	+6.641e-04	+2.005e-04	+1.083e-07	-3.895e-13	-3.957e-11	+3.211e-13
78.00	+1.701e-01	+6.103e-04	+2.178e-04	+2.377e-07	-1.338e-12	-2.531e-10	+1.064e-12
79.00	+1.697e-01	+6.324e-04	+2.025e-04	+1.459e-07	-3.784e-13	-1.082e-09	+6.968e-13
80.00	+1.697e-01	+6.148e-04	+2.178e-04	+1.159e-07	-2.352e-13	-9.975e-10	+5.326e-13
81.00	+1.696e-01	+6.169e-04	+1.959e-04	+2.169e-07	-1.328e-12	+8.626e-10	+4.862e-13
82.00	+1.697e-01	+6.029e-04	+2.128e-04	+1.681e-07	-9.503e-13	+7.236e-10	+3.295e-13
83.00	+1.699e-01	+6.379e-04	+2.210e-04	+2.314e-07	-1.619e-12	+1.541e-09	+3.439e-13
84.00	+1.698e-01	+6.460e-04	+2.099e-04	+2.343e-07	-1.078e-12	+4.861e-09	-1.240e-12
85.00	+1.695e-01	+5.910e-04	+2.025e-04	+1.231e-07	-6.148e-13	+1.212e-09	+2.837e-15
86.00	+1.695e-01	+6.217e-04	+2.043e-04	+2.174e-07	-1.109e-12	+4.064e-09	-9.324e-13
87.00	+1.693e-01	+5.929e-04	+1.904e-04	+1.581e-07	-3.683e-14	+3.804e-09	-8.668e-13
88.00	+1.691e-01	+6.220e-04	+1.758e-04	+3.632e-07	-9.102e-14	+8.950e-09	-2.901e-12
89.00	+1.691e-01	+6.220e-04	+1.758e-04	+3.632e-07	-9.102e-14	+8.950e-09	-2.901e-12
90.00	+1.698e-01	+6.234e-04	+2.092e-04	+1.980e-07	-1.225e-12	+1.029e-09	+3.534e-13
91.00	+1.695e-01	+6.056e-04	+2.312e-04	+2.106e-07	+1.304e-12	-5.085e-09	+6.778e-13
92.00	+1.697e-01	+6.285e-04	+2.319e-04	+1.996e-07	+1.234e-12	-4.623e-09	-5.673e-13
93.00	+1.694e-01	+5.869e-04	+1.946e-04	+2.799e-07	+1.442e-12	-6.184e-09	+1.479e-12
94.00	+1.696e-01	+6.195e-04	+2.116e-04	+1.784e-07	+5.567e-14	-2.733e-09	+1.094e-12
95.00	+1.693e-01	+6.414e-04	+1.917e-04	+1.500e-07	-8.043e-13	+1.460e-09	-1.947e-14
96.00	+1.697e-01	+6.211e-04	+2.085e-04	+1.953e-07	-9.129e-13	-4.940e-10	+8.487e-13
97.00	+1.698e-01	+6.208e-04	+2.085e-04	+2.970e-07	-1.989e-12	+2.008e-10	+1.228e-12
98.00	+1.696e-01	+6.122e-04	+1.966e-04	+2.395e-07	-1.612e-12	+2.797e-09	-3.223e-13
99.00	+1.697e-01	+6.105e-04	+2.140e-04	+2.087e-07	-1.390e-12	+1.779e-09	+1.167e-13
100.00	+1.696e-01	+6.080e-04	+1.904e-04	+1.520e-07	-4.940e-13	-7.341e-10	+6.516e-13
101.00	+1.698e-01	+6.202e-04	+2.222e-04	+1.526e-07	-3.838e-13	-1.305e-09	+8.012e-13
102.00	+1.696e-01	+6.362e-04	+1.953e-04	+2.243e-07	-1.462e-12	+2.701e-09	-2.533e-13
103.00	+1.694e-01	+5.853e-04	+2.038e-04	+1.246e-07	-5.958e-13	+5.230e-10	+1.972e-13
104.00	+1.698e-01	+6.235e-04	+2.021e-04	+2.311e-07	-1.579e-12	+2.404e-09	-1.096e-15
105.00	+1.695e-01	+6.180e-04	+1.735e-04	+3.360e-07	-1.972e-12	+6.105e-09	-1.640e-12
106.00	+1.699e-01	+6.174e-04	+2.105e-04	+1.885e-07	-8.319e-13	-4.639e-10	+8.467e-13
107.00	+1.699e-01	+6.141e-04	+1.970e-04	+1.072e-07	-3.202e-13	-4.048e-10	+3.740e-13
108.00	+1.696e-01	+6.467e-04	+2.056e-04	+1.379e-07	-6.847e-13	+4.732e-10	+2.649e-13
109.00	+1.697e-01	+6.231e-04	+2.094e-04	+1.972e-07	-1.267e-12	+1.927e-09	+1.999e-15
110.00	+1.697e-01	+6.565e-04	+2.014e-04	+1.150e-07	-3.119e-13	+2.564e-09	-4.569e-13
111.00	+1.700e-01	+5.847e-04	+2.358e-04	+2.302e-07	-5.832e-13	-2.039e-09	+1.593e-12
112.00	+1.697e-01	+6.197e-04	+2.131e-04	+3.023e-07	-2.177e-12	+4.708e-09	-1.071e-12
113.00	+1.697e-01	+6.380e-04	+2.251e-04	+3.196e-07	-2.708e-12	+3.470e-09	-1.323e-13
114.00	+1.698e-01	+6.127e-04	+2.047e-04	+2.585e-07	-1.760e-12	+8.807e-10	+6.635e-13
115.00	+1.697e-01	+6.208e-04	+2.030e-04	+2.226e-07	-1.429e-12	+1.011e-09	+4.439e-13
116.00	+1.702e-01	+6.958e-04	+2.273e-04	+1.558e-07	-9.127e-13	+2.081e-09	-1.648e-13
117.00	+1.697e-01	+6.287e-04	+2.040e-04	+1.624e-07	-7.772e-13	+1.673e-11	+5.188e-13
118.00	+1.698e-01	+6.479e-04	+2.093e-04	+2.202e-07	-1.486e-12	+2.474e-09	-1.697e-13
119.00	+1.697e-01	+5.743e-04	+2.153e-04	+6.640e-08	+2.089e-13	-1.512e-09	+1.392e-13
120.00	+1.701e-01	+7.355e-04	+2.063e-04	+6.402e-08	-1.960e-13	+1.288e-09	-1.253e-13
121.00	+1.698e-01	+6.195e-04	+2.178e-04	+1.964e-07	-8.648e-13	+3.976e-09	-9.499e-13
122.00	+1.699e-01	+7.028e-04	+2.029e-04	+5.443e-07	-4.904e-12	+9.428e-09	-2.943e-12
123.00	+1.696e-01	+6.379e-04	+1.974e-04	+1.129e-07	-3.734e-13	-3.809e-10	+3.802e-13
124.00	+1.699e-01	+6.523e-04	+2.025e-04	+1.802e-07	-1.039e-12	+2.458e-09	-3.272e-13
125.00	+1.697e-01	+6.780e-04	+2.147e-04	+1.728e-07	-1.052e-12	+1.829e-09	+1.559e-15
126.00	+1.694e-01	+6.277e-04	+2.073e-04	+1.812e-07	-1.071e-12	+9.226e-10	+2.955e-13
127.00	+1.697e-01	+6.391e-04	+2.109e-04	+2.147e-07	-1.430e-12	+1.540e-09	+2.043e-13
128.00	+1.698e-01	+6.190e-04	+2.032e-04	+1.288e-07	-3.750e-13	-6.953e-10	+5.415e-13
129.00	+1.698e-01	+6.058e-04	+1.936e-04	+2.597e-07	-1.840e-12	+2.243e-09	+7.345e-14
130.00	+1.697e-01	+6.268e-04	+2.050e-04	+3.742e-07	-3.135e-12	+4.780e-09	-9.548e-13
131.00	+1.697e-01	+6.354e-04	+2.146e-04	+2.328e-07	-1.589e-12	+2.931e-09	-4.254e-13
132.00	+1.700e-01	+6.753e-04	+2.178e-04	+6.394e-08	+2.020e-13	-1.570e-09	+1.271e-13
133.00	+1.703e-01	+6.542e-04	+2.208e-04	+1.668e-07	-8.473e-13	+6.647e-11	+5.536e-13
134.00	+1.697e-01	+6.457e-04	+1.819e-04	+4.551e-07	-2.337e-12	+9.607e-09	-3.419e-12
135.00	+1.697e-01	+6.360e-04	+1.864e-04	+2.480e-07	-1.434e-12	+4.393e-09	-8.884e-13
136.00	+1.697e-01	+5.880e-04	+2.007e-04	+1.263e-07	-2.849e-13	-9.178e-10	+5.687e-13
137.00	+1.698e-01	+5.763e-04	+2.157e-04	+4.351e-07	-4.160e-12	+4.824e-09	-6.804e-13
138.00	+1.694e-01	+6.120e-04	+1.954e-04	+2.596e-07	-1.813e-12	+3.248e-09	-3.602e-13
139.00	+1.699e-01	+7.164e-04	+2.129e-04	+2.184e-07	-1.487e-12	+2.052e-09	+8.095e-14
140.00	+1.696e-01	+5.943e-04	+2.021e-04	+2.326e-07	-1.445e-12	+5.810e-10	+6.739e-13
141.00	+1.695e-01	+5.661e-04	+2.002e-04	+3.292e-07	-2.666e-12	+2.461e-09	+1.858e-13
142.00	+1.695e-01	+5.957e-04	+1.906e-04	+1.359e-07	-3.740e-13	-8.821e-10	+5.822e-13
143.00	+1.692e-01	+6.125e-04	+2.014e-04	+2.957e-07	-2.281e-12	+2.809e-09	-7.956e-14
144.00	+1.695e-01	+6.151e-04	+2.153e-04	+2.660e-07	-1.975e-12	+1.720e-09	+3.914e-13
145.00	+1.697e-01	+6.257e-04	+2.094e-04	+1.419e-07	-6.394e-13	+6.063e-11	+4.347e-13
146.00	+1.693e-01	+6.088e-04	+1.943e-04	+1.378e-07	-6.911e-13	+8.155e-10	+1.773e-13
147.00	+1.697e-01	+6.340e-04	+2.124e-04	+1.662e-07	-6.107e-13	+3.513e-09	-7.766e-13
148.00	+1.698e-01	+6.403e-04	+2.110e-04	+1.961e-07	-1.252e-12	+1.632e-09	+1.519e-13
149.00	+1.696e-01	+6.546e-04	+1.861e-04	+4.198e-07	-2.677e-12	+7.898e-09	-2.569e-12
150.00	+1.696e-01	+6.333e-04	+1.941e-04	+3.367e-07	-2.695e-12	+4.068e-09	-3.783e-13
151.00	+1.695e-01	+6.561e-04	+2.030e-04	+4.369e-07	-3.457e-12	+7.582e-09	-2.232e-12
152.00	+1.699e-01	+6.212e-04	+2.097e-04	+2.409e-07	-1.535e-12	+6.132e-10	+7.581e-13
153.00	+1.697e-01	+6.488e-04	+1.970e-04	+1.516e-07	-8.143e-13	+1.998e-09	-1.546e-13
154.00	+1.698e-01	+6.377e-04	+2.161e-04	+1.909e-07	-9.529e-13	-1.952e-10	+7.709e-13
155.00	+1.698e-01	+5.928e-04	+2.047e-04	+1.121e-07	+2.531e-13	-2.172e-09	+4.736e-13
156.00	+1.698e-01	+6.748e-04	+2.075e-04	+1.187e-07	-5.881e-13	+1.403e-09	-3.461e-14
157.00	+1.698e-01	+6.629e-04	+2.074e-04	+1.456e-07	-7.119e-13	+2.509e-09	-3.648e-13
158.00	+1.696e-01	+6.438e-04	+1.926e-04	+1.796e-07	-1.028e-12	+2.341e-09	-2.386e-13
159.00	+1.698e-01	+6.819e-04	+1.984e-04	+3.110e-07	-2.345e-12	+4.476e-09	-6.856e-13
160.00	+1.695e-01	+6.332e-04	+1.875e-04	+7.183e-08	-2.443e-13	+2.731e-10	+9.912e-14
161.00	+1.699e-01	+6.661e-04	+2.135e-04	+1.221e-07	-3.165e-13	-8.770e-10	+5.374e-13
162.00	+1.695e-01	+6.362e-04	+2.030e-04	+1.123e-07	-5.351e-13	+1.062e-09	+3.910e-14
163.00	+1.697e-01	+6.431e-04	+2.069e-04	+2.036e-07	-1.316e-12	+1.672e-09	+1.188e-13
164.00	+1.698e-01	+6.512e-04	+2.204e-04	+2.667e-07	-1.963e-12	+1.471e-09	+5.747e-13
165.00	+1.698e-01	+5.999e-04	+2.180e-04	+1.942e-07	-1.263e-12	+1.830e-09	+5.304e-14
166.00	+1.697e-01	+6.172e-04	+1.957e-04	+1.494e-07	-4.066e-13	-9.961e-10	+6.976e-13
167.00	+1.696e-01	+6.641e-04	+2.005e-04	+1.083e-07	-3.895e-13	-3.957e-11	+3.211e-13
168.00	+1.701e-01	+6.103e-04	+2.178e-04	+2.377e-07	-1.338e-12	-2.531e-10	+1.064e-12
169.00	+1.697e-01	+6.324e-04	+2.025e-04	+1.459e-07	-3.784e-13	-1.082e-09	+6.968e-13
170.00	+1.697e-01	+6.148e-04	+2.178e-04	+1.159e-07	-2.352e-13	-9.975e-10	+5.326e-13
171.00	+1.696e-01	+6.247e-04	+1.918e-04	+2.403e-07	-1.604e-12	+1.581e-09	+2.972e-13
172.00	+1.697e-01	+6.029e-04	+2.128e-04	+1.681e-07	-9.503e-13	+7.236e-10	+3.295e-13
173.00	+1.699e-01	+6.379e-04	+2.210e-04	+2.314e-07	-1.619e-12	+1.541e-09	+3.439e-13
174.00	+1.698e-01	+6.460e-04	+2.099e-04	+2.343e-07	-1.078e-12	+4.861e-09	-1.240e-12
175.00	+1.695e-01	+5.910e-04	+2.025e-04	+1.231e-07	-6.148e-13	+1.212e-09	+2.837e-15
176.00	+1.695e-01	+6.217e-04	+2.043e-04	+2.174e-07	-1.109e-12	+4.064e-09	-9.324e-13
177.00	+1.693e-01	+5.929e-04	+1.904e-04	+1.581e-07	-3.683e-14	+3.804e-09	-8.668e-13
178.00	+1.691e-01	+6.220e-04	+1.758e-04	+3.632e-07	-9.102e-14	+8.950e-09	-2.901e-12
179.00	+1.691e-01	+6.220e-04	+1.758e-04	+3.632e-07	-9.102e-14	+8.950e-09	-2.901e-12
180.00	+1.698e-01	+6.234e-04	+2.092e-04	+1.980e-07	-1.225e-12	+1.029e-09	+3.534e-13
181.00	+1.695e-01	+6.056e-04	+2.312e-04	+2.106e-07	+1.304e-12	-5.085e-09	+6.778e-13
182.00	+1.695e-01	+6.056e-04	+2.312e-04	+2.106e-07	+1.304e-12	-5.085e-09	+6.778e-13
183.00	+1.694e-01	+5.869e-04	+1.946e-04	+2.799e-07	+1.442e-12	-6.184e-09	+1.479e-12
184.00	+1.696e-01	+6.195e-04	+2.116e-04	+1.784e-07	+5.567e-14	-2.733e-09	+1.094e-12
185.00	+1.693e-01	+6.414e-04	+1.917e-04	+1.500e-07	-8.043e-13	+1.460e-09	-1.947e-14
186.00	+1.697e-01	+6.211e-04	+2.085e-04	+1.953e-07	-9.129e-13	-4.940e-10	+8.487e-13
187.00	+1.698e-01	+6.208e-04	+2.085e-04	+2.970e-07	-1.989e-12	+2.008e-10	+1.228e-12
188.00	+1.696e-01	+6.122e-04	+1.966e-04	+2.395e-07	-1.612e-12	+2.797e-09	-3.223e-13
189.00	+1.697e-01	+6.105e-04	+2.140e-04	+2.087e-07	-1.390e-12	+1.779e-09	+1.167e-13
190.00	+1.696e-01	+6.080e-04	+1.904e-04	+1.520e-07	-4.940e-13	-7.341e-10	+6.516e-13
191.00	+1.698e-01	+6.202e-04	+2.222e-04	+1.526e-07	-3.838e-13	-1.305e-09	+8.012e-13
192.00	+1.696e-01	+6.362e-04	+1.953e-04	+2.243e-07	-1.462e-12	+2.701e-09	-2.533e-13
193.00	+1.694e-01	+5.853e-04	+2.038e-04	+1.246e-07	-5.958e-13	+5.230e-10	+1.972e-13
194.00	+1.698e-01	+6.235e-04	+2.021e-04	+2.311e-07	-1.579e-12	+2.404e-09	-1.096e-15
195.00	+1.695e-01	+6.180e-04	+1.735e-04	+3.360e-07	-1.972e-12	+6.105e-09	-1.640e-12
196.00	+1.699e-01	+6.174e-04	+2.105e-04	+1.885e-07	-8.319e-13	-4.639e-10	+8.467e-13
197.00	+1.699e-01	+6.141e-04	+1.970e-04	+1.072e-07	-3.202e-13	-4.048e-10	+3.740e-13
198.00	+1.696e-01	+6.467e-04	+2.056e-04	+1.379e-07	-6.847e-13	+4.732e-10	+2.649e-13
199.00	+1.697e-01	+6.231e-04	+2.094e-04	+1.972e-07	-1.267e-12	+1.927e-09	+1.999e-15
200.00	+1.697e-01	+6.565e-04	+2.014e-04	+1.150e-07	-3.119e-13	+2.564e-09	-4.569e-13
201.00	+1.700e-01	+5.847e-04	+2.358e-04	+2.302e-07	-5.832e-13	-2.039e-09	+1.593e-12
202.00	+1.696e-01	+6.113e-04	+2.120e-04	+3.378e-07	-2.620e-12	+5.038e-09	-1.145e-12
203.00	+1.697e-01	+6.380e-04	+2.251e-04	+3.196e-07	-2.708e-12	+3.470e-09	-1.323e-13
204.00	+1.698e-01	+6.127e-04	+2.047e-04	+2.585e-07	-1.760e-12	+8.807e-10	+6.635e-13
205.00	+1.697e-01	+6.208e-04	+2.030e-04	+2.226e-07	-1.429e-12	+1.011e-09	+4.439e-13
206.00	+1.702e-01	+6.958e-04	+2.273e-04	+1.558e-07	-9.127e-13	+2.081e-09	-1.648e-13
207.00	+1.697e-01	+6.287e-04	+2.040e-04	+1.624e-07	-7.772e-13	+1.673e-11	+5.188e-13
208.00	+1.698e-01	+6.479e-04	+2.093e-04	+2.202e-07	-1.486e-12	+2.474e-09	-1.697e-13
209.00	+1.697e-01	+5.743e-04	+2.153e-04	+6.640e-08	+2.089e-13	-1.512e-09	+1.392e-13
210.00	+1.701e-01	+7.355e-04	+2.063e-04	+6.402e-08	-1.960e-13	+1.288e-09	-1.253e-13
211.00	+1.698e-01	+6.195e-04	+2.178e-04	+1.964e-07	-8.648e-13	+3.976e-09	-9.499e-13
212.00	+1.699e-01	+7.028e-04	+2.029e-04	+5.443e-07	-4.904e-12	+9.428e-09	-2.943e-12
213.00	+1.696e-01	+6.197e-04	+1.905e-04	+1.050e-07	-3.621e-13	-1.754e-10	+2.994e-13
214.00	+1.699e-01	+6.523e-04	+2.025e-04	+1.802e-07	-1.039e-12	+2.458e-09	-3.272e-13
215.00	+1.697e-01	+6.780e-04	+2.147e-04	+1.728e-07	-1.052e-12	+1.829e-09	+1.559e-15
216.00	+1.694e-01	+6.277e-04	+2.073e-04	+1.812e-07	-1.071e-12	+9.226e-10	+2.955e-13
217.00	+1.697e-01	+6.391e-04	+2.109e-04	+2.147e-07	-1.430e-12	+1.540e-09	+2.043e-13
218.00	+1.698e-01	+6.190e-04	+2.032e-04	+1.288e-07	-3.750e-13	-6.953e-10	+5.415e-13
219.00	+1.698e-01	+6.058e-04	+1.936e-04	+2.597e-07	-1.840e-12	+2.243e-09	+7.345e-14
220.00	+1.697e-01	+6.268e-04	+2.050e-04	+3.742e-07	-3.135e-12	+4.780e-09	-9.548e-13
221.00	+1.697e-01	+6.354e-04	+2.146e-04	+2.328e-07	-1.589e-12	+2.931e-09	-4.254e-13
222.00	+1.700e-01	+6.753e-04	+2.178e-04	+6.394e-08	+2.020e-13	-1.570e-09	+1.271e-13
223.00	+1.703e-01	+6.542e-04	+2.208e-04	+1.668e-07	-8.473e-13	+6.647e-11	+5.536e-13
224.00	+1.697e-01	+6.457e-04	+1.819e-04	+4.551e-07	-2.337e-12	+9.607e-09	-3.419e-12
225.00	+1.697e-01	+6.360e-04	+1.864e-04	+2.480e-07	-1.434e-12	+4.393e-09	-8.884e-13
226.00	+1.697e-01	+5.880e-04	+2.007e-04	+1.263e-07	-2.849e-13	-9.178e-10	+5.687e-13
227.00	+1.700e-01	+5.948e-04	+2.191e-04	+3.156e-07	-2.625e-12	+3.002e-09	-3.330e-14
228.00	+1.694e-01	+6.120e-04	+1.954e-04	+2.596e-07	-1.813e-12	+3.248e-09	-3.602e-13
229.00	+1.699e-01	+7.164e-04	+2.129e-04	+2.184e-07	-1.487e-12	+2.052e-09	+8.095e-14
230.00	+1.696e-01	+5.943e-04	+2.021e-04	+2.326e-07	-1.445e-12	+5.810e-10	+6.739e-13
231.00	+1.695e-01	+5.661e-04	+2.002e-04	+3.292e-07	-2.666e-12	+2.461e-09	+1.858e-13
232.00	+1.695e-01	+5.957e-04	+1.906e-04	+1.359e-07	-3.740e-13	-8.821e-10	+5.822e-13
233.00	+1.692e-01	+6.125e-04	+2.014e-04	+2.957e-07	-2.281e-12	+2.809e-09	-7.956e-14
234.00	+1.695e-01	+6.151e-04	+2.153e-04	+2.660e-07	-1.975e-12	+1.720e-09	+3.914e-13
235.00	+1.697e-01	+6.257e-04	+2.094e-04	+1.419e-07	-6.394e-13	+6.063e-11	+4.347e-13
236.00	+1.693e-01	+6.088e-04	+1.943e-04	+1.378e-07	-6.911e-13	+8.155e-10	+1.773e-13
237.00	+1.697e-01	+6.340e-04	+2.124e-04	+1.662e-07	-6.107e-13	+3.513e-09	-7.766e-13
238.00	+1.698e-01	+6.403e-04	+2.110e-04	+1.961e-07	-1.252e-12	+1.632e-09	+1.519e-13
239.00	+1.695e-01	+6.561e-04	+1.835e-04	+4.689e-07	-2.606e-12	+9.582e-09	-3.483e-12
240.00	+1.696e-01	+6.333e-04	+1.941e-04	+3.367e-07	-2.695e-12	+4.068e-09	-3.783e-13
241.00	+1.695e-01	+6.561e-04	+2.030e-04	+4.369e-07	-3.457e-12	+7.582e-09	-2.232e-12
242.00	+1.699e-01	+6.212e-04	+2.097e-04	+2.409e-07	-1.535e-12	+6.132e-10	+7.581e-13
243.00	+1.697e-01	+6.488e-04	+1.970e-04	+1.516e-07	-8.143e-13	+1.998e-09	-1.546e-13
244.00	+1.698e-01	+6.377e-04	+2.161e-04	+1.909e-07	-9.529e-13	-1.952e-10	+7.709e-13
245.00	+1.698e-01	+5.928e-04	+2.047e-04	+1.121e-07	+2.531e-13	-2.172e-09	+4.736e-13
246.00	+1.698e-01	+6.748e-04	+2.075e-04	+1.187e-07	-5.881e-13	+1.403e-09	-3.461e-14
247.00	+1.698e-01	+6.629e-04	+2.074e-04	+1.456e-07	-7.119e-13	+2.509e-09	-3.648e-13
248.00	+1.696e-01	+6.438e-04	+1.926e-04	+1.796e-07	-1.028e-12	+2.341e-09	-2.386e-13
249.00	+1.698e-01	+6.819e-04	+1.984e-04	+3.110e-07	-2.345e-12	+4.476e-09	-6.856e-13
250.00	+1.695e-01	+6.332e-04	+1.875e-04	+7.183e-08	-2.443e-13	+2.731e-10	+9.912e-14
251.00	+1.699e-01	+6.661e-04	+2.135e-04	+1.221e-07	-3.165e-13	-8.770e-10	+5.374e-13
252.00	+1.695e-01	+6.362e-04	+2.030e-04	+1.123e-07	-5.351e-13	+1.062e-09	+3.910e-14
253.00	+1.697e-01	+6.431e-04	+2.069e-04	+2.036e-07	-1.316e-12	+1.672e-09	+1.188e-13
254.00	+1.698e-01	+6.512e-04	+2.204e-04	+2.667e-07	-1.963e-12	+1.471e-09	+5.747e-13
255.00	+1.698e-01	+5.999e-04	+2.180e-04	+1.942e-07	-1.263e-12	+1.830e-09	+5.304e-14
256.00	+1.697e-01	+6.172e-04	+1.957e-04	+1.494e-07	-4.066e-13	-9.961e-10	+6.976e-13
257.00	+1.696e-01	+6.641e-04	+2.005e-04	+1.083e-07	-3.895e-13	-3.957e-11	+3.211e-13
258.00	+1.701e-01	+6.103e-04	+2.178e-04	+2.377e-07	-1.338e-12	-2.531e-10	+1.064e-12
259.00	+1.697e-01	+6.324e-04	+2.025e-04	+1.459e-07	-3.784e-13	-1.082e-09	+6.968e-13
260.00	+1.697e-01	+6.148e-04	+2.178e-04	+1.159e-07	-2.352e-13	-9.975e-10	+5.326e-13
261.00	+1.696e-01	+6.247e-04	+1.918e-04	+2.403e-07	-1.604e-12	+1.581e-09	+2.972e-13
262.00	+1.697e-01	+6.029e-04	+2.128e-04	+1.681e-07	-9.503e-13	+7.236e-10	+3.295e-13
263.00	+1.699e-01	+6.379e-04	+2.210e-04	+2.314e-07	-1.619e-12	+1.541e-09	+3.439e-13
264.00	+1.698e-01	+6.460e-04	+2.099e-04	+2.343e-07	-1.078e-12	+4.861e-09	-1.240e-12
265.00	+1.695e-01	+5.910e-04	+2.025e-04	+1.231e-07	-6.148e-13	+1.212e-09	+2.837e-15
266.00	+1.695e-01	+6.217e-04	+2.043e-04	+2.174e-07	-1.109e-12	+4.064e-09	-9.324e-13
267.00	+1.693e-01	+5.929e-04	+1.904e-04	+1.581e-07	-3.683e-14	+3.804e-09	-8.668e-13
268.00	+1.691e-01	+6.220e-04	+1.758e-04	+3.632e-07	-9.102e-14	+8.950e-09	-2.901e-12
269.00	+1.691e-01	+6.220e-04	+1.758e-04	+3.632e-07	-9.102e-14	+8.950e-09	-2.901e-12
270.00	+1.698e-01	+6.234e-04	+2.092e-04	+1.980e-07	-1.225e-12	+1.029e-09	+3.534e-13
271.00	+1.695e-01	+6.056e-04	+2.312e-04	+2.106e-07	+1.304e-12	-5.085e-09	+6.778e-13
272.00	+1.695e-01	+6.056e-04	+2.312e-04	+2.106e-07	+1.304e-12	-5.085e-09	+6.778e-13
273.00	+1.694e-01	+5.869e-04	+1.946e-04	+2.799e-07	+1.442e-12	-6.184e-09	+1.479e-12
274.00	+1.696e-01	+6.195e-04	+2.116e-04	+1.784e-07	+5.567e-14	-2.733e-09	+1.094e-12
275.00	+1.693e-01	+6.414e-04	+1.917e-04	+1.500e-07	-8.043e-13	+1.460e-09	-1.947e-14
276.00	+1.697e-01	+6.211e-04	+2.085e-04	+1.953e-07	-9.129e-13	-4.940e-10	+8.487e-13
277.00	+1.698e-01	+6.208e-04	+2.085e-04	+2.970e-07	-1.989e-12	+2.008e-10	+1.228e-12
278.00	+1.696e-01	+6.122e-04	+1.966e-04	+2.395e-07	-1.612e-12	+2.797e-09	-3.223e-13
279.00	+1.697e-01	+6.055e-04	+2.102e-04	+2.025e-07	-1.302e-12	+1.406e-09	+2.194e-13
280.00	+1.696e-01	+6.080e-04	+1.904e-04	+1.520e-07	-4.940e-13	-7.341e-10	+6.516e-13
281.00	+1.698e-01	+6.202e-04	+2.222e-04	+1.526e-07	-3.838e-13	-1.305e-09	+8.012e-13
282.00	+1.696e-01	+6.362e-04	+1.953e-04	+2.243e-07	-1.462e-12	+2.701e-09	-2.533e-13
283.00	+1.694e-01	+5.853e-04	+2.038e-04	+1.246e-07	-5.958e-13	+5.230e-10	+1.972e-13
284.00	+1.698e-01	+6.235e-04	+2.021e-04	+2.311e-07	-1.579e-12	+2.404e-09	-1.096e-15
285.00	+1.695e-01	+6.180e-04	+1.735e-04	+3.360e-07	-1.972e-12	+6.105e-09	-1.640e-12
286.00	+1.699e-01	+6.174e-04	+2.105e-04	+1.885e-07	-8.319e-13	-4.639e-10	+8.467e-13
287.00	+1.699e-01	+6.141e-04	+1.970e-04	+1.072e-07	-3.202e-13	-4.048e-10	+3.740e-13
288.00	+1.696e-01	+6.467e-04	+2.056e-04	+1.379e-07	-6.847e-13	+4.732e-10	+2.649e-13
289.00	+1.697e-01	+6.231e-04	+2.094e-04	+1.972e-07	-1.267e-12	+1.927e-09	+1.999e-15
290.00	+1.697e-01	+6.565e-04	+2.014e-04	+1.150e-07	-3.119e-13	+2.564e-09	-4.569e-13
291.00	+1.700e-01	+5.847e-04	+2.358e-04	+2.302e-07	-5.832e-13	-2.039e-09	+1.593e-12
292.00	+1.697e-01	+6.197e-04	+2.131e-04	+3.023e-07	-2.177e-12	+4.708e-09	-1.071e-12
293.00	+1.697e-01	+6.380e-04	+2.251e-04	+3.196e-07	-2.708e-12	+3.470e-09	-1.323e-13
294.00	+1.698e-01	+6.127e-04	+2.047e-04	+2.585e-07	-1.760e-12	+8.807e-10	+6.635e-13
295.00	+1.697e-01	+6.208e-04	+2.030e-04	+2.226e-07	-1.429e-12	+1.011e-09	+4.439e-13
296.00	+1.702e-01	+6.958e-04	+2.273e-04	+1.558e-07	-9.127e-13	+2.081e-09	-1.648e-13
297.00	+1.697e-01	+6.287e-04	+2.040e-04	+1.624e-07	-7.772e-13	+1.673e-11	+5.188e-13
298.00	+1.698e-01	+6.479e-04	+2.093e-04	+2.202e-07	-1.486e-12	+2.474e-09	-1.697e-13
299.00	+1.697e-01	+5.743e-04	+2.153e-04	+6.640e-08	+2.089e-13	-1.512e-09	+1.392e-13
300.00	+1.701e-01	+7.355e-04	+2.063e-04	+6.402e-08	-1.960e-13	+1.288e-09	-1.253e-13
301.00	+1.698e-01	+6.195e-04	+2.178e-04	+1.964e-07	-8.648e-13	+3.976e-09	-9.499e-13
302.00	+1.699e-01	+7.028e-04	+2.029e-04	+5.443e-07	-4.904e-12	+9.428e-09	-2.943e-12
303.00	+1.696e-01	+6.197e-04	+1.905e-04	+1.050e-07	-3.621e-13	-1.754e-10	+2.994e-13
304.00	+1.699e-01	+6.523e-04	+2.025e-04	+1.802e-07	-1.039e-12	+2.458e-09	-3.272e-13
305.00	+1.697e-01	+6.780e-04	+2.147e-04	+1.728e-07	-1.052e-12	+1.829e-09	+1.559e-15
306.00	+1.694e-01	+6.277e-04	+2.073e-04	+1.812e-07	-1.071e-12	+9.226e-10	+2.955e-13
307.00	+1.697e-01	+6.391e-04	+2.109e-04	+2.147e-07	-1.430e-12	+1.540e-09	+2.043e-13
308.00	+1.698e-01	+6.190e-04	+2.032e-04	+1.288e-07	-3.750e-13	-6.953e-10	+5.415e-13
309.00	+1.698e-01	+6.058e-04	+1.936e-04	+2.597e-07	-1.840e-12	+2.243e-09	+7.345e-14
310.00	+1.697e-01	+6.268e-04	+2.050e-04	+3.742e-07	-3.135e-12	+4.780e-09	-9.548e-13
311.00	+1.697e-01	+6.354e-04	+2.146e-04	+2.328e-07	-1.589e-12	+2.931e-09	-4.254e-13
312.00	+1.700e-01	+6.753e-04	+2.178e-04	+6.394e-08	+2.020e-13	-1.570e-09	+1.271e-13
313.00	+1.703e-01	+6.542e-04	+2.208e-04	+1.668e-07	-8.473e-13	+6.647e-11	+5.536e-13
314.00	+1.697e-01	+6.457e-04	+1.819e-04	+4.551e-07	-2.337e-12	+9.607e-09	-3.419e-12
315.00	+1.697e-01	+6.360e-04	+1.864e-04	+2.480e-07	-1.434e-12	+4.393e-09	-8.884e-13
316.00	+1.697e-01	+5.880e-04	+2.007e-04	+1.263e-07	-2.849e-13	-9.178e-10	+5.687e-13
317.00	+1.700e-01	+5.948e-04	+2.191e-04	+3.156e-07	-2.625e-12	+3.002e-09	-3.330e-14
318.00	+1.694e-01	+6.120e-04	+1.954e-04	+2.596e-07	-1.813e-12	+3.248e-09	-3.602e-13
319.00	+1.699e-01	+7.164e-04	+2.129e-04	+2.184e-07	-1.487e-12	+2.052e-09	+8.095e-14
320.00	+1.696e-01	+5.943e-04	+2.021e-04	+2.326e-07	-1.445e-12	+5.810e-10	+6.739e-13
321.00	+1.695e-01	+5.661e-04	+2.002e-04	+3.292e-07	-2.666e-12	+2.461e-09	+1.858e-13
322.00	+1.695e-01	+5.957e-04	+1.906e-04	+1.359e-07	-3.740e-13	-8.821e-10	+5.822e-13
323.00	+1.692e-01	+6.125e-04	+2.014e-04	+2.957e-07	-2.281e-12	+2.809e-09	-7.956e-14
324.00	+1.695e-01	+6.151e-04	+2.153e-04	+2.660e-07	-1.975e-12	+1.720e-09	+3.914e-13
325.00	+1.697e-01	+6.257e-04	+2.094e-04	+1.419e-07	-6.394e-13	+6.063e-11	+4.347e-13
326.00	+1.693e-01	+6.088e-04	+1.943e-04	+1.378e-07	-6.911e-13	+8.155e-10	+1.773e-13
327.00	+1.697e-01	+6.340e-04	+2.124e-04	+1.662e-07	-6.107e-13	+3.513e-09	-7.766e-13
328.00	+1.698e-01	+6.403e-04	+2.110e-04	+1.961e-07	-1.252e-12	+1.632e-09	+1.519e-13
329.00	+1.696e-01	+6.546e-04	+1.861e-04	+4.198e-07	-2.677e-12	+7.898e-09	-2.569e-12
330.00	+1.696e-01	+6.333e-04	+1.941e-04	+3.367e-07	-2.695e-12	+4.068e-09	-3.783e-13
331.00	+1.695e-01	+6.561e-04	+2.030e-04	+4.369e-07	-3.457e-12	+7.582e-09	-2.232e-12
332.00	+1.699e-01	+6.212e-04	+2.097e-04	+2.409e-07	-1.535e-12	+6.132e-10	+7.581e-13
333.00	+1.697e-01	+6.488e-04	+1.970e-04	+1.516e-07	-8.143e-13	+1.998e-09	-1.546e-13
334.00	+1.698e-01	+6.377e-04	+2.161e-04	+1.909e-07	-9.529e-13	-1.952e-10	+7.709e-13
335.00	+1.698e-01	+5.928e-04	+2.047e-04	+1.121e-07	+2.531e-13	-2.172e-09	+4.736e-13
336.00	+1.698e-01	+6.748e-04	+2.075e-04	+1.187e-07	-5.881e-13	+1.403e-09	-3.461e-14
337.00	+1.698e-01	+6.629e-04	+2.074e-04	+1.456e-07	-7.119e-13	+2.509e-09	-3.648e-13
338.00	+1.696e-01	+6.438e-04	+1.926e-04	+1.796e-07	-1.028e-12	+2.341e-09	-2.386e-13
339.00	+1.698e-01	+6.819e-04	+1.984e-04	+3.110e-07	-2.345e-12	+4.476e-09	-6.856e-13
340.00	+1.695e-01	+6.332e-04	+1.875e-04	+7.183e-08	-2.443e-13	+2.731e-10	+9.912e-14
341.00	+1.699e-01	+6.661e-04	+2.135e-04	+1.221e-07	-3.165e-13	-8.770e-10	+5.374e-13
342.00	+1.695e-01	+6.362e-04	+2.030e-04	+1.123e-07	-5.351e-13	+1.062e-09	+3.910e-14
343.00	+1.697e-01	+6.431e-04	+2.069e-04	+2.036e-07	-1.316e-12	+1.672e-09	+1.188e-13
344.00	+1.698e-01	+6.512e-04	+2.204e-04	+2.667e-07	-1.963e-12	+1.471e-09	+5.747e-13
345.00	+1.698e-01	+5.999e-04	+2.180e-04	+1.942e-07	-1.263e-12	+1.830e-09	+5.304e-14
346.00	+1.697e-01	+6.172e-04	+1.957e-04	+1.494e-07	-4.066e-13	-9.961e-10	+6.976e-13
347.00	+1.696e-01	+6.641e-04	+2.005e-04	+1.083e-07	-3.895e-13	-3.957e-11	+3.211e-13
348.00	+1.701e-01	+6.103e-04	+2.178e-04	+2.377e-07	-1.338e-12	-2.531e-10	+1.064e-12
349.00	+1.697e-01	+6.324e-04	+2.025e-04	+1.459e-07	-3.784e-13	-1.082e-09	+6.968e-13
350.00	+1.697e-01	+6.148e-04	+2.178e-04	+1.159e-07	-2.352e-13	-9.975e-10	+5.326e-13
351.00	+1.696e-01	+6.247e-04	+1.918e-04	+2.403e-07	-1.604e-12	+1.581e-09	+2.972e-13
352.00	+1.697e-01	+6.029e-04	+2.128e-04	+1.681e-07	-9.503e-13	+7.236e-10	+3.295e-13
353.00	+1.699e-01	+6.379e-04	+2.210e-04	+2.314e-07	-1.619e-12	+1.541e-09	+3.439e-13
354.00	+1.698e-01	+6.460e-04	+2.099e-04	+2.343e-07	-1.078e-12	+4.861e-09	-1.240e-12
355.00	+1.695e-01	+5.910e-04	+2.025e-04	+1.231e-07	-6.148e-13	+1.212e-09	+2.837e-15
356.00	+1.695e-01	+6.217e-04	+2.043e-04	+2.174e-07	-1.109e-12	+4.064e-09	-9.324e-13
357.00	+1.693e-01	+5.929e-04	+1.904e-04	+1.581e-07	-3.683e-14	+3.804e-09	-8.668e-13
358.00	+1.691e-01	+6.220e-04	+1.758e-04	+3.632e-07	-9.102e-14	+8.950e-09	-2.901e-12
359.00	+1.691e-01	+6.220e-04	+1.758e-04	+3.632e-07	-9.102e-14	+8.950e-09	-2.901e-12
