0	1.690664e-01	8.722057e-04	0.000000e+00	0.000000e+00	0.000000e+00	0.000000e+00	0.000000e+00
1	1.691021e-01	8.450231e-04	3.711689e-07	3.995597e-08	4.235544e-15	-3.613515e-10	-2.395124e-15
2	1.690617e-01	8.477280e-04	1.465200e-07	1.659799e-08	3.057142e-16	-3.042211e-10	-7.592903e-16
3	1.689953e-01	8.441795e-04	8.134685e-09	3.890668e-10	6.593615e-19	-2.193329e-12	2.105423e-19
4	1.691216e-01	8.443446e-04	3.697049e-09	1.307022e-10	6.364624e-20	1.069893e-12	-6.483753e-20
5	1.690092e-01	8.510762e-04	2.544070e-08	1.425204e-09	7.189324e-18	-1.538095e-11	-4.686301e-18
6	1.690192e-01	8.444054e-04	6.511576e-08	7.063402e-09	-6.063781e-17	-1.635564e-10	-1.388170e-16
7	1.689769e-01	8.438984e-04	9.994632e-11	9.560801e-10	1.246861e-19	2.757643e-11	-2.679565e-19
8	1.691044e-01	8.436326e-04	1.687227e-08	3.127182e-09	-1.999091e-17	-9.018701e-11	1.078628e-17
9	1.689975e-01	8.453464e-04	1.769663e-08	1.786466e-09	8.968453e-18	1.842654e-11	-4.523618e-18
10	1.690043e-01	8.375794e-04	5.890588e-10	4.633593e-11	6.677610e-21	-2.696685e-13	-3.743193e-21
11	1.690104e-01	8.440734e-04	1.056937e-10	9.175899e-11	4.141345e-21	-1.719848e-12	8.031598e-21
12	1.689870e-01	8.438962e-04	3.138151e-08	3.048412e-09	-5.469787e-18	-6.767623e-11	2.930984e-17
13	1.690424e-01	8.472886e-04	3.292684e-09	2.690266e-10	-1.435189e-19	-7.135095e-12	-2.085997e-19
14	1.690695e-01	8.677733e-04	7.329996e-10	4.673729e-11	8.337916e-21	-2.638102e-13	-2.304857e-21
15	1.690364e-01	8.455568e-04	3.936463e-09	3.264324e-10	1.648781e-19	-4.704446e-12	3.312722e-19
16	1.689695e-01	8.404540e-04	1.983357e-08	1.901075e-09	7.616006e-18	-2.458494e-11	8.846803e-18
17	1.689887e-01	8.453923e-04	1.765469e-09	1.838105e-10	-8.686000e-20	5.174244e-12	-5.847557e-20
18	1.691161e-01	8.426719e-04	4.332504e-09	3.744967e-10	-2.972329e-19	9.437751e-12	3.731030e-19
19	1.691096e-01	8.471391e-04	2.208262e-08	4.115524e-10	1.157113e-18	-4.141047e-12	-4.476581e-19
20	1.690165e-01	8.349985e-04	2.298304e-10	6.839161e-11	-7.888805e-21	1.919933e-12	3.359842e-21
21	1.690179e-01	8.378347e-04	2.863739e-08	4.725654e-10	1.696419e-18	-4.337103e-13	3.799155e-19
22	1.689927e-01	8.450893e-04	5.096570e-08	6.747813e-10	2.869212e-18	-6.327077e-12	-2.725204e-18
23	1.690750e-01	8.456457e-04	1.686395e-08	2.487729e-09	6.068182e-18	4.021875e-11	1.492700e-17
24	1.690589e-01	8.409704e-04	4.796901e-09	4.585264e-10	-1.101055e-19	-9.990285e-12	6.710553e-19
25	1.690463e-01	8.466278e-04	9.866843e-09	2.008719e-11	8.536851e-21	-2.514264e-13	2.663426e-21
26	1.688224e-01	8.475440e-04	1.530603e-08	1.925250e-09	8.819303e-18	-2.324097e-11	-5.607619e-18
27	1.691327e-01	8.460051e-04	2.232463e-07	4.380700e-09	2.530015e-17	1.934351e-11	-1.346394e-16
28	1.690027e-01	8.453329e-04	4.995814e-08	7.659437e-09	-7.699281e-17	1.830071e-10	-1.285344e-16
29	1.688386e-01	8.409661e-04	2.743871e-07	2.084451e-08	1.282394e-15	-2.326041e-10	9.168068e-16
30	1.688409e-01	8.466466e-04	2.907363e-07	2.143327e-08	1.599992e-15	-1.662795e-10	5.501397e-16
31	1.688024e-01	8.416507e-04	3.963799e-07	2.928675e-08	2.581770e-15	-3.319596e-10	1.814219e-15
32	1.687142e-01	8.474520e-04	6.919636e-07	4.915122e-08	6.222457e-15	-6.990523e-10	6.591351e-15
33	1.687181e-01	8.440777e-04	1.064590e-06	7.267847e-08	1.864586e-14	-6.684320e-10	7.811993e-15
34	1.685563e-01	8.468198e-04	1.222847e-06	6.801148e-08	1.570138e-14	-7.872616e-10	1.175430e-14
35	1.685563e-01	8.411429e-04	1.544543e-06	9.531063e-08	3.274636e-14	-9.605994e-10	1.627763e-14
36	1.684979e-01	8.434073e-04	1.765923e-06	1.095038e-07	4.041592e-14	-1.237920e-09	2.617889e-14
37	1.685768e-01	8.455140e-04	1.915055e-06	1.275254e-07	5.348005e-14	-1.518839e-09	3.333975e-14
38	1.684589e-01	8.429137e-04	2.654863e-06	1.578303e-07	9.313027e-14	-1.583241e-09	4.200781e-14
39	1.684601e-01	8.480747e-04	3.113369e-06	1.666501e-07	9.478086e-14	-2.330941e-09	7.366170e-14
40	1.684195e-01	8.456794e-04	3.531396e-06	2.085317e-07	1.363159e-13	-2.928015e-09	1.159355e-13
41	1.683578e-01	8.467495e-04	3.469099e-06	1.859269e-07	1.202988e-13	-2.504121e-09	8.845936e-14
42	1.683714e-01	8.469387e-04	4.084655e-06	2.120364e-07	1.719580e-13	-2.521294e-09	9.679665e-14
43	1.682114e-01	8.392519e-04	3.865340e-06	2.033892e-07	1.440837e-13	-2.782220e-09	1.084502e-13
44	1.683563e-01	8.434088e-04	4.492559e-06	1.712530e-07	1.429076e-13	-1.311498e-09	4.627095e-14
45	1.683763e-01	8.891081e-04	3.825829e-06	1.907357e-07	1.406250e-13	-2.376908e-09	8.229201e-14
46	1.680875e-01	8.405637e-04	4.960839e-06	2.474265e-07	1.374757e-13	-4.558521e-09	2.371588e-13
47	1.683074e-01	8.422999e-04	5.072380e-06	2.730795e-07	1.575182e-13	-5.251355e-09	2.801481e-13
48	1.682563e-01	8.428670e-04	4.849100e-06	2.311372e-07	1.426368e-13	-4.112129e-09	1.988296e-13
49	1.683248e-01	8.444978e-04	5.949919e-06	2.968148e-07	2.872915e-13	-4.556969e-09	2.702751e-13
50	1.682342e-01	8.437856e-04	5.061706e-06	2.575663e-07	2.254134e-13	-3.791698e-09	1.888875e-13
51	1.682623e-01	8.405528e-04	5.300857e-06	2.610303e-07	1.928555e-13	-4.367990e-09	2.389279e-13
52	1.682890e-01	8.397338e-04	5.499001e-06	2.870000e-07	1.879297e-13	-5.298370e-09	3.076985e-13
53	1.682912e-01	8.391791e-04	4.753440e-06	2.494749e-07	2.502310e-13	-2.435423e-09	1.057825e-13
54	1.682949e-01	8.436092e-04	5.445864e-06	2.559885e-07	2.230540e-13	-3.879726e-09	2.039635e-13
55	1.682516e-01	8.366148e-04	4.503224e-06	2.282775e-07	1.358759e-13	-3.912359e-09	1.873677e-13
56	1.682702e-01	8.397880e-04	4.576010e-06	1.941970e-07	1.305035e-13	-2.798870e-09	1.283819e-13
57	1.682654e-01	8.340435e-04	4.093329e-06	2.072739e-07	1.546726e-13	-2.610961e-09	1.119262e-13
58	1.683437e-01	8.407832e-04	4.301955e-06	2.230824e-07	1.607925e-13	-3.139024e-09	1.480050e-13
59	1.683332e-01	8.329435e-04	3.567158e-06	1.906455e-07	1.059398e-13	-2.795513e-09	1.161642e-13
60	1.683523e-01	8.362057e-04	3.593604e-06	1.978374e-07	1.210656e-13	-2.645352e-09	1.147581e-13
61	1.683991e-01	8.361626e-04	2.937267e-06	1.652844e-07	1.103193e-13	-1.182415e-09	3.305375e-14
62	1.685280e-01	8.384652e-04	3.064438e-06	1.828872e-07	7.587377e-14	-2.965352e-09	1.139686e-13
63	1.681679e-01	8.279189e-04	1.593178e-06	1.069180e-07	3.209990e-14	-1.280488e-09	3.027916e-14
64	1.686235e-01	8.367269e-04	2.068560e-06	8.150560e-08	4.254243e-15	-1.816171e-09	3.319539e-14
65	1.685752e-01	8.367176e-04	1.671763e-06	1.016919e-07	3.799560e-14	-7.879706e-10	1.773127e-14
66	1.685944e-01	8.324515e-04	1.293046e-06	8.295347e-08	2.448227e-14	-6.441233e-10	1.177806e-14
67	1.686498e-01	8.411001e-04	8.320066e-07	6.073707e-08	8.770325e-15	-8.110889e-10	1.046420e-14
68	1.687504e-01	8.433269e-04	6.353113e-07	3.892034e-08	3.489766e-15	-5.814546e-10	5.027635e-15
69	1.687468e-01	8.318513e-04	4.870670e-07	3.697974e-08	4.326544e-15	-3.239494e-10	2.431443e-15
70	1.687263e-01	8.304229e-04	2.645491e-07	1.891955e-08	8.853121e-16	-2.321617e-10	1.003899e-15
71	1.688622e-01	8.375196e-04	8.254538e-08	6.592306e-09	1.529441e-16	1.672588e-11	-1.602078e-17
72	1.689697e-01	8.447170e-04	1.458896e-08	4.142214e-09	-2.370786e-17	1.119122e-10	-2.178995e-17
73	1.689682e-01	8.435900e-04	4.062093e-08	3.488997e-09	-4.002094e-17	-1.009137e-10	1.111633e-17
74	1.689753e-01	8.405385e-04	9.967050e-09	1.695709e-09	6.967666e-18	6.701300e-12	-2.233186e-19
75	1.690681e-01	8.479833e-04	1.085970e-09	7.900312e-11	1.920066e-20	1.310026e-12	1.291603e-20
76	1.691091e-01	8.678955e-04	0.000000e+00	0.000000e+00	0.000000e+00	0.000000e+00	0.000000e+00
77	1.689939e-01	8.437176e-04	9.720335e-09	3.240308e-10	-5.688917e-19	-9.377633e-12	8.406473e-20
78	1.690384e-01	8.438050e-04	9.434564e-10	1.477541e-10	1.695745e-20	-1.521932e-12	-5.249488e-20
79	1.690611e-01	8.438213e-04	1.922191e-08	1.602265e-09	-3.157358e-18	-3.851260e-11	-8.312574e-18
80	1.690461e-01	8.383219e-04	5.166261e-09	4.670156e-10	-7.238770e-19	1.348651e-11	-4.717997e-20
81	1.690541e-01	8.429844e-04	6.193987e-09	4.807076e-10	-8.042842e-19	1.306296e-11	-2.028954e-19
82	1.690978e-01	8.450449e-04	2.512307e-08	1.359241e-09	-7.757433e-18	-3.702230e-11	1.706612e-18
83	1.689205e-01	8.426910e-04	2.483489e-08	2.582687e-09	-5.120075e-18	-6.457996e-11	2.004049e-17
84	1.690310e-01	8.466454e-04	2.320689e-08	6.430576e-10	2.171084e-18	-9.605954e-12	-1.207290e-18
85	1.690207e-01	8.477112e-04	1.185384e-08	1.074492e-09	-4.389449e-19	-2.268084e-11	-3.809519e-18
86	1.690591e-01	8.444717e-04	2.075824e-09	2.192704e-10	1.109850e-19	2.867576e-12	-9.780862e-20
87	1.690020e-01	8.438191e-04	5.573346e-08	5.652181e-09	4.938631e-17	-7.972992e-11	-8.732034e-17
88	1.690619e-01	8.480282e-04	2.880861e-07	2.812152e-08	-8.202989e-16	-6.391244e-10	-2.394550e-15
89	1.691020e-01	8.449804e-04	3.956853e-07	4.354728e-08	4.993474e-15	-2.520020e-10	-2.782360e-15
90	1.690664e-01	8.722057e-04	0.000000e+00	0.000000e+00	0.000000e+00	0.000000e+00	0.000000e+00
91	1.691021e-01	8.450231e-04	3.711689e-07	3.995597e-08	4.235544e-15	-3.613515e-10	-2.395124e-15
92	1.690617e-01	8.477280e-04	1.465200e-07	1.659799e-08	3.057142e-16	-3.042211e-10	-7.592903e-16
93	1.689953e-01	8.441795e-04	8.134685e-09	3.890668e-10	6.593615e-19	-2.193329e-12	2.105423e-19
94	1.691216e-01	8.443446e-04	3.697049e-09	1.307022e-10	6.364624e-20	1.069893e-12	-6.483753e-20
95	1.690173e-01	8.476863e-04	1.669298e-08	1.145989e-09	1.601112e-18	-2.375788e-11	-4.749701e-18
96	1.690192e-01	8.444054e-04	6.511576e-08	7.063402e-09	-6.063781e-17	-1.635564e-10	-1.388170e-16
97	1.689769e-01	8.438984e-04	9.994632e-11	9.560801e-10	1.246861e-19	2.757643e-11	-2.679565e-19
98	1.691044e-01	8.436326e-04	1.687227e-08	3.127182e-09	-1.999091e-17	-9.018701e-11	1.078628e-17
99	1.689975e-01	8.453464e-04	1.769663e-08	1.786466e-09	8.968453e-18	1.842654e-11	-4.523618e-18
100	1.690043e-01	8.375794e-04	5.890588e-10	4.633593e-11	6.677610e-21	-2.696685e-13	-3.743193e-21
101	1.690104e-01	8.440734e-04	1.056937e-10	9.175899e-11	4.141345e-21	-1.719848e-12	8.031598e-21
102	1.689870e-01	8.438962e-04	3.138151e-08	3.048412e-09	-5.469787e-18	-6.767623e-11	2.930984e-17
103	1.690424e-01	8.472886e-04	3.292684e-09	2.690266e-10	-1.435189e-19	-7.135095e-12	-2.085997e-19
104	1.690695e-01	8.677733e-04	7.329996e-10	4.673729e-11	8.337916e-21	-2.638102e-13	-2.304857e-21
105	1.690364e-01	8.455568e-04	3.936463e-09	3.264324e-10	1.648781e-19	-4.704446e-12	3.312722e-19
106	1.689695e-01	8.404540e-04	1.983357e-08	1.901075e-09	7.616006e-18	-2.458494e-11	8.846803e-18
107	1.689887e-01	8.453923e-04	1.765469e-09	1.838105e-10	-8.686000e-20	5.174244e-12	-5.847557e-20
108	1.691161e-01	8.426719e-04	4.332504e-09	3.744967e-10	-2.972329e-19	9.437751e-12	3.731030e-19
109	1.691096e-01	8.471391e-04	2.208262e-08	4.115524e-10	1.157113e-18	-4.141047e-12	-4.476581e-19
110	1.690165e-01	8.349985e-04	2.298304e-10	6.839161e-11	-7.888805e-21	1.919933e-12	3.359842e-21
111	1.690179e-01	8.378347e-04	2.863739e-08	4.725654e-10	1.696419e-18	-4.337103e-13	3.799155e-19
112	1.689927e-01	8.450893e-04	5.096570e-08	6.747813e-10	2.869212e-18	-6.327077e-12	-2.725204e-18
113	1.690750e-01	8.456457e-04	1.686395e-08	2.487729e-09	6.068182e-18	4.021875e-11	1.492700e-17
114	1.690589e-01	8.409704e-04	4.796901e-09	4.585264e-10	-1.101055e-19	-9.990285e-12	6.710553e-19
115	1.690463e-01	8.466278e-04	9.866843e-09	2.008719e-11	8.536851e-21	-2.514264e-13	2.663426e-21
116	1.688318e-01	8.482805e-04	9.137529e-09	8.714255e-10	-2.403828e-18	2.532583e-11	-5.180038e-19
117	1.691653e-01	8.452341e-04	5.469510e-08	8.718517e-09	9.928391e-17	2.451805e-10	1.624502e-16
118	1.691005e-01	8.456968e-04	2.394164e-08	2.716995e-09	2.113598e-17	3.380216e-11	5.785197e-18
119	1.690298e-01	8.414184e-04	2.858704e-09	2.242483e-10	-3.010965e-20	-5.272357e-12	1.770044e-19
120	1.690598e-01	8.472825e-04	1.643760e-09	2.847936e-11	3.470211e-21	-4.228237e-13	-5.091819e-21
121	1.690480e-01	8.422354e-04	1.896861e-10	4.097217e-11	-2.995269e-21	-1.135700e-12	-2.018693e-21
122	1.690048e-01	8.478577e-04	8.170893e-09	8.260173e-10	-1.988801e-18	-2.354688e-11	8.060708e-19
123	1.690176e-01	8.433427e-04	4.730710e-08	4.711872e-09	6.867200e-17	4.120080e-12	-1.526548e-17
124	1.688761e-01	8.463722e-04	5.443347e-08	2.112105e-09	1.692597e-17	-1.465218e-11	1.504619e-17
125	1.688900e-01	8.405035e-04	9.025579e-08	7.358767e-09	1.896426e-16	-9.180867e-12	-1.232881e-18
126	1.688417e-01	8.416023e-04	1.087868e-07	1.015497e-08	3.128996e-16	-3.871939e-11	1.265579e-16
127	1.689697e-01	8.468593e-04	8.384342e-08	1.141831e-08	3.532924e-16	-1.123414e-11	1.261487e-18
128	1.688341e-01	8.412355e-04	2.545346e-07	2.193063e-08	1.633759e-15	-9.037183e-12	-1.247302e-16
129	1.687825e-01	8.445796e-04	3.197335e-07	1.983791e-08	1.334711e-15	-2.227786e-10	8.454161e-16
130	1.687985e-01	8.433241e-04	4.897561e-07	4.091686e-08	4.590540e-15	-4.384051e-10	3.532207e-15
131	1.687489e-01	8.438691e-04	3.908354e-07	2.878141e-08	2.792428e-15	-2.235771e-10	1.233087e-15
132	1.687504e-01	8.438684e-04	6.316899e-07	4.332537e-08	7.087036e-15	-1.792921e-10	1.070712e-15
133	1.685824e-01	8.353154e-04	5.557768e-07	4.105753e-08	5.632707e-15	-3.204848e-10	2.595918e-15
134	1.687421e-01	8.410393e-04	7.096730e-07	2.756789e-08	3.390335e-15	2.632569e-10	-1.836895e-15
135	1.687484e-01	8.869018e-04	5.535661e-07	3.611793e-08	5.077883e-15	-1.391457e-10	5.449107e-16
136	1.684485e-01	8.380869e-04	1.058096e-06	6.526010e-08	5.595712e-15	-1.187062e-09	1.621018e-14
137	1.686581e-01	8.398748e-04	1.111940e-06	8.245896e-08	8.826848e-15	-1.576304e-09	2.335652e-14
138	1.686476e-01	8.409428e-04	7.690678e-07	4.808734e-08	4.755672e-15	-7.946750e-10	7.931043e-15
139	1.687167e-01	8.426789e-04	1.226592e-06	7.979352e-08	2.014949e-14	-9.138513e-10	1.473644e-14
140	1.686247e-01	8.405523e-04	8.443179e-07	6.057217e-08	1.207285e-14	-5.651534e-10	6.471961e-15
141	1.686347e-01	8.408830e-04	9.995918e-07	6.689022e-08	1.063309e-14	-9.726359e-10	1.364192e-14
142	1.686579e-01	8.395700e-04	1.184365e-06	8.382058e-08	1.126797e-14	-1.496508e-09	2.388561e-14
143	1.687032e-01	8.428618e-04	6.792181e-07	5.965828e-08	1.168915e-14	1.603454e-10	-2.753607e-15
144	1.686934e-01	8.435964e-04	1.005089e-06	5.799486e-08	1.172099e-14	-6.454402e-10	7.659722e-15
145	1.686325e-01	8.374988e-04	7.353906e-07	5.050170e-08	5.051107e-15	-8.108705e-10	8.318959e-15
146	1.686600e-01	8.412338e-04	7.507279e-07	3.345491e-08	4.181760e-15	-3.288103e-10	3.259288e-15
147	1.686553e-01	8.377770e-04	5.780371e-07	3.991084e-08	5.772621e-15	-2.546994e-10	1.850510e-15
148	1.687392e-01	8.437659e-04	6.402632e-07	4.461164e-08	6.168333e-15	-4.466243e-10	4.335677e-15
149	1.687255e-01	8.382573e-04	4.470545e-07	3.205337e-08	2.486510e-15	-4.264166e-10	2.922287e-15
150	1.687494e-01	8.411171e-04	4.499856e-07	3.367687e-08	3.144059e-15	-3.401228e-10	2.702155e-15
151	1.687791e-01	8.413588e-04	3.286147e-07	2.630811e-08	2.128964e-15	1.535843e-10	-1.204583e-15
152	1.689210e-01	8.442104e-04	3.397155e-07	2.894197e-08	6.324718e-16	-5.398010e-10	2.799226e-15
153	1.685529e-01	8.395150e-04	1.381135e-08	5.429968e-09	2.494599e-17	-6.724282e-11	3.986096e-17
154	1.690186e-01	8.438605e-04	1.041820e-07	4.377294e-09	7.979521e-18	-2.962245e-11	-9.313581e-17
155	1.689327e-01	8.441726e-04	9.249410e-08	7.439555e-09	1.897286e-16	2.378613e-11	-4.569635e-17
156	1.689455e-01	8.387658e-04	3.803754e-08	3.331574e-09	3.598565e-17	1.461848e-11	-1.056412e-17
157	1.689865e-01	8.480282e-04	3.477320e-09	8.748862e-10	-1.366113e-18	-2.547734e-11	-6.799706e-19
158	1.690709e-01	8.495182e-04	2.774273e-09	7.403500e-10	-1.051775e-18	2.157768e-11	1.398833e-19
159	1.689879e-01	8.367766e-04	1.039794e-08	1.049814e-09	3.321147e-18	-1.196392e-11	1.000246e-18
160	1.689447e-01	8.346099e-04	2.025601e-09	2.072088e-10	-1.320470e-19	5.969120e-12	2.417805e-20
161	1.689904e-01	8.397980e-04	1.257082e-09	2.250536e-10	1.425564e-20	-3.345691e-12	-1.188527e-19
162	1.690373e-01	8.460569e-04	1.174348e-08	1.748776e-09	7.923508e-18	1.903474e-11	1.540731e-19
163	1.690397e-01	8.450549e-04	9.465633e-09	1.263582e-09	4.047091e-18	8.914541e-12	1.648584e-18
164	1.689753e-01	8.405385e-04	9.967050e-09	1.695709e-09	6.967666e-18	6.701300e-12	-2.233186e-19
165	1.690681e-01	8.479833e-04	1.085970e-09	7.900312e-11	1.920066e-20	1.310026e-12	1.291603e-20
166	1.691091e-01	8.678955e-04	0.000000e+00	0.000000e+00	0.000000e+00	-0.000000e+00	0.000000e+00
167	1.689939e-01	8.437176e-04	9.720335e-09	3.240308e-10	-5.688917e-19	-9.377633e-12	8.406473e-20
168	1.690384e-01	8.438050e-04	9.434564e-10	1.477541e-10	1.695745e-20	-1.521932e-12	-5.249488e-20
169	1.690611e-01	8.438213e-04	1.922191e-08	1.602265e-09	-3.157358e-18	-3.851260e-11	-8.312574e-18
170	1.690461e-01	8.383219e-04	5.166261e-09	4.670156e-10	-7.238770e-19	1.348651e-11	-4.717997e-20
171	1.690541e-01	8.429844e-04	6.193987e-09	4.807076e-10	-8.042842e-19	1.306296e-11	-2.028954e-19
172	1.690978e-01	8.450449e-04	2.512307e-08	1.359241e-09	-7.757433e-18	-3.702230e-11	1.706612e-18
173	1.689205e-01	8.426910e-04	2.483489e-08	2.582687e-09	-5.120075e-18	-6.457996e-11	2.004049e-17
174	1.690310e-01	8.466454e-04	2.320689e-08	6.430576e-10	2.171084e-18	-9.605954e-12	-1.207290e-18
175	1.690150e-01	8.509389e-04	1.991045e-08	1.307897e-09	3.259064e-18	-1.667292e-11	-5.824412e-18
176	1.690591e-01	8.444717e-04	2.075824e-09	2.192704e-10	1.109850e-19	2.867576e-12	-9.780862e-20
177	1.690020e-01	8.438191e-04	5.573346e-08	5.652181e-09	4.938631e-17	-7.972992e-11	-8.732034e-17
178	1.690619e-01	8.480282e-04	2.880861e-07	2.812152e-08	-8.202989e-16	-6.391244e-10	-2.394550e-15
179	1.691020e-01	8.449804e-04	3.956853e-07	4.354728e-08	4.993474e-15	-2.520020e-10	-2.782360e-15
180	1.690664e-01	8.722057e-04	0.000000e+00	0.000000e+00	0.000000e+00	0.000000e+00	0.000000e+00
181	1.691021e-01	8.450231e-04	3.711689e-07	3.995597e-08	4.235544e-15	-3.613515e-10	-2.395124e-15
182	1.690617e-01	8.477280e-04	1.465200e-07	1.659799e-08	3.057142e-16	-3.042211e-10	-7.592903e-16
183	1.689953e-01	8.441795e-04	8.134685e-09	3.890668e-10	6.593615e-19	-2.193329e-12	2.105423e-19
184	1.691216e-01	8.443446e-04	3.697049e-09	1.307022e-10	6.364624e-20	1.069893e-12	-6.483753e-20
185	1.690092e-01	8.510762e-04	2.544070e-08	1.425204e-09	7.189324e-18	-1.538095e-11	-4.686301e-18
186	1.690192e-01	8.444054e-04	6.511576e-08	7.063402e-09	-6.063781e-17	-1.635564e-10	-1.388170e-16
187	1.689769e-01	8.438984e-04	9.994632e-11	9.560801e-10	1.246861e-19	2.757643e-11	-2.679565e-19
188	1.691044e-01	8.436326e-04	1.687227e-08	3.127182e-09	-1.999091e-17	-9.018701e-11	1.078628e-17
189	1.689975e-01	8.453464e-04	1.769663e-08	1.786466e-09	8.968453e-18	1.842654e-11	-4.523618e-18
190	1.690043e-01	8.375794e-04	5.890588e-10	4.633593e-11	6.677610e-21	-2.696685e-13	-3.743193e-21
191	1.690104e-01	8.440734e-04	1.056937e-10	9.175899e-11	4.141345e-21	-1.719848e-12	8.031598e-21
192	1.689870e-01	8.438962e-04	3.138151e-08	3.048412e-09	-5.469787e-18	-6.767623e-11	2.930984e-17
193	1.690424e-01	8.472886e-04	3.292684e-09	2.690266e-10	-1.435189e-19	-7.135095e-12	-2.085997e-19
194	1.690695e-01	8.677733e-04	7.329996e-10	4.673729e-11	8.337916e-21	-2.638102e-13	-2.304857e-21
195	1.690364e-01	8.455568e-04	3.936463e-09	3.264324e-10	1.648781e-19	-4.704446e-12	3.312722e-19
196	1.689695e-01	8.404540e-04	1.983357e-08	1.901075e-09	7.616006e-18	-2.458494e-11	8.846803e-18
197	1.689887e-01	8.453923e-04	1.765469e-09	1.838105e-10	-8.686000e-20	5.174244e-12	-5.847557e-20
198	1.691161e-01	8.426719e-04	4.332504e-09	3.744967e-10	-2.972329e-19	9.437751e-12	3.731030e-19
199	1.691096e-01	8.471391e-04	2.208262e-08	4.115524e-10	1.157113e-18	-4.141047e-12	-4.476581e-19
200	1.690165e-01	8.349985e-04	2.298304e-10	6.839161e-11	-7.888805e-21	1.919933e-12	3.359842e-21
201	1.690179e-01	8.378347e-04	2.863739e-08	4.725654e-10	1.696419e-18	-4.337103e-13	3.799155e-19
202	1.689927e-01	8.450893e-04	5.096570e-08	6.747813e-10	2.869212e-18	-6.327077e-12	-2.725204e-18
203	1.690750e-01	8.456457e-04	1.686395e-08	2.487729e-09	6.068182e-18	4.021875e-11	1.492700e-17
204	1.690589e-01	8.409704e-04	4.796901e-09	4.585264e-10	-1.101055e-19	-9.990285e-12	6.710553e-19
205	1.690463e-01	8.466278e-04	9.866843e-09	2.008719e-11	8.536851e-21	-2.514264e-13	2.663426e-21
206	1.688318e-01	8.482805e-04	9.137529e-09	8.714255e-10	-2.403828e-18	2.532583e-11	-5.180038e-19
207	1.691653e-01	8.452341e-04	5.469510e-08	8.718517e-09	9.928391e-17	2.451805e-10	1.624502e-16
208	1.691005e-01	8.456968e-04	2.394164e-08	2.716995e-09	2.113598e-17	3.380216e-11	5.785197e-18
209	1.690298e-01	8.414184e-04	2.858704e-09	2.242483e-10	-3.010965e-20	-5.272357e-12	1.770044e-19
210	1.690598e-01	8.472825e-04	1.643760e-09	2.847936e-11	3.470211e-21	-4.228237e-13	-5.091819e-21
211	1.690480e-01	8.422354e-04	1.896861e-10	4.097217e-11	-2.995269e-21	-1.135700e-12	-2.018693e-21
212	1.690048e-01	8.478577e-04	8.170893e-09	8.260173e-10	-1.988801e-18	-2.354688e-11	8.060708e-19
213	1.690176e-01	8.433427e-04	4.730710e-08	4.711872e-09	6.867200e-17	4.120080e-12	-1.526548e-17
214	1.688761e-01	8.463722e-04	5.443347e-08	2.112105e-09	1.692597e-17	-1.465218e-11	1.504619e-17
215	1.688900e-01	8.405035e-04	9.025579e-08	7.358767e-09	1.896426e-16	-9.180867e-12	-1.232881e-18
216	1.688417e-01	8.416023e-04	1.087868e-07	1.015497e-08	3.128996e-16	-3.871939e-11	1.265579e-16
217	1.689697e-01	8.468593e-04	8.384342e-08	1.141831e-08	3.532924e-16	-1.123414e-11	1.261487e-18
218	1.688341e-01	8.412355e-04	2.545346e-07	2.193063e-08	1.633759e-15	-9.037183e-12	-1.247302e-16
219	1.687825e-01	8.445796e-04	3.197335e-07	1.983791e-08	1.334711e-15	-2.227786e-10	8.454161e-16
220	1.687985e-01	8.433241e-04	4.897561e-07	4.091686e-08	4.590540e-15	-4.384051e-10	3.532207e-15
221	1.687489e-01	8.438691e-04	3.908354e-07	2.878141e-08	2.792428e-15	-2.235771e-10	1.233087e-15
222	1.687504e-01	8.438684e-04	6.316899e-07	4.332537e-08	7.087036e-15	-1.792921e-10	1.070712e-15
223	1.685824e-01	8.353154e-04	5.557768e-07	4.105753e-08	5.632707e-15	-3.204848e-10	2.595918e-15
224	1.687421e-01	8.410393e-04	7.096730e-07	2.756789e-08	3.390335e-15	2.632569e-10	-1.836895e-15
225	1.687484e-01	8.869018e-04	5.535661e-07	3.611793e-08	5.077883e-15	-1.391457e-10	5.449107e-16
226	1.684485e-01	8.380869e-04	1.058096e-06	6.526010e-08	5.595712e-15	-1.187062e-09	1.621018e-14
227	1.686581e-01	8.398748e-04	1.111940e-06	8.245896e-08	8.826848e-15	-1.576304e-09	2.335652e-14
228	1.686476e-01	8.409428e-04	7.690678e-07	4.808734e-08	4.755672e-15	-7.946750e-10	7.931043e-15
229	1.687167e-01	8.426789e-04	1.226592e-06	7.979352e-08	2.014949e-14	-9.138513e-10	1.473644e-14
230	1.685869e-01	8.399914e-04	8.713830e-07	6.455852e-08	9.789017e-15	-9.308412e-10	1.177436e-14
231	1.686347e-01	8.408830e-04	9.995918e-07	6.689022e-08	1.063309e-14	-9.726359e-10	1.364192e-14
232	1.686579e-01	8.395700e-04	1.184365e-06	8.382058e-08	1.126797e-14	-1.496508e-09	2.388561e-14
233	1.687032e-01	8.428618e-04	6.792181e-07	5.965828e-08	1.168915e-14	1.603454e-10	-2.753607e-15
234	1.686934e-01	8.435964e-04	1.005089e-06	5.799486e-08	1.172099e-14	-6.454402e-10	7.659722e-15
235	1.686325e-01	8.374988e-04	7.353906e-07	5.050170e-08	5.051107e-15	-8.108705e-10	8.318959e-15
236	1.686600e-01	8.412338e-04	7.507279e-07	3.345491e-08	4.181760e-15	-3.288103e-10	3.259288e-15
237	1.686553e-01	8.377770e-04	5.780371e-07	3.991084e-08	5.772621e-15	-2.546994e-10	1.850510e-15
238	1.687392e-01	8.437659e-04	6.402632e-07	4.461164e-08	6.168333e-15	-4.466243e-10	4.335677e-15
239	1.687255e-01	8.382573e-04	4.470545e-07	3.205337e-08	2.486510e-15	-4.264166e-10	2.922287e-15
240	1.687494e-01	8.411171e-04	4.499856e-07	3.367687e-08	3.144059e-15	-3.401228e-10	2.702155e-15
241	1.687791e-01	8.413588e-04	3.286147e-07	2.630811e-08	2.128964e-15	1.535843e-10	-1.204583e-15
242	1.689210e-01	8.442104e-04	3.397155e-07	2.894197e-08	6.324718e-16	-5.398010e-10	2.799226e-15
243	1.685523e-01	8.366280e-04	2.502445e-08	5.938849e-09	4.144167e-17	-6.409104e-11	5.936562e-17
244	1.690186e-01	8.438605e-04	1.041820e-07	4.377294e-09	7.979521e-18	-2.962245e-11	-9.313581e-17
245	1.689327e-01	8.441726e-04	9.249410e-08	7.439555e-09	1.897286e-16	2.378613e-11	-4.569635e-17
246	1.689455e-01	8.387658e-04	3.803754e-08	3.331574e-09	3.598565e-17	1.461848e-11	-1.056412e-17
247	1.689865e-01	8.480282e-04	3.477320e-09	8.748862e-10	-1.366113e-18	-2.547734e-11	-6.799706e-19
248	1.690709e-01	8.495182e-04	2.774273e-09	7.403500e-10	-1.051775e-18	2.157768e-11	1.398833e-19
249	1.689879e-01	8.367766e-04	1.039794e-08	1.049814e-09	3.321147e-18	-1.196392e-11	1.000246e-18
250	1.689447e-01	8.346099e-04	2.025601e-09	2.072088e-10	-1.320470e-19	5.969120e-12	2.417805e-20
251	1.689904e-01	8.397980e-04	1.257082e-09	2.250536e-10	1.425564e-20	-3.345691e-12	-1.188527e-19
252	1.690373e-01	8.460569e-04	1.174348e-08	1.748776e-09	7.923508e-18	1.903474e-11	1.540731e-19
253	1.690397e-01	8.450549e-04	9.465633e-09	1.263582e-09	4.047091e-18	8.914541e-12	1.648584e-18
254	1.689753e-01	8.405385e-04	9.967050e-09	1.695709e-09	6.967666e-18	6.701300e-12	-2.233186e-19
255	1.690681e-01	8.479833e-04	1.085970e-09	7.900312e-11	1.920066e-20	1.310026e-12	1.291603e-20
256	1.691091e-01	8.678955e-04	0.000000e+00	0.000000e+00	0.000000e+00	0.000000e+00	0.000000e+00
257	1.689939e-01	8.437176e-04	9.720335e-09	3.240308e-10	-5.688917e-19	-9.377633e-12	8.406473e-20
258	1.690384e-01	8.438050e-04	9.434564e-10	1.477541e-10	1.695745e-20	-1.521932e-12	-5.249488e-20
259	1.690611e-01	8.438213e-04	1.922191e-08	1.602265e-09	-3.157358e-18	-3.851260e-11	-8.312574e-18
260	1.690461e-01	8.383219e-04	5.166261e-09	4.670156e-10	-7.238770e-19	1.348651e-11	-4.717997e-20
261	1.690541e-01	8.429844e-04	6.193987e-09	4.807076e-10	-8.042842e-19	1.306296e-11	-2.028954e-19
262	1.690978e-01	8.450449e-04	2.512307e-08	1.359241e-09	-7.757433e-18	-3.702230e-11	1.706612e-18
263	1.689205e-01	8.426910e-04	2.483489e-08	2.582687e-09	-5.120075e-18	-6.457996e-11	2.004049e-17
264	1.690310e-01	8.466454e-04	2.320689e-08	6.430576e-10	2.171084e-18	-9.605954e-12	-1.207290e-18
265	1.690150e-01	8.509389e-04	1.991045e-08	1.307897e-09	3.259064e-18	-1.667292e-11	-5.824412e-18
266	1.690591e-01	8.444717e-04	2.075824e-09	2.192704e-10	1.109850e-19	2.867576e-12	-9.780862e-20
267	1.690020e-01	8.438191e-04	5.573346e-08	5.652181e-09	4.938631e-17	-7.972992e-11	-8.732034e-17
268	1.690619e-01	8.480282e-04	2.880861e-07	2.812152e-08	-8.202989e-16	-6.391244e-10	-2.394550e-15
269	1.691020e-01	8.449804e-04	3.956853e-07	4.354728e-08	4.993474e-15	-2.520020e-10	-2.782360e-15
270	1.690664e-01	8.722057e-04	0.000000e+00	0.000000e+00	0.000000e+00	0.000000e+00	0.000000e+00
271	1.691021e-01	8.450231e-04	3.711689e-07	3.995597e-08	4.235544e-15	-3.613515e-10	-2.395124e-15
272	1.690617e-01	8.477280e-04	1.465200e-07	1.659799e-08	3.057142e-16	-3.042211e-10	-7.592903e-16
273	1.689953e-01	8.441795e-04	8.134685e-09	3.890668e-10	6.593615e-19	-2.193329e-12	2.105423e-19
274	1.691216e-01	8.443446e-04	3.697049e-09	1.307022e-10	6.364624e-20	1.069893e-12	-6.483753e-20
275	1.690092e-01	8.510762e-04	2.544070e-08	1.425204e-09	7.189324e-18	-1.538095e-11	-4.686301e-18
276	1.690192e-01	8.444054e-04	6.511576e-08	7.063402e-09	-6.063781e-17	-1.635564e-10	-1.388170e-16
277	1.689769e-01	8.438984e-04	9.994632e-11	9.560801e-10	1.246861e-19	2.757643e-11	-2.679565e-19
278	1.691044e-01	8.436326e-04	1.687227e-08	3.127182e-09	-1.999091e-17	-9.018701e-11	1.078628e-17
279	1.689975e-01	8.453464e-04	1.769663e-08	1.786466e-09	8.968453e-18	1.842654e-11	-4.523618e-18
280	1.690043e-01	8.375794e-04	5.890588e-10	4.633593e-11	6.677610e-21	-2.696685e-13	-3.743193e-21
281	1.690104e-01	8.440734e-04	1.056937e-10	9.175899e-11	4.141345e-21	-1.719848e-12	8.031598e-21
282	1.689870e-01	8.438962e-04	3.138151e-08	3.048412e-09	-5.469787e-18	-6.767623e-11	2.930984e-17
283	1.690424e-01	8.472886e-04	3.292684e-09	2.690266e-10	-1.435189e-19	-7.135095e-12	-2.085997e-19
284	1.690695e-01	8.677733e-04	7.329996e-10	4.673729e-11	8.337916e-21	-2.638102e-13	-2.304857e-21
285	1.690364e-01	8.455568e-04	3.936463e-09	3.264324e-10	1.648781e-19	-4.704446e-12	3.312722e-19
286	1.689695e-01	8.404540e-04	1.983357e-08	1.901075e-09	7.616006e-18	-2.458494e-11	8.846803e-18
287	1.689887e-01	8.453923e-04	1.765469e-09	1.838105e-10	-8.686000e-20	5.174244e-12	-5.847557e-20
288	1.691161e-01	8.426719e-04	4.332504e-09	3.744967e-10	-2.972329e-19	9.437751e-12	3.731030e-19
289	1.691096e-01	8.471391e-04	2.208262e-08	4.115524e-10	1.157113e-18	-4.141047e-12	-4.476581e-19
290	1.690165e-01	8.349985e-04	2.298304e-10	6.839161e-11	-7.888805e-21	1.919933e-12	3.359842e-21
291	1.690179e-01	8.378347e-04	2.863739e-08	4.725654e-10	1.696419e-18	-4.337103e-13	3.799155e-19
292	1.689927e-01	8.450893e-04	5.096570e-08	6.747813e-10	2.869212e-18	-6.327077e-12	-2.725204e-18
293	1.690750e-01	8.456457e-04	1.686395e-08	2.487729e-09	6.068182e-18	4.021875e-11	1.492700e-17
294	1.690589e-01	8.409704e-04	4.796901e-09	4.585264e-10	-1.101055e-19	-9.990285e-12	6.710553e-19
295	1.690463e-01	8.466278e-04	9.866843e-09	2.008719e-11	8.536851e-21	-2.514264e-13	2.663426e-21
296	1.687949e-01	8.480412e-04	2.327173e-09	6.317095e-10	6.427083e-19	-7.164954e-12	-4.166275e-19
297	1.690978e-01	8.451783e-04	1.558968e-07	4.901665e-09	1.244818e-16	1.060787e-10	-5.351715e-17
298	1.690027e-01	8.453329e-04	4.995814e-08	7.659437e-09	-7.699281e-17	1.830071e-10	-1.285344e-16
299	1.688386e-01	8.409661e-04	2.743871e-07	2.084451e-08	1.282394e-15	-2.326041e-10	9.168068e-16
300	1.688409e-01	8.466466e-04	2.907363e-07	2.143327e-08	1.599992e-15	-1.662795e-10	5.501397e-16
301	1.688024e-01	8.416507e-04	3.963799e-07	2.928675e-08	2.581770e-15	-3.319596e-10	1.814219e-15
302	1.687142e-01	8.474520e-04	6.919636e-07	4.915122e-08	6.222457e-15	-6.990523e-10	6.591351e-15
303	1.687181e-01	8.440777e-04	1.064590e-06	7.267847e-08	1.864586e-14	-6.684320e-10	7.811993e-15
304	1.685563e-01	8.468198e-04	1.222847e-06	6.801148e-08	1.570138e-14	-7.872616e-10	1.175430e-14
305	1.685563e-01	8.411429e-04	1.544543e-06	9.531063e-08	3.274636e-14	-9.605994e-10	1.627763e-14
306	1.684979e-01	8.434073e-04	1.765923e-06	1.095038e-07	4.041592e-14	-1.237920e-09	2.617889e-14
307	1.685768e-01	8.455140e-04	1.915055e-06	1.275254e-07	5.348005e-14	-1.518839e-09	3.333975e-14
308	1.684589e-01	8.429137e-04	2.654863e-06	1.578303e-07	9.313027e-14	-1.583241e-09	4.200781e-14
309	1.684601e-01	8.480747e-04	3.113369e-06	1.666501e-07	9.478086e-14	-2.330941e-09	7.366170e-14
310	1.684195e-01	8.456794e-04	3.531396e-06	2.085317e-07	1.363159e-13	-2.928015e-09	1.159355e-13
311	1.683578e-01	8.467495e-04	3.469099e-06	1.859269e-07	1.202988e-13	-2.504121e-09	8.845936e-14
312	1.683714e-01	8.469387e-04	4.084655e-06	2.120364e-07	1.719580e-13	-2.521294e-09	9.679665e-14
313	1.682114e-01	8.392519e-04	3.865340e-06	2.033892e-07	1.440837e-13	-2.782220e-09	1.084502e-13
314	1.683563e-01	8.434088e-04	4.492559e-06	1.712530e-07	1.429076e-13	-1.311498e-09	4.627095e-14
315	1.683763e-01	8.891081e-04	3.825829e-06	1.907357e-07	1.406250e-13	-2.376908e-09	8.229201e-14
316	1.680875e-01	8.405637e-04	4.960839e-06	2.474265e-07	1.374757e-13	-4.558521e-09	2.371588e-13
317	1.683074e-01	8.422999e-04	5.072380e-06	2.730795e-07	1.575182e-13	-5.251355e-09	2.801481e-13
318	1.682563e-01	8.428670e-04	4.849100e-06	2.311372e-07	1.426368e-13	-4.112129e-09	1.988296e-13
319	1.683248e-01	8.444978e-04	5.949919e-06	2.968148e-07	2.872915e-13	-4.556969e-09	2.702751e-13
320	1.682342e-01	8.437856e-04	5.061706e-06	2.575663e-07	2.254134e-13	-3.791698e-09	1.888875e-13
321	1.682623e-01	8.405528e-04	5.300857e-06	2.610303e-07	1.928555e-13	-4.367990e-09	2.389279e-13
322	1.682890e-01	8.397338e-04	5.499001e-06	2.870000e-07	1.879297e-13	-5.298370e-09	3.076985e-13
323	1.682912e-01	8.391791e-04	4.753440e-06	2.494749e-07	2.502310e-13	-2.435423e-09	1.057825e-13
324	1.682949e-01	8.436092e-04	5.445864e-06	2.559885e-07	2.230540e-13	-3.879726e-09	2.039635e-13
325	1.682516e-01	8.366148e-04	4.503224e-06	2.282775e-07	1.358759e-13	-3.912359e-09	1.873677e-13
326	1.682702e-01	8.397880e-04	4.576010e-06	1.941970e-07	1.305035e-13	-2.798870e-09	1.283819e-13
327	1.682654e-01	8.340435e-04	4.093329e-06	2.072739e-07	1.546726e-13	-2.610961e-09	1.119262e-13
328	1.683437e-01	8.407832e-04	4.301955e-06	2.230824e-07	1.607925e-13	-3.139024e-09	1.480050e-13
329	1.683332e-01	8.329435e-04	3.567158e-06	1.906455e-07	1.059398e-13	-2.795513e-09	1.161642e-13
330	1.683523e-01	8.362057e-04	3.593604e-06	1.978374e-07	1.210656e-13	-2.645352e-09	1.147581e-13
331	1.683991e-01	8.361626e-04	2.937267e-06	1.652844e-07	1.103193e-13	-1.182415e-09	3.305375e-14
332	1.685280e-01	8.384652e-04	3.064438e-06	1.828872e-07	7.587377e-14	-2.965352e-09	1.139686e-13
333	1.681679e-01	8.279189e-04	1.593178e-06	1.069180e-07	3.209990e-14	-1.280488e-09	3.027916e-14
334	1.686235e-01	8.367269e-04	2.068560e-06	8.150560e-08	4.254243e-15	-1.816171e-09	3.319539e-14
335	1.685752e-01	8.367176e-04	1.671763e-06	1.016919e-07	3.799560e-14	-7.879706e-10	1.773127e-14
336	1.685944e-01	8.324515e-04	1.293046e-06	8.295347e-08	2.448227e-14	-6.441233e-10	1.177806e-14
337	1.686498e-01	8.411001e-04	8.320066e-07	6.073707e-08	8.770325e-15	-8.110889e-10	1.046420e-14
338	1.687504e-01	8.433269e-04	6.353113e-07	3.892034e-08	3.489766e-15	-5.814546e-10	5.027635e-15
339	1.687468e-01	8.318513e-04	4.870670e-07	3.697974e-08	4.326544e-15	-3.239494e-10	2.431443e-15
340	1.687263e-01	8.304229e-04	2.645491e-07	1.891955e-08	8.853121e-16	-2.321617e-10	1.003899e-15
341	1.688622e-01	8.375196e-04	8.254538e-08	6.592306e-09	1.529441e-16	1.672588e-11	-1.602078e-17
342	1.689697e-01	8.447170e-04	1.458896e-08	4.142214e-09	-2.370786e-17	1.119122e-10	-2.178995e-17
343	1.689682e-01	8.435900e-04	4.062093e-08	3.488997e-09	-4.002094e-17	-1.009137e-10	1.111633e-17
344	1.689753e-01	8.405385e-04	9.967050e-09	1.695709e-09	6.967666e-18	6.701300e-12	-2.233186e-19
345	1.690681e-01	8.479833e-04	1.085970e-09	7.900312e-11	1.920066e-20	1.310026e-12	1.291603e-20
346	1.691091e-01	8.678955e-04	0.000000e+00	0.000000e+00	0.000000e+00	-0.000000e+00	0.000000e+00
347	1.689939e-01	8.437176e-04	9.720335e-09	3.240308e-10	-5.688917e-19	-9.377633e-12	8.406473e-20
348	1.690384e-01	8.438050e-04	9.434564e-10	1.477541e-10	1.695745e-20	-1.521932e-12	-5.249488e-20
349	1.690611e-01	8.438213e-04	1.922191e-08	1.602265e-09	-3.157358e-18	-3.851260e-11	-8.312574e-18
350	1.690461e-01	8.383219e-04	5.166261e-09	4.670156e-10	-7.238770e-19	1.348651e-11	-4.717997e-20
351	1.690541e-01	8.429844e-04	6.193987e-09	4.807076e-10	-8.042842e-19	1.306296e-11	-2.028954e-19
352	1.690978e-01	8.450449e-04	2.512307e-08	1.359241e-09	-7.757433e-18	-3.702230e-11	1.706612e-18
353	1.689205e-01	8.426910e-04	2.483489e-08	2.582687e-09	-5.120075e-18	-6.457996e-11	2.004049e-17
354	1.690310e-01	8.466454e-04	2.320689e-08	6.430576e-10	2.171084e-18	-9.605954e-12	-1.207290e-18
355	1.690150e-01	8.509389e-04	1.991045e-08	1.307897e-09	3.259064e-18	-1.667292e-11	-5.824412e-18
356	1.690591e-01	8.444717e-04	2.075824e-09	2.192704e-10	1.109850e-19	2.867576e-12	-9.780862e-20
357	1.690020e-01	8.438191e-04	5.573346e-08	5.652181e-09	4.938631e-17	-7.972992e-11	-8.732034e-17
358	1.690619e-01	8.480282e-04	2.880861e-07	2.812152e-08	-8.202989e-16	-6.391244e-10	-2.394550e-15
359	1.691020e-01	8.449804e-04	3.956853e-07	4.354728e-08	4.993474e-15	-2.520020e-10	-2.782360e-15
