0.00	+1.656e-01	+0.000e+00	+0.000e+00	+0.000e+00	+0.000e+00	+0.000e+00	+0.000e+00
1.00	+1.656e-01	+3.575e-07	+1.554e-07	+8.544e-09	+3.114e-16	-5.109e-12	+3.151e-29
2.00	+1.657e-01	+0.000e+00	+0.000e+00	+0.000e+00	+0.000e+00	+0.000e+00	+0.000e+00
3.00	+1.659e-01	+3.183e-08	+3.512e-06	+3.786e-07	+4.243e-13	-5.654e-11	-1.031e-13
4.00	+1.658e-01	+2.532e-07	+4.596e-08	+1.033e-08	-1.615e-16	+1.970e-12	+1.569e-16
5.00	+1.657e-01	+2.718e-07	+2.432e-07	+4.064e-08	+3.936e-15	-1.304e-11	-9.162e-16
6.00	+1.661e-01	+7.583e-07	+1.436e-07	+2.568e-08	+7.897e-17	+1.773e-11	+1.557e-15
7.00	+1.657e-01	+9.590e-07	+6.481e-08	+3.095e-09	-4.226e-17	-1.903e-12	+1.166e-17
8.00	+1.660e-01	+4.954e-07	+5.717e-07	+2.188e-08	+2.237e-15	+1.461e-11	+9.917e-16
9.00	+1.660e-01	+2.857e-07	+2.056e-07	+1.028e-08	+4.187e-16	+2.587e-12	-2.197e-16
10.00	+1.660e-01	+1.205e-08	+9.283e-08	+3.494e-09	-5.790e-18	-2.679e-13	-6.267e-17
11.00	+1.658e-01	+5.289e-07	+9.519e-08	+5.360e-09	-9.942e-17	-6.774e-13	+6.909e-17
12.00	+1.657e-01	+7.852e-07	+1.266e-07	+3.422e-09	+1.789e-17	-9.658e-13	+6.895e-17
13.00	+1.658e-01	+4.844e-08	+4.649e-08	+1.445e-09	-1.124e-17	+3.166e-13	+3.725e-18
14.00	+1.660e-01	+9.208e-09	+3.089e-08	+1.864e-09	-1.412e-17	-3.654e-14	+7.789e-19
15.00	+1.657e-01	+4.002e-07	+1.347e-07	+2.199e-08	-6.448e-16	+7.521e-12	-1.008e-15
16.00	+1.660e-01	+4.737e-07	+4.209e-07	+1.957e-08	-5.132e-16	+8.390e-12	+1.700e-15
17.00	+1.660e-01	+8.047e-08	+2.897e-07	+2.048e-08	-1.578e-15	-2.818e-12	+1.757e-17
18.00	+1.659e-01	+4.086e-06	+8.877e-07	+4.335e-09	-7.334e-17	+2.729e-12	+2.587e-16
19.00	+1.662e-01	+3.678e-07	+8.021e-07	+3.435e-08	-5.633e-15	+2.927e-12	-8.841e-16
20.00	+1.661e-01	+4.858e-07	+7.784e-08	+5.117e-09	+5.956e-17	+3.399e-12	+8.295e-17
21.00	+1.658e-01	+4.062e-07	+2.459e-07	+4.506e-09	+7.781e-17	-1.316e-12	+1.283e-16
22.00	+1.659e-01	+9.695e-07	+3.646e-09	+5.036e-09	-1.213e-17	-4.506e-12	-1.784e-17
23.00	+1.656e-01	+2.990e-07	+2.643e-09	+8.947e-09	-2.815e-17	+9.382e-13	+3.317e-17
24.00	+1.660e-01	+1.576e-07	+1.075e-07	+8.602e-09	+1.469e-16	-2.842e-12	+2.165e-16
25.00	+1.659e-01	+1.921e-07	+5.518e-08	+1.043e-08	+2.005e-16	-4.538e-12	-1.500e-16
26.00	+1.658e-01	+7.804e-06	+1.422e-06	+4.872e-09	+8.749e-17	-1.350e-11	-3.959e-16
27.00	+1.659e-01	+8.604e-06	+4.595e-07	+8.056e-09	-4.311e-16	-1.552e-11	-2.332e-16
28.00	+1.659e-01	+2.499e-09	+2.491e-07	+8.510e-09	+3.036e-16	-4.114e-13	+2.476e-16
29.00	+1.662e-01	+4.067e-07	+2.144e-07	+8.463e-09	+3.301e-16	+5.135e-12	-1.450e-16
30.00	+1.658e-01	+1.645e-07	+1.743e-07	+2.587e-10	+1.718e-18	+7.139e-14	-2.528e-19
31.00	+1.658e-01	+2.144e-07	+1.501e-07	+1.131e-08	-4.629e-16	-2.315e-13	+5.372e-17
32.00	+1.661e-01	+4.455e-08	+5.286e-08	+2.931e-09	-2.881e-17	-2.628e-13	-2.239e-17
33.00	+1.659e-01	+1.740e-06	+2.093e-07	+2.165e-08	+2.673e-16	+1.423e-11	-1.433e-15
34.00	+1.659e-01	+2.569e-06	+4.166e-07	+3.712e-10	+3.875e-18	+5.875e-13	+2.507e-18
35.00	+1.660e-01	+3.024e-07	+2.679e-07	+1.717e-08	+8.409e-17	+7.688e-12	-1.162e-15
36.00	+1.660e-01	+5.010e-07	+2.317e-08	+2.920e-09	+1.649e-17	-1.151e-12	-1.746e-17
37.00	+1.658e-01	+6.413e-07	+9.386e-08	+1.593e-09	+7.489e-18	+1.708e-13	+1.799e-17
38.00	+1.661e-01	+1.904e-07	+2.399e-07	+1.112e-08	-3.884e-16	+4.283e-12	+4.232e-16
39.00	+1.658e-01	+0.000e+00	+0.000e+00	+0.000e+00	+0.000e+00	+0.000e+00	+0.000e+00
40.00	+1.659e-01	+2.937e-07	+1.206e-07	+1.606e-09	+2.134e-17	+5.899e-13	+6.672e-18
41.00	+1.659e-01	+2.943e-07	+5.677e-07	+4.491e-08	-1.298e-15	-1.823e-11	+7.053e-15
42.00	+1.657e-01	+3.997e-07	+4.251e-07	+3.596e-08	-3.884e-15	-6.497e-12	-2.166e-15
43.00	+1.661e-01	+2.561e-06	+7.898e-07	+5.662e-08	-9.041e-15	-5.437e-11	+7.851e-15
44.00	+1.662e-01	+1.704e-06	+8.121e-07	+3.910e-08	-3.517e-15	+2.798e-11	-6.016e-15
45.00	+1.657e-01	+1.007e-07	+2.123e-07	+6.601e-09	+2.471e-16	-2.095e-12	-3.724e-31
46.00	+1.662e-01	+1.704e-06	+8.121e-07	+3.910e-08	-3.517e-15	+2.798e-11	+6.016e-15
47.00	+1.661e-01	+2.561e-06	+7.898e-07	+5.662e-08	-9.041e-15	-5.437e-11	-7.851e-15
48.00	+1.657e-01	+3.997e-07	+4.251e-07	+3.596e-08	-3.884e-15	-6.497e-12	+2.166e-15
49.00	+1.659e-01	+2.943e-07	+5.677e-07	+4.491e-08	-1.298e-15	-1.823e-11	-7.053e-15
50.00	+1.659e-01	+2.937e-07	+1.206e-07	+1.606e-09	+2.134e-17	+5.899e-13	-6.672e-18
51.00	+1.658e-01	+0.000e+00	+0.000e+00	+0.000e+00	+0.000e+00	+0.000e+00	+0.000e+00
52.00	+1.661e-01	+1.904e-07	+2.399e-07	+1.112e-08	-3.884e-16	+4.283e-12	-4.232e-16
53.00	+1.658e-01	+6.413e-07	+9.386e-08	+1.593e-09	+7.489e-18	+1.708e-13	-1.799e-17
54.00	+1.660e-01	+5.010e-07	+2.317e-08	+2.920e-09	+1.649e-17	-1.151e-12	+1.746e-17
55.00	+1.660e-01	+3.024e-07	+2.679e-07	+1.717e-08	+8.409e-17	+7.688e-12	+1.162e-15
56.00	+1.659e-01	+2.569e-06	+4.166e-07	+3.712e-10	+3.875e-18	+5.875e-13	-2.507e-18
57.00	+1.659e-01	+1.740e-06	+2.093e-07	+2.165e-08	+2.673e-16	+1.423e-11	+1.433e-15
58.00	+1.661e-01	+4.455e-08	+5.286e-08	+2.931e-09	-2.881e-17	-2.628e-13	+2.239e-17
59.00	+1.658e-01	+2.144e-07	+1.501e-07	+1.131e-08	-4.629e-16	-2.315e-13	-5.372e-17
60.00	+1.658e-01	+1.645e-07	+1.743e-07	+2.587e-10	+1.718e-18	+7.139e-14	+2.528e-19
61.00	+1.662e-01	+4.067e-07	+2.144e-07	+8.463e-09	+3.301e-16	+5.135e-12	+1.450e-16
62.00	+1.659e-01	+2.499e-09	+2.491e-07	+8.510e-09	+3.036e-16	-4.114e-13	-2.476e-16
63.00	+1.659e-01	+8.604e-06	+4.595e-07	+8.056e-09	-4.311e-16	-1.552e-11	+2.332e-16
64.00	+1.658e-01	+7.804e-06	+1.422e-06	+4.872e-09	+8.749e-17	-1.350e-11	+3.959e-16
65.00	+1.659e-01	+1.921e-07	+5.518e-08	+1.043e-08	+2.005e-16	-4.538e-12	+1.500e-16
66.00	+1.660e-01	+1.576e-07	+1.075e-07	+8.602e-09	+1.469e-16	-2.842e-12	-2.165e-16
67.00	+1.656e-01	+2.990e-07	+2.643e-09	+8.947e-09	-2.815e-17	+9.382e-13	-3.317e-17
68.00	+1.659e-01	+9.695e-07	+3.646e-09	+5.036e-09	-1.213e-17	-4.506e-12	+1.784e-17
69.00	+1.658e-01	+4.062e-07	+2.459e-07	+4.506e-09	+7.781e-17	-1.316e-12	-1.283e-16
70.00	+1.661e-01	+4.858e-07	+7.784e-08	+5.117e-09	+5.956e-17	+3.399e-12	-8.295e-17
71.00	+1.662e-01	+3.678e-07	+8.021e-07	+3.435e-08	-5.633e-15	+2.927e-12	+8.841e-16
72.00	+1.659e-01	+4.086e-06	+8.877e-07	+4.335e-09	-7.334e-17	+2.729e-12	-2.587e-16
73.00	+1.660e-01	+8.047e-08	+2.897e-07	+2.048e-08	-1.578e-15	-2.818e-12	-1.757e-17
74.00	+1.660e-01	+4.737e-07	+4.209e-07	+1.957e-08	-5.132e-16	+8.390e-12	-1.700e-15
75.00	+1.657e-01	+4.002e-07	+1.347e-07	+2.199e-08	-6.448e-16	+7.521e-12	+1.008e-15
76.00	+1.660e-01	+9.208e-09	+3.089e-08	+1.864e-09	-1.412e-17	-3.654e-14	-7.789e-19
77.00	+1.658e-01	+4.844e-08	+4.649e-08	+1.445e-09	-1.124e-17	+3.166e-13	-3.725e-18
78.00	+1.657e-01	+7.852e-07	+1.266e-07	+3.422e-09	+1.789e-17	-9.658e-13	-6.895e-17
79.00	+1.658e-01	+5.289e-07	+9.519e-08	+5.360e-09	-9.942e-17	-6.774e-13	-6.909e-17
80.00	+1.660e-01	+1.205e-08	+9.283e-08	+3.494e-09	-5.790e-18	-2.679e-13	+6.267e-17
81.00	+1.660e-01	+2.857e-07	+2.056e-07	+1.028e-08	+4.187e-16	+2.587e-12	+2.197e-16
82.00	+1.660e-01	+4.954e-07	+5.717e-07	+2.188e-08	+2.237e-15	+1.461e-11	-9.917e-16
83.00	+1.657e-01	+9.590e-07	+6.481e-08	+3.095e-09	-4.226e-17	-1.903e-12	-1.166e-17
84.00	+1.661e-01	+7.583e-07	+1.436e-07	+2.568e-08	+7.897e-17	+1.773e-11	-1.557e-15
85.00	+1.657e-01	+2.718e-07	+2.432e-07	+4.064e-08	+3.936e-15	-1.304e-11	+9.162e-16
86.00	+1.658e-01	+2.532e-07	+4.596e-08	+1.033e-08	-1.615e-16	+1.970e-12	-1.569e-16
87.00	+1.659e-01	+3.183e-08	+3.512e-06	+3.786e-07	+4.243e-13	-5.654e-11	+1.031e-13
88.00	+1.657e-01	+0.000e+00	+0.000e+00	+0.000e+00	+0.000e+00	+0.000e+00	+0.000e+00
89.00	+1.656e-01	+3.575e-07	+1.554e-07	+8.544e-09	+3.114e-16	-5.109e-12	-4.142e-29
90.00	+1.656e-01	+0.000e+00	+0.000e+00	+0.000e+00	+0.000e+00	+0.000e+00	+0.000e+00
91.00	+1.656e-01	+3.575e-07	+1.554e-07	+8.544e-09	+3.114e-16	-5.109e-12	-3.106e-30
92.00	+1.657e-01	+0.000e+00	+0.000e+00	+0.000e+00	+0.000e+00	+0.000e+00	+0.000e+00
93.00	+1.659e-01	+3.183e-08	+3.512e-06	+3.786e-07	+4.243e-13	-5.654e-11	-1.031e-13
94.00	+1.658e-01	+2.532e-07	+4.596e-08	+1.033e-08	-1.615e-16	+1.970e-12	+1.569e-16
95.00	+1.658e-01	+9.836e-08	+8.118e-07	+9.870e-08	+2.749e-14	+2.316e-11	-4.981e-15
96.00	+1.661e-01	+7.583e-07	+1.436e-07	+2.568e-08	+7.897e-17	+1.773e-11	+1.557e-15
97.00	+1.657e-01	+9.590e-07	+6.481e-08	+3.095e-09	-4.226e-17	-1.903e-12	+1.166e-17
98.00	+1.660e-01	+1.105e-06	+4.596e-07	+2.723e-08	+2.131e-15	+2.853e-11	+2.176e-15
99.00	+1.660e-01	+2.857e-07	+2.056e-07	+1.028e-08	+4.187e-16	+2.587e-12	-2.197e-16
100.00	+1.660e-01	+1.205e-08	+9.283e-08	+3.494e-09	-5.790e-18	-2.679e-13	-6.267e-17
101.00	+1.658e-01	+5.289e-07	+9.519e-08	+5.360e-09	-9.942e-17	-6.774e-13	+6.909e-17
102.00	+1.657e-01	+7.852e-07	+1.266e-07	+3.422e-09	+1.789e-17	-9.658e-13	+6.895e-17
103.00	+1.658e-01	+4.844e-08	+4.649e-08	+1.445e-09	-1.124e-17	+3.166e-13	+3.725e-18
104.00	+1.660e-01	+9.208e-09	+3.089e-08	+1.864e-09	-1.412e-17	-3.654e-14	+7.789e-19
105.00	+1.657e-01	+4.002e-07	+1.347e-07	+2.199e-08	-6.448e-16	+7.521e-12	-1.008e-15
106.00	+1.660e-01	+4.737e-07	+4.209e-07	+1.957e-08	-5.132e-16	+8.390e-12	+1.700e-15
107.00	+1.660e-01	+8.047e-08	+2.897e-07	+2.048e-08	-1.578e-15	-2.818e-12	+1.757e-17
108.00	+1.659e-01	+4.086e-06	+8.877e-07	+4.335e-09	-7.334e-17	+2.729e-12	+2.587e-16
109.00	+1.662e-01	+3.678e-07	+8.021e-07	+3.435e-08	-5.633e-15	+2.927e-12	-8.841e-16
110.00	+1.661e-01	+4.858e-07	+7.784e-08	+5.117e-09	+5.956e-17	+3.399e-12	+8.295e-17
111.00	+1.658e-01	+4.062e-07	+2.459e-07	+4.506e-09	+7.781e-17	-1.316e-12	+1.283e-16
112.00	+1.659e-01	+9.695e-07	+3.646e-09	+5.036e-09	-1.213e-17	-4.506e-12	-1.784e-17
113.00	+1.656e-01	+2.990e-07	+2.643e-09	+8.947e-09	-2.815e-17	+9.382e-13	+3.317e-17
114.00	+1.660e-01	+1.576e-07	+1.075e-07	+8.602e-09	+1.469e-16	-2.842e-12	+2.165e-16
115.00	+1.659e-01	+1.921e-07	+5.518e-08	+1.043e-08	+2.005e-16	-4.538e-12	-1.500e-16
116.00	+1.658e-01	+7.804e-06	+1.422e-06	+4.872e-09	+8.749e-17	-1.350e-11	-3.959e-16
117.00	+1.660e-01	+8.632e-06	+8.362e-07	+7.793e-09	-2.541e-16	-3.387e-12	-5.755e-16
118.00	+1.659e-01	+2.499e-09	+2.491e-07	+8.510e-09	+3.036e-16	-4.114e-13	+2.476e-16
119.00	+1.662e-01	+4.067e-07	+2.144e-07	+8.463e-09	+3.301e-16	+5.135e-12	-1.450e-16
120.00	+1.658e-01	+1.645e-07	+1.743e-07	+2.587e-10	+1.718e-18	+7.139e-14	-2.528e-19
121.00	+1.658e-01	+2.144e-07	+1.501e-07	+1.131e-08	-4.629e-16	-2.315e-13	+5.372e-17
122.00	+1.661e-01	+4.455e-08	+5.286e-08	+2.931e-09	-2.881e-17	-2.628e-13	-2.239e-17
123.00	+1.659e-01	+1.740e-06	+2.093e-07	+2.165e-08	+2.673e-16	+1.423e-11	-1.433e-15
124.00	+1.659e-01	+2.569e-06	+4.166e-07	+3.712e-10	+3.875e-18	+5.875e-13	+2.507e-18
125.00	+1.660e-01	+3.024e-07	+2.679e-07	+1.717e-08	+8.409e-17	+7.688e-12	-1.162e-15
126.00	+1.660e-01	+5.010e-07	+2.317e-08	+2.920e-09	+1.649e-17	-1.151e-12	-1.746e-17
127.00	+1.658e-01	+6.413e-07	+9.386e-08	+1.593e-09	+7.489e-18	+1.708e-13	+1.799e-17
128.00	+1.661e-01	+1.904e-07	+2.399e-07	+1.112e-08	-3.884e-16	+4.283e-12	+4.232e-16
129.00	+1.658e-01	+1.964e-07	+6.329e-08	+7.016e-11	-1.478e-19	-3.109e-14	-2.832e-31
130.00	+1.659e-01	+2.937e-07	+1.206e-07	+1.606e-09	+2.134e-17	+5.899e-13	+6.672e-18
131.00	+1.659e-01	+2.943e-07	+5.677e-07	+4.491e-08	-1.298e-15	-1.823e-11	+7.053e-15
132.00	+1.657e-01	+3.997e-07	+4.251e-07	+3.596e-08	-3.884e-15	-6.497e-12	-2.166e-15
133.00	+1.661e-01	+2.561e-06	+7.898e-07	+5.662e-08	-9.041e-15	-5.437e-11	+7.851e-15
134.00	+1.662e-01	+1.704e-06	+8.121e-07	+3.910e-08	-3.517e-15	+2.798e-11	-6.016e-15
135.00	+1.657e-01	+1.007e-07	+2.123e-07	+6.601e-09	+2.471e-16	-2.095e-12	-3.972e-29
136.00	+1.662e-01	+1.704e-06	+8.121e-07	+3.910e-08	-3.517e-15	+2.798e-11	+6.016e-15
137.00	+1.661e-01	+2.561e-06	+7.898e-07	+5.662e-08	-9.041e-15	-5.437e-11	-7.851e-15
138.00	+1.657e-01	+3.997e-07	+4.251e-07	+3.596e-08	-3.884e-15	-6.497e-12	+2.166e-15
139.00	+1.659e-01	+2.943e-07	+5.677e-07	+4.491e-08	-1.298e-15	-1.823e-11	-7.053e-15
140.00	+1.659e-01	+2.937e-07	+1.206e-07	+1.606e-09	+2.134e-17	+5.899e-13	-6.672e-18
141.00	+1.658e-01	+0.000e+00	+0.000e+00	+0.000e+00	+0.000e+00	+0.000e+00	+0.000e+00
142.00	+1.661e-01	+1.904e-07	+2.399e-07	+1.112e-08	-3.884e-16	+4.283e-12	-4.232e-16
143.00	+1.658e-01	+6.413e-07	+9.386e-08	+1.593e-09	+7.489e-18	+1.708e-13	-1.799e-17
144.00	+1.660e-01	+5.010e-07	+2.317e-08	+2.920e-09	+1.649e-17	-1.151e-12	+1.746e-17
145.00	+1.660e-01	+3.024e-07	+2.679e-07	+1.717e-08	+8.409e-17	+7.688e-12	+1.162e-15
146.00	+1.659e-01	+2.569e-06	+4.166e-07	+3.712e-10	+3.875e-18	+5.875e-13	-2.507e-18
147.00	+1.659e-01	+1.740e-06	+2.093e-07	+2.165e-08	+2.673e-16	+1.423e-11	+1.433e-15
148.00	+1.661e-01	+4.455e-08	+5.286e-08	+2.931e-09	-2.881e-17	-2.628e-13	+2.239e-17
149.00	+1.658e-01	+2.144e-07	+1.501e-07	+1.131e-08	-4.629e-16	-2.315e-13	-5.372e-17
150.00	+1.658e-01	+1.645e-07	+1.743e-07	+2.587e-10	+1.718e-18	+7.139e-14	+2.528e-19
151.00	+1.662e-01	+4.067e-07	+2.144e-07	+8.463e-09	+3.301e-16	+5.135e-12	+1.450e-16
152.00	+1.659e-01	+2.499e-09	+2.491e-07	+8.510e-09	+3.036e-16	-4.114e-13	-2.476e-16
153.00	+1.660e-01	+8.632e-06	+8.362e-07	+7.793e-09	-2.541e-16	-3.387e-12	+5.755e-16
154.00	+1.658e-01	+7.804e-06	+1.422e-06	+4.872e-09	+8.749e-17	-1.350e-11	+3.959e-16
155.00	+1.659e-01	+1.921e-07	+5.518e-08	+1.043e-08	+2.005e-16	-4.538e-12	+1.500e-16
156.00	+1.660e-01	+1.576e-07	+1.075e-07	+8.602e-09	+1.469e-16	-2.842e-12	-2.165e-16
157.00	+1.656e-01	+2.990e-07	+2.643e-09	+8.947e-09	-2.815e-17	+9.382e-13	-3.317e-17
158.00	+1.659e-01	+9.695e-07	+3.646e-09	+5.036e-09	-1.213e-17	-4.506e-12	+1.784e-17
159.00	+1.658e-01	+4.062e-07	+2.459e-07	+4.506e-09	+7.781e-17	-1.316e-12	-1.283e-16
160.00	+1.661e-01	+4.858e-07	+7.784e-08	+5.117e-09	+5.956e-17	+3.399e-12	-8.295e-17
161.00	+1.662e-01	+3.678e-07	+8.021e-07	+3.435e-08	-5.633e-15	+2.927e-12	+8.841e-16
162.00	+1.659e-01	+4.086e-06	+8.877e-07	+4.335e-09	-7.334e-17	+2.729e-12	-2.587e-16
163.00	+1.660e-01	+8.047e-08	+2.897e-07	+2.048e-08	-1.578e-15	-2.818e-12	-1.757e-17
164.00	+1.660e-01	+4.737e-07	+4.209e-07	+1.957e-08	-5.132e-16	+8.390e-12	-1.700e-15
165.00	+1.657e-01	+4.002e-07	+1.347e-07	+2.199e-08	-6.448e-16	+7.521e-12	+1.008e-15
166.00	+1.660e-01	+9.208e-09	+3.089e-08	+1.864e-09	-1.412e-17	-3.654e-14	-7.789e-19
167.00	+1.658e-01	+4.844e-08	+4.649e-08	+1.445e-09	-1.124e-17	+3.166e-13	-3.725e-18
168.00	+1.657e-01	+7.852e-07	+1.266e-07	+3.422e-09	+1.789e-17	-9.658e-13	-6.895e-17
169.00	+1.658e-01	+5.289e-07	+9.519e-08	+5.360e-09	-9.942e-17	-6.774e-13	-6.909e-17
170.00	+1.660e-01	+1.205e-08	+9.283e-08	+3.494e-09	-5.790e-18	-2.679e-13	+6.267e-17
171.00	+1.660e-01	+2.857e-07	+2.056e-07	+1.028e-08	+4.187e-16	+2.587e-12	+2.197e-16
172.00	+1.660e-01	+4.954e-07	+5.717e-07	+2.188e-08	+2.237e-15	+1.461e-11	-9.917e-16
173.00	+1.657e-01	+9.590e-07	+6.481e-08	+3.095e-09	-4.226e-17	-1.903e-12	-1.166e-17
174.00	+1.661e-01	+7.583e-07	+1.436e-07	+2.568e-08	+7.897e-17	+1.773e-11	-1.557e-15
175.00	+1.658e-01	+9.836e-08	+8.118e-07	+9.870e-08	+2.749e-14	+2.316e-11	+4.981e-15
176.00	+1.658e-01	+2.532e-07	+4.596e-08	+1.033e-08	-1.615e-16	+1.970e-12	-1.569e-16
177.00	+1.659e-01	+3.183e-08	+3.512e-06	+3.786e-07	+4.243e-13	-5.654e-11	+1.031e-13
178.00	+1.657e-01	+0.000e+00	+0.000e+00	+0.000e+00	+0.000e+00	+0.000e+00	+0.000e+00
179.00	+1.656e-01	+3.575e-07	+1.554e-07	+8.544e-09	+3.114e-16	-5.109e-12	-1.161e-28
180.00	+1.656e-01	+0.000e+00	+0.000e+00	+0.000e+00	+0.000e+00	+0.000e+00	+0.000e+00
181.00	+1.656e-01	+3.575e-07	+1.554e-07	+8.544e-09	+3.114e-16	-5.109e-12	+9.512e-29
182.00	+1.657e-01	+0.000e+00	+0.000e+00	+0.000e+00	+0.000e+00	+0.000e+00	+0.000e+00
183.00	+1.659e-01	+3.183e-08	+3.512e-06	+3.786e-07	+4.243e-13	-5.654e-11	-1.031e-13
184.00	+1.658e-01	+2.532e-07	+4.596e-08	+1.033e-08	-1.615e-16	+1.970e-12	+1.569e-16
185.00	+1.658e-01	+9.836e-08	+8.118e-07	+9.870e-08	+2.749e-14	+2.316e-11	-4.981e-15
186.00	+1.661e-01	+7.583e-07	+1.436e-07	+2.568e-08	+7.897e-17	+1.773e-11	+1.557e-15
187.00	+1.657e-01	+9.590e-07	+6.481e-08	+3.095e-09	-4.226e-17	-1.903e-12	+1.166e-17
188.00	+1.660e-01	+1.105e-06	+4.596e-07	+2.723e-08	+2.131e-15	+2.853e-11	+2.176e-15
189.00	+1.660e-01	+2.857e-07	+2.056e-07	+1.028e-08	+4.187e-16	+2.587e-12	-2.197e-16
190.00	+1.660e-01	+1.205e-08	+9.283e-08	+3.494e-09	-5.790e-18	-2.679e-13	-6.267e-17
191.00	+1.658e-01	+5.289e-07	+9.519e-08	+5.360e-09	-9.942e-17	-6.774e-13	+6.909e-17
192.00	+1.657e-01	+7.852e-07	+1.266e-07	+3.422e-09	+1.789e-17	-9.658e-13	+6.895e-17
193.00	+1.658e-01	+4.844e-08	+4.649e-08	+1.445e-09	-1.124e-17	+3.166e-13	+3.725e-18
194.00	+1.660e-01	+9.208e-09	+3.089e-08	+1.864e-09	-1.412e-17	-3.654e-14	+7.789e-19
195.00	+1.657e-01	+4.002e-07	+1.347e-07	+2.199e-08	-6.448e-16	+7.521e-12	-1.008e-15
196.00	+1.660e-01	+4.737e-07	+4.209e-07	+1.957e-08	-5.132e-16	+8.390e-12	+1.700e-15
197.00	+1.660e-01	+8.047e-08	+2.897e-07	+2.048e-08	-1.578e-15	-2.818e-12	+1.757e-17
198.00	+1.659e-01	+4.086e-06	+8.877e-07	+4.335e-09	-7.334e-17	+2.729e-12	+2.587e-16
199.00	+1.662e-01	+3.678e-07	+8.021e-07	+3.435e-08	-5.633e-15	+2.927e-12	-8.841e-16
200.00	+1.661e-01	+4.858e-07	+7.784e-08	+5.117e-09	+5.956e-17	+3.399e-12	+8.295e-17
201.00	+1.658e-01	+4.062e-07	+2.459e-07	+4.506e-09	+7.781e-17	-1.316e-12	+1.283e-16
202.00	+1.659e-01	+9.695e-07	+3.646e-09	+5.036e-09	-1.213e-17	-4.506e-12	-1.784e-17
203.00	+1.656e-01	+2.990e-07	+2.643e-09	+8.947e-09	-2.815e-17	+9.382e-13	+3.317e-17
204.00	+1.660e-01	+1.576e-07	+1.075e-07	+8.602e-09	+1.469e-16	-2.842e-12	+2.165e-16
205.00	+1.659e-01	+1.921e-07	+5.518e-08	+1.043e-08	+2.005e-16	-4.538e-12	-1.500e-16
206.00	+1.658e-01	+7.804e-06	+1.422e-06	+4.872e-09	+8.749e-17	-1.350e-11	-3.959e-16
207.00	+1.660e-01	+8.632e-06	+8.362e-07	+7.793e-09	-2.541e-16	-3.387e-12	-5.755e-16
208.00	+1.659e-01	+2.499e-09	+2.491e-07	+8.510e-09	+3.036e-16	-4.114e-13	+2.476e-16
209.00	+1.662e-01	+4.067e-07	+2.144e-07	+8.463e-09	+3.301e-16	+5.135e-12	-1.450e-16
210.00	+1.658e-01	+1.645e-07	+1.743e-07	+2.587e-10	+1.718e-18	+7.139e-14	-2.528e-19
211.00	+1.658e-01	+2.144e-07	+1.501e-07	+1.131e-08	-4.629e-16	-2.315e-13	+5.372e-17
212.00	+1.661e-01	+4.455e-08	+5.286e-08	+2.931e-09	-2.881e-17	-2.628e-13	-2.239e-17
213.00	+1.659e-01	+1.740e-06	+2.093e-07	+2.165e-08	+2.673e-16	+1.423e-11	-1.433e-15
214.00	+1.659e-01	+2.569e-06	+4.166e-07	+3.712e-10	+3.875e-18	+5.875e-13	+2.507e-18
215.00	+1.660e-01	+3.024e-07	+2.679e-07	+1.717e-08	+8.409e-17	+7.688e-12	-1.162e-15
216.00	+1.660e-01	+5.010e-07	+2.317e-08	+2.920e-09	+1.649e-17	-1.151e-12	-1.746e-17
217.00	+1.658e-01	+6.413e-07	+9.386e-08	+1.593e-09	+7.489e-18	+1.708e-13	+1.799e-17
218.00	+1.661e-01	+1.904e-07	+2.399e-07	+1.112e-08	-3.884e-16	+4.283e-12	+4.232e-16
219.00	+1.658e-01	+1.964e-07	+6.329e-08	+7.016e-11	-1.478e-19	-3.109e-14	+1.186e-31
220.00	+1.659e-01	+2.937e-07	+1.206e-07	+1.606e-09	+2.134e-17	+5.899e-13	+6.672e-18
221.00	+1.659e-01	+2.943e-07	+5.677e-07	+4.491e-08	-1.298e-15	-1.823e-11	+7.053e-15
222.00	+1.657e-01	+3.997e-07	+4.251e-07	+3.596e-08	-3.884e-15	-6.497e-12	-2.166e-15
223.00	+1.661e-01	+2.561e-06	+7.898e-07	+5.662e-08	-9.041e-15	-5.437e-11	+7.851e-15
224.00	+1.662e-01	+1.704e-06	+8.121e-07	+3.910e-08	-3.517e-15	+2.798e-11	-6.016e-15
225.00	+1.657e-01	+1.007e-07	+2.123e-07	+6.601e-09	+2.471e-16	-2.095e-12	+4.345e-30
226.00	+1.662e-01	+1.704e-06	+8.121e-07	+3.910e-08	-3.517e-15	+2.798e-11	+6.016e-15
227.00	+1.661e-01	+2.561e-06	+7.898e-07	+5.662e-08	-9.041e-15	-5.437e-11	-7.851e-15
228.00	+1.657e-01	+3.997e-07	+4.251e-07	+3.596e-08	-3.884e-15	-6.497e-12	+2.166e-15
229.00	+1.659e-01	+2.943e-07	+5.677e-07	+4.491e-08	-1.298e-15	-1.823e-11	-7.053e-15
230.00	+1.659e-01	+2.937e-07	+1.206e-07	+1.606e-09	+2.134e-17	+5.899e-13	-6.672e-18
231.00	+1.658e-01	+1.964e-07	+6.329e-08	+7.016e-11	-1.478e-19	-3.109e-14	-1.182e-31
232.00	+1.661e-01	+1.904e-07	+2.399e-07	+1.112e-08	-3.884e-16	+4.283e-12	-4.232e-16
233.00	+1.658e-01	+6.413e-07	+9.386e-08	+1.593e-09	+7.489e-18	+1.708e-13	-1.799e-17
234.00	+1.660e-01	+5.010e-07	+2.317e-08	+2.920e-09	+1.649e-17	-1.151e-12	+1.746e-17
235.00	+1.660e-01	+3.024e-07	+2.679e-07	+1.717e-08	+8.409e-17	+7.688e-12	+1.162e-15
236.00	+1.659e-01	+2.569e-06	+4.166e-07	+3.712e-10	+3.875e-18	+5.875e-13	-2.507e-18
237.00	+1.659e-01	+1.740e-06	+2.093e-07	+2.165e-08	+2.673e-16	+1.423e-11	+1.433e-15
238.00	+1.661e-01	+4.455e-08	+5.286e-08	+2.931e-09	-2.881e-17	-2.628e-13	+2.239e-17
239.00	+1.658e-01	+2.144e-07	+1.501e-07	+1.131e-08	-4.629e-16	-2.315e-13	-5.372e-17
240.00	+1.658e-01	+1.645e-07	+1.743e-07	+2.587e-10	+1.718e-18	+7.139e-14	+2.528e-19
241.00	+1.662e-01	+4.067e-07	+2.144e-07	+8.463e-09	+3.301e-16	+5.135e-12	+1.450e-16
242.00	+1.659e-01	+2.499e-09	+2.491e-07	+8.510e-09	+3.036e-16	-4.114e-13	-2.476e-16
243.00	+1.660e-01	+8.632e-06	+8.362e-07	+7.793e-09	-2.541e-16	-3.387e-12	+5.755e-16
244.00	+1.658e-01	+7.804e-06	+1.422e-06	+4.872e-09	+8.749e-17	-1.350e-11	+3.959e-16
245.00	+1.659e-01	+1.921e-07	+5.518e-08	+1.043e-08	+2.005e-16	-4.538e-12	+1.500e-16
246.00	+1.660e-01	+1.576e-07	+1.075e-07	+8.602e-09	+1.469e-16	-2.842e-12	-2.165e-16
247.00	+1.656e-01	+2.990e-07	+2.643e-09	+8.947e-09	-2.815e-17	+9.382e-13	-3.317e-17
248.00	+1.659e-01	+9.695e-07	+3.646e-09	+5.036e-09	-1.213e-17	-4.506e-12	+1.784e-17
249.00	+1.658e-01	+4.062e-07	+2.459e-07	+4.506e-09	+7.781e-17	-1.316e-12	-1.283e-16
250.00	+1.661e-01	+4.858e-07	+7.784e-08	+5.117e-09	+5.956e-17	+3.399e-12	-8.295e-17
251.00	+1.662e-01	+3.678e-07	+8.021e-07	+3.435e-08	-5.633e-15	+2.927e-12	+8.841e-16
252.00	+1.659e-01	+4.086e-06	+8.877e-07	+4.335e-09	-7.334e-17	+2.729e-12	-2.587e-16
253.00	+1.660e-01	+8.047e-08	+2.897e-07	+2.048e-08	-1.578e-15	-2.818e-12	-1.757e-17
254.00	+1.660e-01	+4.737e-07	+4.209e-07	+1.957e-08	-5.132e-16	+8.390e-12	-1.700e-15
255.00	+1.657e-01	+4.002e-07	+1.347e-07	+2.199e-08	-6.448e-16	+7.521e-12	+1.008e-15
256.00	+1.660e-01	+9.208e-09	+3.089e-08	+1.864e-09	-1.412e-17	-3.654e-14	-7.789e-19
257.00	+1.658e-01	+4.844e-08	+4.649e-08	+1.445e-09	-1.124e-17	+3.166e-13	-3.725e-18
258.00	+1.657e-01	+7.852e-07	+1.266e-07	+3.422e-09	+1.789e-17	-9.658e-13	-6.895e-17
259.00	+1.658e-01	+5.289e-07	+9.519e-08	+5.360e-09	-9.942e-17	-6.774e-13	-6.909e-17
260.00	+1.660e-01	+1.205e-08	+9.283e-08	+3.494e-09	-5.790e-18	-2.679e-13	+6.267e-17
261.00	+1.660e-01	+2.857e-07	+2.056e-07	+1.028e-08	+4.187e-16	+2.587e-12	+2.197e-16
262.00	+1.660e-01	+1.105e-06	+4.596e-07	+2.723e-08	+2.131e-15	+2.853e-11	-2.176e-15
263.00	+1.657e-01	+9.590e-07	+6.481e-08	+3.095e-09	-4.226e-17	-1.903e-12	-1.166e-17
264.00	+1.661e-01	+7.583e-07	+1.436e-07	+2.568e-08	+7.897e-17	+1.773e-11	-1.557e-15
265.00	+1.658e-01	+9.836e-08	+8.118e-07	+9.870e-08	+2.749e-14	+2.316e-11	+4.981e-15
266.00	+1.658e-01	+2.532e-07	+4.596e-08	+1.033e-08	-1.615e-16	+1.970e-12	-1.569e-16
267.00	+1.659e-01	+3.183e-08	+3.512e-06	+3.786e-07	+4.243e-13	-5.654e-11	+1.031e-13
268.00	+1.657e-01	+0.000e+00	+0.000e+00	+0.000e+00	+0.000e+00	+0.000e+00	+0.000e+00
269.00	+1.656e-01	+3.575e-07	+1.554e-07	+8.544e-09	+3.114e-16	-5.109e-12	-7.618e-29
270.00	+1.656e-01	+0.000e+00	+0.000e+00	+0.000e+00	+0.000e+00	+0.000e+00	+0.000e+00
271.00	+1.656e-01	+3.575e-07	+1.554e-07	+8.544e-09	+3.114e-16	-5.109e-12	+1.112e-28
272.00	+1.657e-01	+0.000e+00	+0.000e+00	+0.000e+00	+0.000e+00	+0.000e+00	+0.000e+00
273.00	+1.659e-01	+3.183e-08	+3.512e-06	+3.786e-07	+4.243e-13	-5.654e-11	-1.031e-13
274.00	+1.658e-01	+2.532e-07	+4.596e-08	+1.033e-08	-1.615e-16	+1.970e-12	+1.569e-16
275.00	+1.658e-01	+9.836e-08	+8.118e-07	+9.870e-08	+2.749e-14	+2.316e-11	-4.981e-15
276.00	+1.661e-01	+7.583e-07	+1.436e-07	+2.568e-08	+7.897e-17	+1.773e-11	+1.557e-15
277.00	+1.657e-01	+9.590e-07	+6.481e-08	+3.095e-09	-4.226e-17	-1.903e-12	+1.166e-17
278.00	+1.660e-01	+4.954e-07	+5.717e-07	+2.188e-08	+2.237e-15	+1.461e-11	+9.917e-16
279.00	+1.660e-01	+2.857e-07	+2.056e-07	+1.028e-08	+4.187e-16	+2.587e-12	-2.197e-16
280.00	+1.660e-01	+1.205e-08	+9.283e-08	+3.494e-09	-5.790e-18	-2.679e-13	-6.267e-17
281.00	+1.658e-01	+5.289e-07	+9.519e-08	+5.360e-09	-9.942e-17	-6.774e-13	+6.909e-17
282.00	+1.657e-01	+7.852e-07	+1.266e-07	+3.422e-09	+1.789e-17	-9.658e-13	+6.895e-17
283.00	+1.658e-01	+4.844e-08	+4.649e-08	+1.445e-09	-1.124e-17	+3.166e-13	+3.725e-18
284.00	+1.660e-01	+9.208e-09	+3.089e-08	+1.864e-09	-1.412e-17	-3.654e-14	+7.789e-19
285.00	+1.657e-01	+4.002e-07	+1.347e-07	+2.199e-08	-6.448e-16	+7.521e-12	-1.008e-15
286.00	+1.660e-01	+4.737e-07	+4.209e-07	+1.957e-08	-5.132e-16	+8.390e-12	+1.700e-15
287.00	+1.660e-01	+8.047e-08	+2.897e-07	+2.048e-08	-1.578e-15	-2.818e-12	+1.757e-17
288.00	+1.659e-01	+4.086e-06	+8.877e-07	+4.335e-09	-7.334e-17	+2.729e-12	+2.587e-16
289.00	+1.662e-01	+3.678e-07	+8.021e-07	+3.435e-08	-5.633e-15	+2.927e-12	-8.841e-16
290.00	+1.661e-01	+4.858e-07	+7.784e-08	+5.117e-09	+5.956e-17	+3.399e-12	+8.295e-17
291.00	+1.658e-01	+4.062e-07	+2.459e-07	+4.506e-09	+7.781e-17	-1.316e-12	+1.283e-16
292.00	+1.659e-01	+9.695e-07	+3.646e-09	+5.036e-09	-1.213e-17	-4.506e-12	-1.784e-17
293.00	+1.656e-01	+2.990e-07	+2.643e-09	+8.947e-09	-2.815e-17	+9.382e-13	+3.317e-17
294.00	+1.660e-01	+1.576e-07	+1.075e-07	+8.602e-09	+1.469e-16	-2.842e-12	+2.165e-16
295.00	+1.659e-01	+1.921e-07	+5.518e-08	+1.043e-08	+2.005e-16	-4.538e-12	-1.500e-16
296.00	+1.658e-01	+7.804e-06	+1.422e-06	+4.872e-09	+8.749e-17	-1.350e-11	-3.959e-16
297.00	+1.660e-01	+8.632e-06	+8.362e-07	+7.793e-09	-2.541e-16	-3.387e-12	-5.755e-16
298.00	+1.659e-01	+2.499e-09	+2.491e-07	+8.510e-09	+3.036e-16	-4.114e-13	+2.476e-16
299.00	+1.662e-01	+4.067e-07	+2.144e-07	+8.463e-09	+3.301e-16	+5.135e-12	-1.450e-16
300.00	+1.658e-01	+1.645e-07	+1.743e-07	+2.587e-10	+1.718e-18	+7.139e-14	-2.528e-19
301.00	+1.658e-01	+2.144e-07	+1.501e-07	+1.131e-08	-4.629e-16	-2.315e-13	+5.372e-17
302.00	+1.661e-01	+4.455e-08	+5.286e-08	+2.931e-09	-2.881e-17	-2.628e-13	-2.239e-17
303.00	+1.659e-01	+1.740e-06	+2.093e-07	+2.165e-08	+2.673e-16	+1.423e-11	-1.433e-15
304.00	+1.659e-01	+2.569e-06	+4.166e-07	+3.712e-10	+3.875e-18	+5.875e-13	+2.507e-18
305.00	+1.660e-01	+3.024e-07	+2.679e-07	+1.717e-08	+8.409e-17	+7.688e-12	-1.162e-15
306.00	+1.660e-01	+5.010e-07	+2.317e-08	+2.920e-09	+1.649e-17	-1.151e-12	-1.746e-17
307.00	+1.658e-01	+6.413e-07	+9.386e-08	+1.593e-09	+7.489e-18	+1.708e-13	+1.799e-17
308.00	+1.661e-01	+1.904e-07	+2.399e-07	+1.112e-08	-3.884e-16	+4.283e-12	+4.232e-16
309.00	+1.658e-01	+0.000e+00	+0.000e+00	+0.000e+00	+0.000e+00	+0.000e+00	+0.000e+00
310.00	+1.659e-01	+2.937e-07	+1.206e-07	+1.606e-09	+2.134e-17	+5.899e-13	+6.672e-18
311.00	+1.659e-01	+2.943e-07	+5.677e-07	+4.491e-08	-1.298e-15	-1.823e-11	+7.053e-15
312.00	+1.657e-01	+3.997e-07	+4.251e-07	+3.596e-08	-3.884e-15	-6.497e-12	-2.166e-15
313.00	+1.661e-01	+2.561e-06	+7.898e-07	+5.662e-08	-9.041e-15	-5.437e-11	+7.851e-15
314.00	+1.662e-01	+1.704e-06	+8.121e-07	+3.910e-08	-3.517e-15	+2.798e-11	-6.016e-15
315.00	+1.657e-01	+1.007e-07	+2.123e-07	+6.601e-09	+2.471e-16	-2.095e-12	+4.369e-29
316.00	+1.662e-01	+1.704e-06	+8.121e-07	+3.910e-08	-3.517e-15	+2.798e-11	+6.016e-15
317.00	+1.661e-01	+2.561e-06	+7.898e-07	+5.662e-08	-9.041e-15	-5.437e-11	-7.851e-15
318.00	+1.657e-01	+3.997e-07	+4.251e-07	+3.596e-08	-3.884e-15	-6.497e-12	+2.166e-15
319.00	+1.659e-01	+2.943e-07	+5.677e-07	+4.491e-08	-1.298e-15	-1.823e-11	-7.053e-15
320.00	+1.659e-01	+2.937e-07	+1.206e-07	+1.606e-09	+2.134e-17	+5.899e-13	-6.672e-18
321.00	+1.658e-01	+1.964e-07	+6.329e-08	+7.016e-11	-1.478e-19	-3.109e-14	+2.972e-31
322.00	+1.661e-01	+1.904e-07	+2.399e-07	+1.112e-08	-3.884e-16	+4.283e-12	-4.232e-16
323.00	+1.658e-01	+6.413e-07	+9.386e-08	+1.593e-09	+7.489e-18	+1.708e-13	-1.799e-17
324.00	+1.660e-01	+5.010e-07	+2.317e-08	+2.920e-09	+1.649e-17	-1.151e-12	+1.746e-17
325.00	+1.660e-01	+3.024e-07	+2.679e-07	+1.717e-08	+8.409e-17	+7.688e-12	+1.162e-15
326.00	+1.659e-01	+2.569e-06	+4.166e-07	+3.712e-10	+3.875e-18	+5.875e-13	-2.507e-18
327.00	+1.659e-01	+1.740e-06	+2.093e-07	+2.165e-08	+2.673e-16	+1.423e-11	+1.433e-15
328.00	+1.661e-01	+4.455e-08	+5.286e-08	+2.931e-09	-2.881e-17	-2.628e-13	+2.239e-17
329.00	+1.658e-01	+2.144e-07	+1.501e-07	+1.131e-08	-4.629e-16	-2.315e-13	-5.372e-17
330.00	+1.658e-01	+1.645e-07	+1.743e-07	+2.587e-10	+1.718e-18	+7.139e-14	+2.528e-19
331.00	+1.662e-01	+4.067e-07	+2.144e-07	+8.463e-09	+3.301e-16	+5.135e-12	+1.450e-16
332.00	+1.659e-01	+2.499e-09	+2.491e-07	+8.510e-09	+3.036e-16	-4.114e-13	-2.476e-16
333.00	+1.660e-01	+8.632e-06	+8.362e-07	+7.793e-09	-2.541e-16	-3.387e-12	+5.755e-16
334.00	+1.658e-01	+7.804e-06	+1.422e-06	+4.872e-09	+8.749e-17	-1.350e-11	+3.959e-16
335.00	+1.659e-01	+1.921e-07	+5.518e-08	+1.043e-08	+2.005e-16	-4.538e-12	+1.500e-16
336.00	+1.660e-01	+1.576e-07	+1.075e-07	+8.602e-09	+1.469e-16	-2.842e-12	-2.165e-16
337.00	+1.656e-01	+2.990e-07	+2.643e-09	+8.947e-09	-2.815e-17	+9.382e-13	-3.317e-17
338.00	+1.659e-01	+9.695e-07	+3.646e-09	+5.036e-09	-1.213e-17	-4.506e-12	+1.784e-17
339.00	+1.658e-01	+4.062e-07	+2.459e-07	+4.506e-09	+7.781e-17	-1.316e-12	-1.283e-16
340.00	+1.661e-01	+4.858e-07	+7.784e-08	+5.117e-09	+5.956e-17	+3.399e-12	-8.295e-17
341.00	+1.662e-01	+3.678e-07	+8.021e-07	+3.435e-08	-5.633e-15	+2.927e-12	+8.841e-16
342.00	+1.659e-01	+4.086e-06	+8.877e-07	+4.335e-09	-7.334e-17	+2.729e-12	-2.587e-16
343.00	+1.660e-01	+8.047e-08	+2.897e-07	+2.048e-08	-1.578e-15	-2.818e-12	-1.757e-17
344.00	+1.660e-01	+4.737e-07	+4.209e-07	+1.957e-08	-5.132e-16	+8.390e-12	-1.700e-15
345.00	+1.657e-01	+4.002e-07	+1.347e-07	+2.199e-08	-6.448e-16	+7.521e-12	+1.008e-15
346.00	+1.660e-01	+9.208e-09	+3.089e-08	+1.864e-09	-1.412e-17	-3.654e-14	-7.789e-19
347.00	+1.658e-01	+4.844e-08	+4.649e-08	+1.445e-09	-1.124e-17	+3.166e-13	-3.725e-18
348.00	+1.657e-01	+7.852e-07	+1.266e-07	+3.422e-09	+1.789e-17	-9.658e-13	-6.895e-17
349.00	+1.658e-01	+5.289e-07	+9.519e-08	+5.360e-09	-9.942e-17	-6.774e-13	-6.909e-17
350.00	+1.660e-01	+1.205e-08	+9.283e-08	+3.494e-09	-5.790e-18	-2.679e-13	+6.267e-17
351.00	+1.660e-01	+2.857e-07	+2.056e-07	+1.028e-08	+4.187e-16	+2.587e-12	+2.197e-16
352.00	+1.660e-01	+1.105e-06	+4.596e-07	+2.723e-08	+2.131e-15	+2.853e-11	-2.176e-15
353.00	+1.657e-01	+9.590e-07	+6.481e-08	+3.095e-09	-4.226e-17	-1.903e-12	-1.166e-17
354.00	+1.661e-01	+7.583e-07	+1.436e-07	+2.568e-08	+7.897e-17	+1.773e-11	-1.557e-15
355.00	+1.658e-01	+9.836e-08	+8.118e-07	+9.870e-08	+2.749e-14	+2.316e-11	+4.981e-15
356.00	+1.658e-01	+2.532e-07	+4.596e-08	+1.033e-08	-1.615e-16	+1.970e-12	-1.569e-16
357.00	+1.659e-01	+3.183e-08	+3.512e-06	+3.786e-07	+4.243e-13	-5.654e-11	+1.031e-13
358.00	+1.657e-01	+0.000e+00	+0.000e+00	+0.000e+00	+0.000e+00	+0.000e+00	+0.000e+00
359.00	+1.656e-01	+3.575e-07	+1.554e-07	+8.544e-09	+3.114e-16	-5.109e-12	-3.966e-30
