0	1.664226e-01	0.000000e+00	0.000000e+00	0.000000e+00	0.000000e+00	0.000000e+00	0.000000e+00
1	1.665833e-01	1.842102e-13	2.682472e-08	2.910182e-09	2.571271e-17	-1.249042e-15	8.982612e-21
2	1.663164e-01	1.785560e-12	3.955415e-08	3.212497e-09	3.435105e-17	2.832707e-15	-1.146124e-17
3	1.665106e-01	1.492103e-11	3.804437e-09	3.263836e-10	-2.495082e-19	-4.521410e-16	2.646127e-19
4	1.665053e-01	2.042320e-08	2.937153e-08	3.050447e-09	1.248511e-17	-3.889117e-13	-2.603528e-17
5	1.664827e-01	6.036118e-09	8.255789e-09	5.915297e-10	-1.279049e-18	4.479144e-14	-2.698546e-19
6	1.664972e-01	2.422196e-10	3.995616e-08	4.342818e-09	5.631531e-17	6.486708e-14	-1.006123e-17
7	1.665649e-01	2.745717e-10	5.329359e-08	4.295497e-09	3.405929e-17	-8.554238e-15	5.535234e-17
8	1.665794e-01	1.265574e-10	3.595733e-08	4.334650e-09	3.566235e-17	4.657796e-14	-4.070291e-17
9	1.665211e-01	1.702872e-10	1.428977e-08	2.044286e-09	8.325690e-19	2.314308e-14	-1.101764e-17
10	1.664479e-01	5.355485e-11	7.708460e-09	7.232774e-10	-1.688099e-18	3.905052e-15	2.587621e-19
11	1.664963e-01	2.202854e-08	8.474444e-09	2.807177e-09	-1.190459e-17	2.133319e-13	-6.763573e-18
12	1.664232e-01	1.054283e-10	2.360847e-08	2.769147e-09	-1.219534e-17	-2.753937e-14	1.877720e-17
13	1.663567e-01	2.021451e-10	3.115622e-09	1.452499e-10	8.507734e-20	-2.056745e-15	4.805629e-20
14	1.665019e-01	4.861700e-09	2.094068e-09	2.681415e-10	1.245355e-19	1.743936e-14	1.576806e-19
15	1.664645e-01	2.372184e-08	4.793507e-08	1.536668e-09	-1.187369e-17	-5.550628e-15	-5.740495e-18
16	1.664556e-01	2.961884e-08	6.811313e-10	5.612505e-11	-4.416311e-21	-4.950272e-15	1.004574e-20
17	1.665320e-01	2.089681e-08	1.375482e-08	1.277586e-09	4.620296e-18	-1.813475e-13	2.708485e-18
18	1.664199e-01	1.828114e-09	7.683696e-08	8.734760e-09	1.802624e-16	-3.265954e-13	-1.367909e-16
19	1.665808e-01	1.062286e-07	8.407944e-09	4.434977e-10	8.394078e-19	1.440519e-13	1.698042e-19
20	1.666173e-01	6.418060e-09	1.471082e-08	5.019939e-10	-1.364098e-18	3.208042e-14	1.325655e-20
21	1.665179e-01	2.228137e-08	8.744996e-09	2.799499e-10	-4.361751e-19	-1.085360e-14	-4.022833e-20
22	1.664101e-01	2.169262e-08	6.108973e-08	2.285445e-09	-8.748220e-18	2.437457e-13	2.554849e-17
23	1.664880e-01	1.708013e-08	2.126164e-09	3.152906e-10	2.817164e-20	3.000631e-14	2.566039e-19
24	1.664569e-01	2.211936e-09	3.115141e-09	3.541559e-10	1.954945e-19	-1.578998e-14	-3.164775e-19
25	1.664055e-01	6.838996e-10	4.643230e-08	3.148736e-09	3.663869e-17	7.800142e-14	-1.035096e-17
26	1.662549e-01	1.728425e-08	1.594714e-07	1.139532e-08	3.512522e-16	1.476828e-12	3.355514e-16
27	1.662367e-01	1.683061e-07	2.018408e-07	1.110840e-09	1.551041e-17	3.187139e-13	-6.008166e-18
28	1.665145e-01	1.468121e-10	2.956333e-08	2.710191e-09	2.157356e-17	2.970660e-14	-1.109460e-17
29	1.664661e-01	1.365620e-10	6.254055e-08	3.915848e-09	-3.291853e-17	4.027904e-14	-5.168774e-17
30	1.664418e-01	4.790410e-11	7.763731e-10	1.135755e-10	-2.462314e-20	7.802445e-16	-2.304627e-20
31	1.663963e-01	5.160893e-09	7.459466e-38	6.982061e-38	1.836507e-75	9.180710e-44	-4.692228e-75
32	1.665681e-01	4.363001e-10	2.023949e-10	1.847724e-11	8.909623e-22	-3.786880e-16	6.949461e-22
33	1.665299e-01	1.310807e-10	1.993524e-08	2.232374e-09	-1.209444e-17	2.201775e-14	8.689339e-18
34	1.663306e-01	2.503840e-08	3.035627e-08	2.812150e-10	-7.380272e-19	-3.622219e-14	-3.611222e-19
35	1.664724e-01	1.707741e-08	2.061568e-08	1.114665e-10	-3.836273e-21	6.511567e-15	1.689288e-19
36	1.664865e-01	3.571440e-10	1.907761e-08	1.086821e-09	3.166863e-19	8.863301e-15	-4.938647e-18
37	1.666006e-01	2.138619e-08	3.622168e-08	3.578028e-09	3.026514e-17	5.018869e-13	2.726217e-17
38	1.665625e-01	1.093503e-10	8.686678e-09	9.533822e-11	2.440327e-20	5.169439e-18	-8.325894e-20
39	1.664845e-01	2.950421e-07	2.940769e-08	2.832328e-09	-2.114986e-17	6.221151e-13	1.486139e-17
40	1.665407e-01	2.145874e-08	2.587213e-08	2.338555e-09	-1.808484e-17	-5.171893e-14	1.954955e-18
41	1.665010e-01	2.956232e-08	1.018959e-08	7.800667e-10	1.571474e-18	1.219457e-13	-1.538571e-18
42	1.664722e-01	2.018167e-08	7.752745e-08	6.077418e-09	-3.334111e-17	-6.906979e-13	1.276359e-16
43	1.666297e-01	8.975510e-10	1.648793e-08	3.118713e-09	-2.083325e-17	6.667248e-14	8.131213e-18
44	1.661930e-01	2.442727e-08	4.734926e-08	4.064539e-09	-3.771408e-17	-5.857669e-13	4.191731e-17
45	1.663170e-01	0.000000e+00	0.000000e+00	0.000000e+00	0.000000e+00	0.000000e+00	0.000000e+00
46	1.661930e-01	2.442727e-08	4.734926e-08	4.064539e-09	-3.771408e-17	-5.857669e-13	-4.191731e-17
47	1.666297e-01	8.975510e-10	1.648793e-08	3.118713e-09	-2.083325e-17	6.667248e-14	-8.131213e-18
48	1.664722e-01	2.018167e-08	7.752745e-08	6.077418e-09	-3.334111e-17	-6.906979e-13	-1.276359e-16
49	1.665010e-01	2.956232e-08	1.018959e-08	7.800667e-10	1.571474e-18	1.219457e-13	1.538571e-18
50	1.665407e-01	2.145874e-08	2.587213e-08	2.338555e-09	-1.808484e-17	-5.171893e-14	-1.954955e-18
51	1.664845e-01	2.950421e-07	2.940769e-08	2.832328e-09	-2.114986e-17	6.221151e-13	-1.486139e-17
52	1.665625e-01	1.093503e-10	8.686678e-09	9.533822e-11	2.440327e-20	5.169439e-18	8.325894e-20
53	1.666006e-01	2.138619e-08	3.622168e-08	3.578028e-09	3.026514e-17	5.018869e-13	-2.726217e-17
54	1.664865e-01	3.571440e-10	1.907761e-08	1.086821e-09	3.166863e-19	8.863301e-15	4.938647e-18
55	1.664724e-01	1.707741e-08	2.061568e-08	1.114665e-10	-3.836273e-21	6.511567e-15	-1.689288e-19
56	1.663306e-01	2.503840e-08	3.035627e-08	2.812150e-10	-7.380272e-19	-3.622219e-14	3.611222e-19
57	1.665299e-01	1.310807e-10	1.993524e-08	2.232374e-09	-1.209444e-17	2.201775e-14	-8.689339e-18
58	1.665681e-01	4.363001e-10	2.023949e-10	1.847724e-11	8.909623e-22	-3.786880e-16	-6.949461e-22
59	1.663963e-01	5.160893e-09	1.366574e-37	3.640220e-38	2.383506e-75	-6.007068e-43	-9.543997e-76
60	1.664418e-01	4.790410e-11	7.763731e-10	1.135755e-10	-2.462314e-20	7.802445e-16	2.304627e-20
61	1.664661e-01	1.365620e-10	6.254055e-08	3.915848e-09	-3.291853e-17	4.027904e-14	5.168774e-17
62	1.665145e-01	1.468121e-10	2.956333e-08	2.710191e-09	2.157356e-17	2.970660e-14	1.109460e-17
63	1.662367e-01	1.683061e-07	2.018408e-07	1.110840e-09	1.551041e-17	3.187139e-13	6.008166e-18
64	1.662549e-01	1.728425e-08	1.594714e-07	1.139532e-08	3.512522e-16	1.476828e-12	-3.355514e-16
65	1.664055e-01	6.838996e-10	4.643230e-08	3.148736e-09	3.663869e-17	7.800142e-14	1.035096e-17
66	1.664569e-01	2.211936e-09	3.115141e-09	3.541559e-10	1.954945e-19	-1.578998e-14	3.164775e-19
67	1.664880e-01	1.708013e-08	2.126164e-09	3.152906e-10	2.817164e-20	3.000631e-14	-2.566039e-19
68	1.664101e-01	2.169262e-08	6.108973e-08	2.285445e-09	-8.748220e-18	2.437457e-13	-2.554849e-17
69	1.665179e-01	2.228137e-08	8.744996e-09	2.799499e-10	-4.361751e-19	-1.085360e-14	4.022833e-20
70	1.666173e-01	6.418060e-09	1.471082e-08	5.019939e-10	-1.364098e-18	3.208042e-14	-1.325655e-20
71	1.665808e-01	1.062286e-07	8.407944e-09	4.434977e-10	8.394078e-19	1.440519e-13	-1.698042e-19
72	1.664199e-01	1.828114e-09	7.683696e-08	8.734760e-09	1.802624e-16	-3.265954e-13	1.367909e-16
73	1.665320e-01	2.089681e-08	1.375482e-08	1.277586e-09	4.620296e-18	-1.813475e-13	-2.708485e-18
74	1.664556e-01	2.961884e-08	6.811313e-10	5.612505e-11	-4.416311e-21	-4.950272e-15	-1.004574e-20
75	1.664645e-01	2.372184e-08	4.793507e-08	1.536668e-09	-1.187369e-17	-5.550628e-15	5.740495e-18
76	1.665019e-01	4.861700e-09	2.094068e-09	2.681415e-10	1.245355e-19	1.743936e-14	-1.576806e-19
77	1.663567e-01	2.021451e-10	3.115622e-09	1.452499e-10	8.507734e-20	-2.056745e-15	-4.805629e-20
78	1.664232e-01	1.054283e-10	2.360847e-08	2.769147e-09	-1.219534e-17	-2.753937e-14	-1.877720e-17
79	1.664963e-01	2.202854e-08	8.474444e-09	2.807177e-09	-1.190459e-17	2.133319e-13	6.763573e-18
80	1.664479e-01	5.355485e-11	7.708460e-09	7.232774e-10	-1.688099e-18	3.905052e-15	-2.587621e-19
81	1.665211e-01	1.702872e-10	1.428977e-08	2.044286e-09	8.325690e-19	2.314308e-14	1.101764e-17
82	1.665794e-01	1.265574e-10	3.595733e-08	4.334650e-09	3.566235e-17	4.657796e-14	4.070291e-17
83	1.665649e-01	2.745717e-10	5.329359e-08	4.295497e-09	3.405929e-17	-8.554238e-15	-5.535234e-17
84	1.664972e-01	2.422196e-10	3.995616e-08	4.342818e-09	5.631531e-17	6.486708e-14	1.006123e-17
85	1.664827e-01	6.036118e-09	8.255789e-09	5.915297e-10	-1.279049e-18	4.479144e-14	2.698546e-19
86	1.665053e-01	2.042320e-08	2.937153e-08	3.050447e-09	1.248511e-17	-3.889117e-13	2.603528e-17
87	1.665106e-01	1.492103e-11	3.804437e-09	3.263836e-10	-2.495082e-19	-4.521410e-16	-2.646127e-19
88	1.663164e-01	1.785560e-12	3.955415e-08	3.212497e-09	3.435105e-17	2.832707e-15	1.146124e-17
89	1.665833e-01	1.842102e-13	2.682472e-08	2.910182e-09	2.571271e-17	-1.249042e-15	-8.982612e-21
90	1.664226e-01	0.000000e+00	0.000000e+00	0.000000e+00	0.000000e+00	0.000000e+00	0.000000e+00
91	1.665833e-01	1.842102e-13	2.682472e-08	2.910182e-09	2.571271e-17	-1.249042e-15	8.982612e-21
92	1.663164e-01	1.785560e-12	3.955415e-08	3.212497e-09	3.435105e-17	2.832707e-15	-1.146124e-17
93	1.665106e-01	1.492103e-11	3.804437e-09	3.263836e-10	-2.495082e-19	-4.521410e-16	2.646127e-19
94	1.665053e-01	2.042320e-08	2.937153e-08	3.050447e-09	1.248511e-17	-3.889117e-13	-2.603528e-17
95	1.664835e-01	5.907348e-09	2.843544e-09	3.659918e-10	3.717567e-19	6.771954e-15	3.464879e-20
96	1.664972e-01	2.422196e-10	3.995616e-08	4.342818e-09	5.631531e-17	6.486708e-14	-1.006123e-17
97	1.665649e-01	2.745717e-10	5.329359e-08	4.295497e-09	3.405929e-17	-8.554238e-15	5.535234e-17
98	1.665794e-01	1.265574e-10	3.595733e-08	4.334650e-09	3.566235e-17	4.657796e-14	-4.070291e-17
99	1.665211e-01	1.702872e-10	1.428977e-08	2.044286e-09	8.325690e-19	2.314308e-14	-1.101764e-17
100	1.664479e-01	5.355485e-11	7.708460e-09	7.232774e-10	-1.688099e-18	3.905052e-15	2.587621e-19
101	1.664963e-01	2.202854e-08	8.474444e-09	2.807177e-09	-1.190459e-17	2.133319e-13	-6.763573e-18
102	1.664232e-01	1.054283e-10	2.360847e-08	2.769147e-09	-1.219534e-17	-2.753937e-14	1.877720e-17
103	1.663567e-01	2.021451e-10	3.115622e-09	1.452499e-10	8.507734e-20	-2.056745e-15	4.805629e-20
104	1.665019e-01	4.861700e-09	2.094068e-09	2.681415e-10	1.245355e-19	1.743936e-14	1.576806e-19
105	1.664645e-01	2.372184e-08	4.793507e-08	1.536668e-09	-1.187369e-17	-5.550628e-15	-5.740495e-18
106	1.664556e-01	2.961884e-08	6.811313e-10	5.612505e-11	-4.416311e-21	-4.950272e-15	1.004574e-20
107	1.665320e-01	2.089681e-08	1.375482e-08	1.277586e-09	4.620296e-18	-1.813475e-13	2.708485e-18
108	1.664199e-01	1.828114e-09	7.683696e-08	8.734760e-09	1.802624e-16	-3.265954e-13	-1.367909e-16
109	1.665808e-01	1.062286e-07	8.407944e-09	4.434977e-10	8.394078e-19	1.440519e-13	1.698042e-19
110	1.666196e-01	2.319047e-08	1.182007e-08	5.517039e-10	-1.309487e-18	1.730434e-14	-5.197509e-19
111	1.665179e-01	2.228137e-08	8.744996e-09	2.799499e-10	-4.361751e-19	-1.085360e-14	-4.022833e-20
112	1.664101e-01	2.169262e-08	6.108973e-08	2.285445e-09	-8.748220e-18	2.437457e-13	2.554849e-17
113	1.664880e-01	1.708013e-08	2.126164e-09	3.152906e-10	2.817164e-20	3.000631e-14	2.566039e-19
114	1.664569e-01	2.211936e-09	3.115141e-09	3.541559e-10	1.954945e-19	-1.578998e-14	-3.164775e-19
115	1.664055e-01	6.838996e-10	4.643230e-08	3.148736e-09	3.663869e-17	7.800142e-14	-1.035096e-17
116	1.662549e-01	1.728425e-08	1.594714e-07	1.139532e-08	3.512522e-16	1.476828e-12	3.355514e-16
117	1.662185e-01	8.874882e-08	1.775633e-07	1.882612e-09	2.793503e-17	5.177466e-13	-2.010991e-17
118	1.665145e-01	1.468121e-10	2.956333e-08	2.710191e-09	2.157356e-17	2.970660e-14	-1.109460e-17
119	1.664661e-01	1.365620e-10	6.254055e-08	3.915848e-09	-3.291853e-17	4.027904e-14	-5.168774e-17
120	1.664418e-01	4.790410e-11	7.763731e-10	1.135755e-10	-2.462314e-20	7.802445e-16	-2.304627e-20
121	1.663963e-01	5.160893e-09	5.016491e-38	1.406109e-38	2.886083e-76	-7.099200e-43	-2.369974e-76
122	1.665681e-01	4.363001e-10	2.023949e-10	1.847724e-11	8.909623e-22	-3.786880e-16	6.949461e-22
123	1.665299e-01	1.310807e-10	1.993524e-08	2.232374e-09	-1.209444e-17	2.201775e-14	8.689339e-18
124	1.663306e-01	2.503840e-08	3.035627e-08	2.812150e-10	-7.380272e-19	-3.622219e-14	-3.611222e-19
125	1.664724e-01	1.707741e-08	2.061568e-08	1.114665e-10	-3.836273e-21	6.511567e-15	1.689288e-19
126	1.664467e-01	1.687357e-08	1.376705e-08	6.116165e-11	-2.828761e-20	-4.042139e-16	4.847245e-20
127	1.666006e-01	2.138619e-08	3.622168e-08	3.578028e-09	3.026514e-17	5.018869e-13	2.726217e-17
128	1.665625e-01	1.093503e-10	8.686678e-09	9.533822e-11	2.440327e-20	5.169439e-18	-8.325894e-20
129	1.664635e-01	1.781953e-07	5.858774e-08	4.123844e-09	-2.549329e-17	1.150657e-12	5.881222e-17
130	1.665407e-01	2.145874e-08	2.587213e-08	2.338555e-09	-1.808484e-17	-5.171893e-14	1.954955e-18
131	1.665010e-01	2.956232e-08	1.018959e-08	7.800667e-10	1.571474e-18	1.219457e-13	-1.538571e-18
132	1.664722e-01	2.018167e-08	7.752745e-08	6.077418e-09	-3.334111e-17	-6.906979e-13	1.276359e-16
133	1.666297e-01	8.975510e-10	1.648793e-08	3.118713e-09	-2.083325e-17	6.667248e-14	8.131213e-18
134	1.661930e-01	2.442727e-08	4.734926e-08	4.064539e-09	-3.771408e-17	-5.857669e-13	4.191731e-17
135	1.663170e-01	0.000000e+00	0.000000e+00	0.000000e+00	0.000000e+00	0.000000e+00	0.000000e+00
136	1.661930e-01	2.442727e-08	4.734926e-08	4.064539e-09	-3.771408e-17	-5.857669e-13	-4.191731e-17
137	1.666297e-01	8.975510e-10	1.648793e-08	3.118713e-09	-2.083325e-17	6.667248e-14	-8.131213e-18
138	1.664722e-01	2.018167e-08	7.752745e-08	6.077418e-09	-3.334111e-17	-6.906979e-13	-1.276359e-16
139	1.665010e-01	2.956232e-08	1.018959e-08	7.800667e-10	1.571474e-18	1.219457e-13	1.538571e-18
140	1.665407e-01	2.145874e-08	2.587213e-08	2.338555e-09	-1.808484e-17	-5.171893e-14	-1.954955e-18
141	1.664938e-01	1.916501e-07	2.643061e-08	2.459848e-09	-5.827535e-18	6.647532e-13	-1.895884e-17
142	1.665625e-01	1.093503e-10	8.686678e-09	9.533822e-11	2.440327e-20	5.169439e-18	8.325894e-20
143	1.666006e-01	2.138619e-08	3.622168e-08	3.578028e-09	3.026514e-17	5.018869e-13	-2.726217e-17
144	1.664865e-01	3.571440e-10	1.907761e-08	1.086821e-09	3.166863e-19	8.863301e-15	4.938647e-18
145	1.664724e-01	1.707741e-08	2.061568e-08	1.114665e-10	-3.836273e-21	6.511567e-15	-1.689288e-19
146	1.663306e-01	2.503840e-08	3.035627e-08	2.812150e-10	-7.380272e-19	-3.622219e-14	3.611222e-19
147	1.665299e-01	1.310807e-10	1.993524e-08	2.232374e-09	-1.209444e-17	2.201775e-14	-8.689339e-18
148	1.665681e-01	4.363001e-10	2.023949e-10	1.847724e-11	8.909623e-22	-3.786880e-16	-6.949461e-22
149	1.663963e-01	5.160893e-09	8.391900e-39	9.324333e-40	-2.608296e-78	6.135076e-44	0.000000e+00
150	1.664418e-01	4.790410e-11	7.763731e-10	1.135755e-10	-2.462314e-20	7.802445e-16	2.304627e-20
151	1.664661e-01	1.365620e-10	6.254055e-08	3.915848e-09	-3.291853e-17	4.027904e-14	5.168774e-17
152	1.665145e-01	1.468121e-10	2.956333e-08	2.710191e-09	2.157356e-17	2.970660e-14	1.109460e-17
153	1.662251e-01	4.607352e-08	2.293686e-07	1.735833e-09	2.377680e-17	3.719765e-13	2.518578e-17
154	1.662549e-01	1.728425e-08	1.594714e-07	1.139532e-08	3.512522e-16	1.476828e-12	-3.355514e-16
155	1.664055e-01	6.838996e-10	4.643230e-08	3.148736e-09	3.663869e-17	7.800142e-14	1.035096e-17
156	1.664569e-01	2.211936e-09	3.115141e-09	3.541559e-10	1.954945e-19	-1.578998e-14	3.164775e-19
157	1.664880e-01	1.708013e-08	2.126164e-09	3.152906e-10	2.817164e-20	3.000631e-14	-2.566039e-19
158	1.664101e-01	2.169262e-08	6.108973e-08	2.285445e-09	-8.748220e-18	2.437457e-13	-2.554849e-17
159	1.665179e-01	2.228137e-08	8.744996e-09	2.799499e-10	-4.361751e-19	-1.085360e-14	4.022833e-20
160	1.666092e-01	5.379124e-08	2.488932e-08	4.417242e-10	-1.342311e-18	-4.988421e-14	-5.859987e-19
161	1.665808e-01	1.062286e-07	8.407944e-09	4.434977e-10	8.394078e-19	1.440519e-13	-1.698042e-19
162	1.664199e-01	1.828114e-09	7.683696e-08	8.734760e-09	1.802624e-16	-3.265954e-13	1.367909e-16
163	1.665320e-01	2.089681e-08	1.375482e-08	1.277586e-09	4.620296e-18	-1.813475e-13	-2.708485e-18
164	1.664556e-01	2.961884e-08	6.811313e-10	5.612505e-11	-4.416311e-21	-4.950272e-15	-1.004574e-20
165	1.664645e-01	2.372184e-08	4.793507e-08	1.536668e-09	-1.187369e-17	-5.550628e-15	5.740495e-18
166	1.665019e-01	4.861700e-09	2.094068e-09	2.681415e-10	1.245355e-19	1.743936e-14	-1.576806e-19
167	1.663567e-01	2.021451e-10	3.115622e-09	1.452499e-10	8.507734e-20	-2.056745e-15	-4.805629e-20
168	1.664232e-01	1.054283e-10	2.360847e-08	2.769147e-09	-1.219534e-17	-2.753937e-14	-1.877720e-17
169	1.664963e-01	2.202854e-08	8.474444e-09	2.807177e-09	-1.190459e-17	2.133319e-13	6.763573e-18
170	1.664479e-01	5.355485e-11	7.708460e-09	7.232774e-10	-1.688099e-18	3.905052e-15	-2.587621e-19
171	1.665211e-01	1.702872e-10	1.428977e-08	2.044286e-09	8.325690e-19	2.314308e-14	1.101764e-17
172	1.665794e-01	1.265574e-10	3.595733e-08	4.334650e-09	3.566235e-17	4.657796e-14	4.070291e-17
173	1.665649e-01	2.745717e-10	5.329359e-08	4.295497e-09	3.405929e-17	-8.554238e-15	-5.535234e-17
174	1.664972e-01	2.422196e-10	3.995616e-08	4.342818e-09	5.631531e-17	6.486708e-14	1.006123e-17
175	1.664581e-01	1.154036e-10	7.422536e-09	8.535849e-10	7.839761e-19	8.264387e-15	2.000416e-18
176	1.665053e-01	2.042320e-08	2.937153e-08	3.050447e-09	1.248511e-17	-3.889117e-13	2.603528e-17
177	1.665106e-01	1.492103e-11	3.804437e-09	3.263836e-10	-2.495082e-19	-4.521410e-16	-2.646127e-19
178	1.663164e-01	1.785560e-12	3.955415e-08	3.212497e-09	3.435105e-17	2.832707e-15	1.146124e-17
179	1.665833e-01	1.842102e-13	2.682472e-08	2.910182e-09	2.571271e-17	-1.249042e-15	-8.982612e-21
180	1.664226e-01	0.000000e+00	0.000000e+00	0.000000e+00	0.000000e+00	0.000000e+00	0.000000e+00
181	1.665833e-01	1.842102e-13	2.682472e-08	2.910182e-09	2.571271e-17	-1.249042e-15	8.982612e-21
182	1.663164e-01	1.785560e-12	3.955415e-08	3.212497e-09	3.435105e-17	2.832707e-15	-1.146124e-17
183	1.665106e-01	1.492103e-11	3.804437e-09	3.263836e-10	-2.495082e-19	-4.521410e-16	2.646127e-19
184	1.665053e-01	2.042320e-08	2.937153e-08	3.050447e-09	1.248511e-17	-3.889117e-13	-2.603528e-17
185	1.664581e-01	1.154036e-10	7.422536e-09	8.535849e-10	7.839761e-19	8.264387e-15	-2.000416e-18
186	1.664972e-01	2.422196e-10	3.995616e-08	4.342818e-09	5.631531e-17	6.486708e-14	-1.006123e-17
187	1.665649e-01	2.745717e-10	5.329359e-08	4.295497e-09	3.405929e-17	-8.554238e-15	5.535234e-17
188	1.665794e-01	1.265574e-10	3.595733e-08	4.334650e-09	3.566235e-17	4.657796e-14	-4.070291e-17
189	1.665211e-01	1.702872e-10	1.428977e-08	2.044286e-09	8.325690e-19	2.314308e-14	-1.101764e-17
190	1.664479e-01	5.355485e-11	7.708460e-09	7.232774e-10	-1.688099e-18	3.905052e-15	2.587621e-19
191	1.664963e-01	2.202854e-08	8.474444e-09	2.807177e-09	-1.190459e-17	2.133319e-13	-6.763573e-18
192	1.664232e-01	1.054283e-10	2.360847e-08	2.769147e-09	-1.219534e-17	-2.753937e-14	1.877720e-17
193	1.663567e-01	2.021451e-10	3.115622e-09	1.452499e-10	8.507734e-20	-2.056745e-15	4.805629e-20
194	1.665019e-01	4.861700e-09	2.094068e-09	2.681415e-10	1.245355e-19	1.743936e-14	1.576806e-19
195	1.664645e-01	2.372184e-08	4.793507e-08	1.536668e-09	-1.187369e-17	-5.550628e-15	-5.740495e-18
196	1.664556e-01	2.961884e-08	6.811313e-10	5.612505e-11	-4.416311e-21	-4.950272e-15	1.004574e-20
197	1.665320e-01	2.089681e-08	1.375482e-08	1.277586e-09	4.620296e-18	-1.813475e-13	2.708485e-18
198	1.664199e-01	1.828114e-09	7.683696e-08	8.734760e-09	1.802624e-16	-3.265954e-13	-1.367909e-16
199	1.665808e-01	1.062286e-07	8.407944e-09	4.434977e-10	8.394078e-19	1.440519e-13	1.698042e-19
200	1.666196e-01	2.319047e-08	1.182007e-08	5.517039e-10	-1.309487e-18	1.730434e-14	-5.197509e-19
201	1.665179e-01	2.228137e-08	8.744996e-09	2.799499e-10	-4.361751e-19	-1.085360e-14	-4.022833e-20
202	1.664101e-01	2.169262e-08	6.108973e-08	2.285445e-09	-8.748220e-18	2.437457e-13	2.554849e-17
203	1.664880e-01	1.708013e-08	2.126164e-09	3.152906e-10	2.817164e-20	3.000631e-14	2.566039e-19
204	1.664569e-01	2.211936e-09	3.115141e-09	3.541559e-10	1.954945e-19	-1.578998e-14	-3.164775e-19
205	1.664055e-01	6.838996e-10	4.643230e-08	3.148736e-09	3.663869e-17	7.800142e-14	-1.035096e-17
206	1.662549e-01	1.728425e-08	1.594714e-07	1.139532e-08	3.512522e-16	1.476828e-12	3.355514e-16
207	1.662185e-01	8.874882e-08	1.775633e-07	1.882612e-09	2.793503e-17	5.177466e-13	-2.010991e-17
208	1.665145e-01	1.468121e-10	2.956333e-08	2.710191e-09	2.157356e-17	2.970660e-14	-1.109460e-17
209	1.664661e-01	1.365620e-10	6.254055e-08	3.915848e-09	-3.291853e-17	4.027904e-14	-5.168774e-17
210	1.664418e-01	4.790410e-11	7.763731e-10	1.135755e-10	-2.462314e-20	7.802445e-16	-2.304627e-20
211	1.663963e-01	5.160893e-09	8.391900e-39	9.324333e-40	-2.608296e-78	-6.135076e-44	0.000000e+00
212	1.665681e-01	4.363001e-10	2.023949e-10	1.847724e-11	8.909623e-22	-3.786880e-16	6.949461e-22
213	1.665299e-01	1.310807e-10	1.993524e-08	2.232374e-09	-1.209444e-17	2.201775e-14	8.689339e-18
214	1.663306e-01	2.503840e-08	3.035627e-08	2.812150e-10	-7.380272e-19	-3.622219e-14	-3.611222e-19
215	1.664724e-01	1.707741e-08	2.061568e-08	1.114665e-10	-3.836273e-21	6.511567e-15	1.689288e-19
216	1.664865e-01	3.571440e-10	1.907761e-08	1.086821e-09	3.166863e-19	8.863301e-15	-4.938647e-18
217	1.666006e-01	2.138619e-08	3.622168e-08	3.578028e-09	3.026514e-17	5.018869e-13	2.726217e-17
218	1.665625e-01	1.093503e-10	8.686678e-09	9.533822e-11	2.440327e-20	5.169439e-18	-8.325894e-20
219	1.664728e-01	1.022494e-07	5.777452e-08	3.738370e-09	5.578012e-18	1.005823e-12	5.465648e-17
220	1.665407e-01	2.145874e-08	2.587213e-08	2.338555e-09	-1.808484e-17	-5.171893e-14	1.954955e-18
221	1.665010e-01	2.956232e-08	1.018959e-08	7.800667e-10	1.571474e-18	1.219457e-13	-1.538571e-18
222	1.664722e-01	2.018167e-08	7.752745e-08	6.077418e-09	-3.334111e-17	-6.906979e-13	1.276359e-16
223	1.666297e-01	8.975510e-10	1.648793e-08	3.118713e-09	-2.083325e-17	6.667248e-14	8.131213e-18
224	1.661930e-01	2.442727e-08	4.734926e-08	4.064539e-09	-3.771408e-17	-5.857669e-13	4.191731e-17
225	1.663170e-01	0.000000e+00	0.000000e+00	0.000000e+00	0.000000e+00	0.000000e+00	0.000000e+00
226	1.661930e-01	2.442727e-08	4.734926e-08	4.064539e-09	-3.771408e-17	-5.857669e-13	-4.191731e-17
227	1.666297e-01	8.975510e-10	1.648793e-08	3.118713e-09	-2.083325e-17	6.667248e-14	-8.131213e-18
228	1.664722e-01	2.018167e-08	7.752745e-08	6.077418e-09	-3.334111e-17	-6.906979e-13	-1.276359e-16
229	1.665010e-01	2.956232e-08	1.018959e-08	7.800667e-10	1.571474e-18	1.219457e-13	1.538571e-18
230	1.665407e-01	2.145874e-08	2.587213e-08	2.338555e-09	-1.808484e-17	-5.171893e-14	-1.954955e-18
231	1.664728e-01	1.022494e-07	5.777452e-08	3.738370e-09	5.578012e-18	1.005823e-12	-5.465648e-17
232	1.665625e-01	1.093503e-10	8.686678e-09	9.533822e-11	2.440327e-20	5.169439e-18	8.325894e-20
233	1.666006e-01	2.138619e-08	3.622168e-08	3.578028e-09	3.026514e-17	5.018869e-13	-2.726217e-17
234	1.664865e-01	3.571440e-10	1.907761e-08	1.086821e-09	3.166863e-19	8.863301e-15	4.938647e-18
235	1.664724e-01	1.707741e-08	2.061568e-08	1.114665e-10	-3.836273e-21	6.511567e-15	-1.689288e-19
236	1.663306e-01	2.503840e-08	3.035627e-08	2.812150e-10	-7.380272e-19	-3.622219e-14	3.611222e-19
237	1.665299e-01	1.310807e-10	1.993524e-08	2.232374e-09	-1.209444e-17	2.201775e-14	-8.689339e-18
238	1.665681e-01	4.363001e-10	2.023949e-10	1.847724e-11	8.909623e-22	-3.786880e-16	-6.949461e-22
239	1.663963e-01	5.160893e-09	1.491893e-40	1.805191e-38	-2.962467e-77	-1.187751e-42	0.000000e+00
240	1.664418e-01	4.790410e-11	7.763731e-10	1.135755e-10	-2.462314e-20	7.802445e-16	2.304627e-20
241	1.664661e-01	1.365620e-10	6.254055e-08	3.915848e-09	-3.291853e-17	4.027904e-14	5.168774e-17
242	1.665145e-01	1.468121e-10	2.956333e-08	2.710191e-09	2.157356e-17	2.970660e-14	1.109460e-17
243	1.662185e-01	8.874882e-08	1.775633e-07	1.882612e-09	2.793503e-17	5.177466e-13	2.010991e-17
244	1.662549e-01	1.728425e-08	1.594714e-07	1.139532e-08	3.512522e-16	1.476828e-12	-3.355514e-16
245	1.664055e-01	6.838996e-10	4.643230e-08	3.148736e-09	3.663869e-17	7.800142e-14	1.035096e-17
246	1.664569e-01	2.211936e-09	3.115141e-09	3.541559e-10	1.954945e-19	-1.578998e-14	3.164775e-19
247	1.664880e-01	1.708013e-08	2.126164e-09	3.152906e-10	2.817164e-20	3.000631e-14	-2.566039e-19
248	1.664101e-01	2.169262e-08	6.108973e-08	2.285445e-09	-8.748220e-18	2.437457e-13	-2.554849e-17
249	1.665179e-01	2.228137e-08	8.744996e-09	2.799499e-10	-4.361751e-19	-1.085360e-14	4.022833e-20
250	1.666196e-01	2.319047e-08	1.182007e-08	5.517039e-10	-1.309487e-18	1.730434e-14	5.197509e-19
251	1.665808e-01	1.062286e-07	8.407944e-09	4.434977e-10	8.394078e-19	1.440519e-13	-1.698042e-19
252	1.664199e-01	1.828114e-09	7.683696e-08	8.734760e-09	1.802624e-16	-3.265954e-13	1.367909e-16
253	1.665320e-01	2.089681e-08	1.375482e-08	1.277586e-09	4.620296e-18	-1.813475e-13	-2.708485e-18
254	1.664556e-01	2.961884e-08	6.811313e-10	5.612505e-11	-4.416311e-21	-4.950272e-15	-1.004574e-20
255	1.664645e-01	2.372184e-08	4.793507e-08	1.536668e-09	-1.187369e-17	-5.550628e-15	5.740495e-18
256	1.665019e-01	4.861700e-09	2.094068e-09	2.681415e-10	1.245355e-19	1.743936e-14	-1.576806e-19
257	1.663567e-01	2.021451e-10	3.115622e-09	1.452499e-10	8.507734e-20	-2.056745e-15	-4.805629e-20
258	1.664232e-01	1.054283e-10	2.360847e-08	2.769147e-09	-1.219534e-17	-2.753937e-14	-1.877720e-17
259	1.664963e-01	2.202854e-08	8.474444e-09	2.807177e-09	-1.190459e-17	2.133319e-13	6.763573e-18
260	1.664479e-01	5.355485e-11	7.708460e-09	7.232774e-10	-1.688099e-18	3.905052e-15	-2.587621e-19
261	1.665211e-01	1.702872e-10	1.428977e-08	2.044286e-09	8.325690e-19	2.314308e-14	1.101764e-17
262	1.665794e-01	1.265574e-10	3.595733e-08	4.334650e-09	3.566235e-17	4.657796e-14	4.070291e-17
263	1.665649e-01	2.745717e-10	5.329359e-08	4.295497e-09	3.405929e-17	-8.554238e-15	-5.535234e-17
264	1.664972e-01	2.422196e-10	3.995616e-08	4.342818e-09	5.631531e-17	6.486708e-14	1.006123e-17
265	1.664581e-01	1.154036e-10	7.422536e-09	8.535849e-10	7.839761e-19	8.264387e-15	2.000416e-18
266	1.665053e-01	2.042320e-08	2.937153e-08	3.050447e-09	1.248511e-17	-3.889117e-13	2.603528e-17
267	1.665106e-01	1.492103e-11	3.804437e-09	3.263836e-10	-2.495082e-19	-4.521410e-16	-2.646127e-19
268	1.663164e-01	1.785560e-12	3.955415e-08	3.212497e-09	3.435105e-17	2.832707e-15	1.146124e-17
269	1.665833e-01	1.842102e-13	2.682472e-08	2.910182e-09	2.571271e-17	-1.249042e-15	-8.982612e-21
270	1.664226e-01	0.000000e+00	0.000000e+00	0.000000e+00	0.000000e+00	0.000000e+00	0.000000e+00
271	1.665833e-01	1.842102e-13	2.682472e-08	2.910182e-09	2.571271e-17	-1.249042e-15	8.982612e-21
272	1.663164e-01	1.785560e-12	3.955415e-08	3.212497e-09	3.435105e-17	2.832707e-15	-1.146124e-17
273	1.665106e-01	1.492103e-11	3.804437e-09	3.263836e-10	-2.495082e-19	-4.521410e-16	2.646127e-19
274	1.665053e-01	2.042320e-08	2.937153e-08	3.050447e-09	1.248511e-17	-3.889117e-13	-2.603528e-17
275	1.664581e-01	1.154036e-10	7.422536e-09	8.535849e-10	7.839761e-19	8.264387e-15	-2.000416e-18
276	1.664972e-01	2.422196e-10	3.995616e-08	4.342818e-09	5.631531e-17	6.486708e-14	-1.006123e-17
277	1.665649e-01	2.745717e-10	5.329359e-08	4.295497e-09	3.405929e-17	-8.554238e-15	5.535234e-17
278	1.665794e-01	1.265574e-10	3.595733e-08	4.334650e-09	3.566235e-17	4.657796e-14	-4.070291e-17
279	1.665211e-01	1.702872e-10	1.428977e-08	2.044286e-09	8.325690e-19	2.314308e-14	-1.101764e-17
280	1.664479e-01	5.355485e-11	7.708460e-09	7.232774e-10	-1.688099e-18	3.905052e-15	2.587621e-19
281	1.664963e-01	2.202854e-08	8.474444e-09	2.807177e-09	-1.190459e-17	2.133319e-13	-6.763573e-18
282	1.664232e-01	1.054283e-10	2.360847e-08	2.769147e-09	-1.219534e-17	-2.753937e-14	1.877720e-17
283	1.663567e-01	2.021451e-10	3.115622e-09	1.452499e-10	8.507734e-20	-2.056745e-15	4.805629e-20
284	1.665019e-01	4.861700e-09	2.094068e-09	2.681415e-10	1.245355e-19	1.743936e-14	1.576806e-19
285	1.664645e-01	2.372184e-08	4.793507e-08	1.536668e-09	-1.187369e-17	-5.550628e-15	-5.740495e-18
286	1.664556e-01	2.961884e-08	6.811313e-10	5.612505e-11	-4.416311e-21	-4.950272e-15	1.004574e-20
287	1.665320e-01	2.089681e-08	1.375482e-08	1.277586e-09	4.620296e-18	-1.813475e-13	2.708485e-18
288	1.664199e-01	1.828114e-09	7.683696e-08	8.734760e-09	1.802624e-16	-3.265954e-13	-1.367909e-16
289	1.665808e-01	1.062286e-07	8.407944e-09	4.434977e-10	8.394078e-19	1.440519e-13	1.698042e-19
290	1.666092e-01	5.379124e-08	2.488932e-08	4.417242e-10	-1.342311e-18	-4.988421e-14	5.859987e-19
291	1.665179e-01	2.228137e-08	8.744996e-09	2.799499e-10	-4.361751e-19	-1.085360e-14	-4.022833e-20
292	1.664101e-01	2.169262e-08	6.108973e-08	2.285445e-09	-8.748220e-18	2.437457e-13	2.554849e-17
293	1.664880e-01	1.708013e-08	2.126164e-09	3.152906e-10	2.817164e-20	3.000631e-14	2.566039e-19
294	1.664569e-01	2.211936e-09	3.115141e-09	3.541559e-10	1.954945e-19	-1.578998e-14	-3.164775e-19
295	1.664055e-01	6.838996e-10	4.643230e-08	3.148736e-09	3.663869e-17	7.800142e-14	-1.035096e-17
296	1.662549e-01	1.728425e-08	1.594714e-07	1.139532e-08	3.512522e-16	1.476828e-12	3.355514e-16
297	1.662251e-01	4.607352e-08	2.293686e-07	1.735833e-09	2.377680e-17	3.719765e-13	-2.518578e-17
298	1.665145e-01	1.468121e-10	2.956333e-08	2.710191e-09	2.157356e-17	2.970660e-14	-1.109460e-17
299	1.664661e-01	1.365620e-10	6.254055e-08	3.915848e-09	-3.291853e-17	4.027904e-14	-5.168774e-17
300	1.664418e-01	4.790410e-11	7.763731e-10	1.135755e-10	-2.462314e-20	7.802445e-16	-2.304627e-20
301	1.663963e-01	5.160893e-09	4.669626e-38	3.595463e-38	-6.416824e-77	1.535261e-42	-1.471841e-75
302	1.665681e-01	4.363001e-10	2.023949e-10	1.847724e-11	8.909623e-22	-3.786880e-16	6.949461e-22
303	1.665299e-01	1.310807e-10	1.993524e-08	2.232374e-09	-1.209444e-17	2.201775e-14	8.689339e-18
304	1.663306e-01	2.503840e-08	3.035627e-08	2.812150e-10	-7.380272e-19	-3.622219e-14	-3.611222e-19
305	1.664724e-01	1.707741e-08	2.061568e-08	1.114665e-10	-3.836273e-21	6.511567e-15	1.689288e-19
306	1.664865e-01	3.571440e-10	1.907761e-08	1.086821e-09	3.166863e-19	8.863301e-15	-4.938647e-18
307	1.666006e-01	2.138619e-08	3.622168e-08	3.578028e-09	3.026514e-17	5.018869e-13	2.726217e-17
308	1.665625e-01	1.093503e-10	8.686678e-09	9.533822e-11	2.440327e-20	5.169439e-18	-8.325894e-20
309	1.664938e-01	1.916501e-07	2.643061e-08	2.459848e-09	-5.827535e-18	6.647532e-13	1.895884e-17
310	1.665407e-01	2.145874e-08	2.587213e-08	2.338555e-09	-1.808484e-17	-5.171893e-14	1.954955e-18
311	1.665010e-01	2.956232e-08	1.018959e-08	7.800667e-10	1.571474e-18	1.219457e-13	-1.538571e-18
312	1.664722e-01	2.018167e-08	7.752745e-08	6.077418e-09	-3.334111e-17	-6.906979e-13	1.276359e-16
313	1.666297e-01	8.975510e-10	1.648793e-08	3.118713e-09	-2.083325e-17	6.667248e-14	8.131213e-18
314	1.661930e-01	2.442727e-08	4.734926e-08	4.064539e-09	-3.771408e-17	-5.857669e-13	4.191731e-17
315	1.663170e-01	0.000000e+00	0.000000e+00	0.000000e+00	0.000000e+00	0.000000e+00	0.000000e+00
316	1.661930e-01	2.442727e-08	4.734926e-08	4.064539e-09	-3.771408e-17	-5.857669e-13	-4.191731e-17
317	1.666297e-01	8.975510e-10	1.648793e-08	3.118713e-09	-2.083325e-17	6.667248e-14	-8.131213e-18
318	1.664722e-01	2.018167e-08	7.752745e-08	6.077418e-09	-3.334111e-17	-6.906979e-13	-1.276359e-16
319	1.665010e-01	2.956232e-08	1.018959e-08	7.800667e-10	1.571474e-18	1.219457e-13	1.538571e-18
320	1.665407e-01	2.145874e-08	2.587213e-08	2.338555e-09	-1.808484e-17	-5.171893e-14	-1.954955e-18
321	1.664635e-01	1.781953e-07	5.858774e-08	4.123844e-09	-2.549329e-17	1.150657e-12	-5.881222e-17
322	1.665625e-01	1.093503e-10	8.686678e-09	9.533822e-11	2.440327e-20	5.169439e-18	8.325894e-20
323	1.666006e-01	2.138619e-08	3.622168e-08	3.578028e-09	3.026514e-17	5.018869e-13	-2.726217e-17
324	1.664467e-01	1.687357e-08	1.376705e-08	6.116165e-11	-2.828761e-20	-4.042139e-16	-4.847245e-20
325	1.664724e-01	1.707741e-08	2.061568e-08	1.114665e-10	-3.836273e-21	6.511567e-15	-1.689288e-19
326	1.663306e-01	2.503840e-08	3.035627e-08	2.812150e-10	-7.380272e-19	-3.622219e-14	3.611222e-19
327	1.665299e-01	1.310807e-10	1.993524e-08	2.232374e-09	-1.209444e-17	2.201775e-14	-8.689339e-18
328	1.665681e-01	4.363001e-10	2.023949e-10	1.847724e-11	8.909623e-22	-3.786880e-16	-6.949461e-22
329	1.663963e-01	5.160893e-09	7.459466e-38	6.982061e-38	1.836507e-75	3.625611e-42	-4.692228e-75
330	1.664418e-01	4.790410e-11	7.763731e-10	1.135755e-10	-2.462314e-20	7.802445e-16	2.304627e-20
331	1.664661e-01	1.365620e-10	6.254055e-08	3.915848e-09	-3.291853e-17	4.027904e-14	5.168774e-17
332	1.665145e-01	1.468121e-10	2.956333e-08	2.710191e-09	2.157356e-17	2.970660e-14	1.109460e-17
333	1.662185e-01	8.874882e-08	1.775633e-07	1.882612e-09	2.793503e-17	5.177466e-13	2.010991e-17
334	1.662549e-01	1.728425e-08	1.594714e-07	1.139532e-08	3.512522e-16	1.476828e-12	-3.355514e-16
335	1.664055e-01	6.838996e-10	4.643230e-08	3.148736e-09	3.663869e-17	7.800142e-14	1.035096e-17
336	1.664569e-01	2.211936e-09	3.115141e-09	3.541559e-10	1.954945e-19	-1.578998e-14	3.164775e-19
337	1.664880e-01	1.708013e-08	2.126164e-09	3.152906e-10	2.817164e-20	3.000631e-14	-2.566039e-19
338	1.664101e-01	2.169262e-08	6.108973e-08	2.285445e-09	-8.748220e-18	2.437457e-13	-2.554849e-17
339	1.665179e-01	2.228137e-08	8.744996e-09	2.799499e-10	-4.361751e-19	-1.085360e-14	4.022833e-20
340	1.666196e-01	2.319047e-08	1.182007e-08	5.517039e-10	-1.309487e-18	1.730434e-14	5.197509e-19
341	1.665808e-01	1.062286e-07	8.407944e-09	4.434977e-10	8.394078e-19	1.440519e-13	-1.698042e-19
342	1.664199e-01	1.828114e-09	7.683696e-08	8.734760e-09	1.802624e-16	-3.265954e-13	1.367909e-16
343	1.665320e-01	2.089681e-08	1.375482e-08	1.277586e-09	4.620296e-18	-1.813475e-13	-2.708485e-18
344	1.664556e-01	2.961884e-08	6.811313e-10	5.612505e-11	-4.416311e-21	-4.950272e-15	-1.004574e-20
345	1.664645e-01	2.372184e-08	4.793507e-08	1.536668e-09	-1.187369e-17	-5.550628e-15	5.740495e-18
346	1.665019e-01	4.861700e-09	2.094068e-09	2.681415e-10	1.245355e-19	1.743936e-14	-1.576806e-19
347	1.663567e-01	2.021451e-10	3.115622e-09	1.452499e-10	8.507734e-20	-2.056745e-15	-4.805629e-20
348	1.664232e-01	1.054283e-10	2.360847e-08	2.769147e-09	-1.219534e-17	-2.753937e-14	-1.877720e-17
349	1.664963e-01	2.202854e-08	8.474444e-09	2.807177e-09	-1.190459e-17	2.133319e-13	6.763573e-18
350	1.664479e-01	5.355485e-11	7.708460e-09	7.232774e-10	-1.688099e-18	3.905052e-15	-2.587621e-19
351	1.665211e-01	1.702872e-10	1.428977e-08	2.044286e-09	8.325690e-19	2.314308e-14	1.101764e-17
352	1.665794e-01	1.265574e-10	3.595733e-08	4.334650e-09	3.566235e-17	4.657796e-14	4.070291e-17
353	1.665649e-01	2.745717e-10	5.329359e-08	4.295497e-09	3.405929e-17	-8.554238e-15	-5.535234e-17
354	1.664972e-01	2.422196e-10	3.995616e-08	4.342818e-09	5.631531e-17	6.486708e-14	1.006123e-17
355	1.664835e-01	5.907348e-09	2.843544e-09	3.659918e-10	3.717567e-19	6.771954e-15	-3.464879e-20
356	1.665053e-01	2.042320e-08	2.937153e-08	3.050447e-09	1.248511e-17	-3.889117e-13	2.603528e-17
357	1.665106e-01	1.492103e-11	3.804437e-09	3.263836e-10	-2.495082e-19	-4.521410e-16	-2.646127e-19
358	1.663164e-01	1.785560e-12	3.955415e-08	3.212497e-09	3.435105e-17	2.832707e-15	1.146124e-17
359	1.665833e-01	1.842102e-13	2.682472e-08	2.910182e-09	2.571271e-17	-1.249042e-15	-8.982612e-21
