0	1.591221e-01	2.559080e-03	2.389135e-04	2.519227e-06	3.305605e-11	-6.412927e-08	5.222177e-11
1	1.665452e-01	1.141239e-03	9.749128e-04	4.617307e-05	9.102747e-09	7.931072e-07	3.620671e-09
2	1.647407e-01	1.497372e-03	3.266732e-04	1.834637e-05	8.922065e-10	-3.228212e-07	1.105096e-09
3	1.657715e-01	2.898276e-03	3.509005e-04	1.227163e-05	-5.046130e-10	-5.347179e-07	6.275644e-10
4	1.657715e-01	2.898276e-03	3.509005e-04	1.227163e-05	-5.046130e-10	-5.347179e-07	6.275644e-10
5	1.799308e-01	6.411913e-03	7.619560e-04	5.588554e-05	7.840520e-09	1.851506e-06	-8.456897e-09
6	1.799308e-01	6.411913e-03	7.619560e-04	5.588554e-05	7.840520e-09	1.851506e-06	-8.456897e-09
7	1.799308e-01	6.411913e-03	7.619560e-04	5.588554e-05	7.840520e-09	1.851506e-06	-8.456897e-09
8	1.799308e-01	6.411913e-03	7.619560e-04	5.588554e-05	7.840520e-09	1.851506e-06	-8.456897e-09
9	1.799308e-01	6.411913e-03	7.619560e-04	5.588554e-05	7.840520e-09	1.851506e-06	-8.456897e-09
10	1.657715e-01	2.898276e-03	3.509005e-04	1.227163e-05	-5.046130e-10	-5.347179e-07	6.275644e-10
11	1.657715e-01	2.898276e-03	3.509005e-04	1.227163e-05	-5.046130e-10	-5.347179e-07	6.275644e-10
12	1.635742e-01	1.899958e-03	3.150632e-04	6.340910e-06	2.588442e-10	2.705926e-07	1.154339e-10
13	1.635742e-01	1.899958e-03	3.150632e-04	6.340910e-06	2.588442e-10	2.705926e-07	1.154339e-10
14	1.644616e-01	8.703445e-04	5.333781e-04	9.506705e-06	7.681411e-11	-4.827389e-09	-6.725873e-10
15	1.694336e-01	2.447367e-03	3.021047e-04	6.733928e-06	2.135016e-10	1.947371e-07	-2.160239e-10
16	1.694336e-01	2.447367e-03	3.021047e-04	6.733928e-06	2.135016e-10	1.947371e-07	-2.160239e-10
17	1.667480e-01	1.460612e-03	1.175169e-04	2.785411e-06	5.029693e-11	9.681229e-08	-3.136241e-12
18	1.667480e-01	1.460612e-03	1.175169e-04	2.785411e-06	5.029693e-11	9.681229e-08	-3.136241e-12
19	1.667480e-01	1.460612e-03	1.175169e-04	2.785411e-06	5.029693e-11	9.681229e-08	-3.136241e-12
20	1.718519e-01	3.511660e-03	7.103047e-04	1.140639e-05	8.832644e-10	3.354237e-07	5.234145e-10
21	1.718519e-01	3.511660e-03	7.103047e-04	1.140639e-05	8.832644e-10	3.354237e-07	5.234145e-10
22	1.660900e-01	2.456585e-03	3.706694e-04	6.092528e-06	1.911562e-10	1.533735e-07	-2.174521e-10
23	1.635742e-01	1.899958e-03	3.150632e-04	6.340910e-06	2.588442e-10	2.705926e-07	1.154339e-10
24	1.635742e-01	1.899958e-03	3.150632e-04	6.340910e-06	2.588442e-10	2.705926e-07	1.154339e-10
25	1.587625e-01	1.496091e-03	1.092936e-04	1.445848e-06	-1.398132e-11	-4.713611e-08	1.161309e-11
26	1.587625e-01	1.496091e-03	1.092936e-04	1.445848e-06	-1.398132e-11	-4.713611e-08	1.161309e-11
27	1.587625e-01	1.496091e-03	1.092936e-04	1.445848e-06	-1.398132e-11	-4.713611e-08	1.161309e-11
28	1.657715e-01	2.898276e-03	3.509005e-04	1.227163e-05	-5.046130e-10	-5.347179e-07	-6.275644e-10
29	1.657715e-01	2.898276e-03	3.509005e-04	1.227163e-05	-5.046130e-10	-5.347179e-07	-6.275644e-10
30	1.648687e-01	1.739695e-03	5.595362e-04	9.138624e-06	1.410699e-10	1.371233e-07	-6.380762e-10
31	1.694102e-01	3.538493e-03	2.075944e-04	4.233933e-06	-5.166811e-11	-8.711122e-08	-1.143961e-10
32	1.694102e-01	3.538493e-03	2.075944e-04	4.233933e-06	-5.166811e-11	-8.711122e-08	-1.143961e-10
33	1.669041e-01	2.865740e-03	1.363412e-04	2.781482e-06	5.244496e-11	1.271631e-07	-1.354606e-11
34	1.669041e-01	2.865740e-03	1.363412e-04	2.781482e-06	5.244496e-11	1.271631e-07	-1.354606e-11
35	1.663237e-01	1.016223e-03	3.257523e-04	1.337371e-06	-2.644884e-11	3.067978e-08	8.924619e-12
36	1.663237e-01	1.016223e-03	3.257523e-04	1.337371e-06	-2.644884e-11	3.067978e-08	8.924619e-12
37	1.742316e-01	2.286229e-03	8.757531e-04	5.576051e-06	-1.486909e-10	-1.958433e-07	-3.601701e-10
38	1.742316e-01	2.286229e-03	8.757531e-04	5.576051e-06	-1.486909e-10	-1.958433e-07	-3.601701e-10
39	1.742316e-01	2.286229e-03	8.757531e-04	5.576051e-06	-1.486909e-10	-1.958433e-07	-3.601701e-10
40	1.783025e-01	3.214242e-03	8.371387e-04	2.289020e-05	-2.521628e-09	-1.282363e-06	-1.918769e-09
41	1.708984e-01	4.181862e-03	1.215376e-04	9.480864e-06	2.793130e-10	5.504080e-07	-1.598721e-10
42	1.693466e-01	1.734723e-03	1.342776e-04	5.626376e-06	-1.543411e-10	1.139743e-07	9.742006e-12
43	1.580405e-01	6.142939e-04	1.383730e-04	2.483448e-06	-4.603712e-11	-6.155214e-08	-2.085598e-24
44	1.580405e-01	6.142939e-04	1.383730e-04	2.483448e-06	-4.603712e-11	-6.155214e-08	-2.085598e-24
45	1.586077e-01	4.142334e-04	2.106884e-05	2.948992e-06	4.864073e-12	-5.666391e-08	2.273046e-11
46	1.669041e-01	9.021621e-04	1.207687e-04	3.507711e-06	2.526310e-11	4.458148e-08	6.763159e-11
47	1.586077e-01	4.142334e-04	2.106884e-05	2.948992e-06	4.864073e-12	-5.666391e-08	2.273046e-11
48	1.586077e-01	4.142334e-04	2.106884e-05	2.948992e-06	4.864073e-12	-5.666391e-08	2.273046e-11
49	1.612050e-01	4.858816e-04	1.148126e-04	6.620744e-06	-1.384387e-10	-1.404248e-07	1.189752e-10
50	1.687012e-01	1.452029e-03	2.957371e-04	3.314886e-05	-2.829560e-09	-1.257172e-06	1.663118e-09
51	1.647407e-01	3.156631e-03	2.020444e-04	9.461868e-06	1.045182e-10	-1.345546e-07	-4.002826e-10
52	1.647407e-01	3.156631e-03	2.020444e-04	9.461868e-06	1.045182e-10	-1.345546e-07	-4.002826e-10
53	1.647407e-01	3.156631e-03	2.020444e-04	9.461868e-06	1.045182e-10	-1.345546e-07	-4.002826e-10
54	1.628418e-01	1.279414e-03	6.051341e-04	8.819450e-06	5.230283e-10	1.958972e-07	-3.762497e-10
55	1.628418e-01	1.279414e-03	6.051341e-04	8.819450e-06	5.230283e-10	1.958972e-07	-3.762497e-10
56	1.679688e-01	2.334595e-03	1.823902e-04	3.743172e-05	1.836781e-09	1.712702e-06	-2.488378e-09
57	1.679688e-01	2.334595e-03	1.823902e-04	3.743172e-05	1.836781e-09	1.712702e-06	-2.488378e-09
58	1.660900e-01	1.848073e-03	1.754648e-05	1.317936e-05	-1.361772e-10	5.611446e-07	-1.470478e-10
59	1.660900e-01	3.065097e-03	7.755545e-05	8.617272e-06	1.568632e-10	4.403823e-07	-1.581814e-10
60	1.660900e-01	3.065097e-03	7.755545e-05	8.617272e-06	1.568632e-10	4.403823e-07	-1.581814e-10
61	1.660900e-01	3.065097e-03	7.755545e-05	8.617272e-06	1.568632e-10	4.403823e-07	-1.581814e-10
62	1.659808e-01	2.079252e-03	1.853929e-05	2.277887e-06	-8.956008e-12	9.732693e-08	-1.178616e-11
63	1.659808e-01	2.079252e-03	1.853929e-05	2.277887e-06	-8.956008e-12	9.732693e-08	-1.178616e-11
64	1.659808e-01	2.079252e-03	1.853929e-05	2.277887e-06	-8.956008e-12	9.732693e-08	-1.178616e-11
65	1.693466e-01	2.174204e-03	8.068346e-05	1.959877e-05	1.903463e-10	8.928562e-07	-7.557530e-10
66	1.681254e-01	2.193096e-03	2.270972e-04	1.930324e-05	1.159639e-09	7.189565e-07	5.372834e-10
67	1.681254e-01	2.193096e-03	2.270972e-04	1.930324e-05	1.159639e-09	7.189565e-07	5.372834e-10
68	1.681254e-01	2.193096e-03	2.270972e-04	1.930324e-05	1.159639e-09	7.189565e-07	5.372834e-10
69	1.628333e-01	1.433284e-03	1.349757e-04	7.638707e-06	-2.452774e-10	-2.891918e-07	-5.843129e-23
70	1.628333e-01	1.433284e-03	1.349757e-04	7.638707e-06	-2.452774e-10	-2.891918e-07	-5.843129e-23
71	1.612050e-01	4.858816e-04	1.148126e-04	6.620744e-06	-1.384387e-10	-1.404248e-07	1.189752e-10
72	1.612050e-01	4.858816e-04	1.148126e-04	6.620744e-06	-1.384387e-10	-1.404248e-07	1.189752e-10
73	1.669922e-01	1.397133e-03	1.089647e-05	1.836568e-06	6.889281e-12	5.176844e-09	-4.476419e-12
74	1.669922e-01	1.397133e-03	1.089647e-05	1.836568e-06	6.889281e-12	5.176844e-09	-4.476419e-12
75	1.628333e-01	7.768802e-04	3.636190e-05	5.736978e-06	8.261622e-11	1.550314e-07	6.358998e-12
76	1.628333e-01	7.768802e-04	3.636190e-05	5.736978e-06	8.261622e-11	1.550314e-07	6.358998e-12
77	1.669922e-01	9.088516e-04	2.254732e-04	2.758577e-05	1.460393e-09	6.626906e-07	-1.612577e-09
78	1.669922e-01	9.088516e-04	2.254732e-04	2.758577e-05	1.460393e-09	6.626906e-07	-1.612577e-09
79	1.591797e-01	5.578995e-04	2.455898e-04	2.879649e-06	6.645830e-11	-1.775697e-08	-3.804956e-11
80	1.591797e-01	5.578995e-04	2.455898e-04	2.879649e-06	6.645830e-11	-1.775697e-08	-3.804956e-11
81	1.587625e-01	1.496091e-03	1.092936e-04	1.445848e-06	-1.398132e-11	-4.713611e-08	1.161309e-11
82	1.587625e-01	1.496091e-03	1.092936e-04	1.445848e-06	-1.398132e-11	-4.713611e-08	1.161309e-11
83	1.587625e-01	1.496091e-03	1.092936e-04	1.445848e-06	-1.398132e-11	-4.713611e-08	1.161309e-11
84	1.587625e-01	1.496091e-03	1.092936e-04	1.445848e-06	-1.398132e-11	-4.713611e-08	1.161309e-11
85	1.587625e-01	1.496091e-03	1.092936e-04	1.445848e-06	-1.398132e-11	-4.713611e-08	1.161309e-11
86	1.599121e-01	1.249373e-03	6.207323e-06	2.303219e-06	8.662953e-12	-5.857160e-09	-8.917866e-13
87	1.599121e-01	1.249373e-03	6.207323e-06	2.303219e-06	8.662953e-12	-5.857160e-09	-8.917866e-13
88	1.576296e-01	4.059479e-04	8.087295e-05	2.836068e-06	-1.230056e-11	5.523159e-08	-4.115233e-11
89	1.576296e-01	4.059479e-04	8.087295e-05	2.836068e-06	-1.230056e-11	5.523159e-08	-4.115233e-11
90	1.591221e-01	2.559080e-03	2.389135e-04	2.519227e-06	3.305605e-11	-6.412927e-08	5.222177e-11
91	1.665452e-01	1.141239e-03	9.749128e-04	4.617307e-05	9.102747e-09	7.931072e-07	3.620671e-09
92	1.647407e-01	1.497372e-03	3.266732e-04	1.834637e-05	8.922065e-10	-3.228212e-07	1.105096e-09
93	1.657715e-01	2.898276e-03	3.509005e-04	1.227163e-05	-5.046130e-10	-5.347179e-07	6.275644e-10
94	1.657715e-01	2.898276e-03	3.509005e-04	1.227163e-05	-5.046130e-10	-5.347179e-07	6.275644e-10
95	1.799308e-01	6.411913e-03	7.619560e-04	5.588554e-05	7.840520e-09	1.851506e-06	-8.456897e-09
96	1.799308e-01	6.411913e-03	7.619560e-04	5.588554e-05	7.840520e-09	1.851506e-06	-8.456897e-09
97	1.799308e-01	6.411913e-03	7.619560e-04	5.588554e-05	7.840520e-09	1.851506e-06	-8.456897e-09
98	1.799308e-01	6.411913e-03	7.619560e-04	5.588554e-05	7.840520e-09	1.851506e-06	-8.456897e-09
99	1.799308e-01	6.411913e-03	7.619560e-04	5.588554e-05	7.840520e-09	1.851506e-06	-8.456897e-09
100	1.657715e-01	2.898276e-03	3.509005e-04	1.227163e-05	-5.046130e-10	-5.347179e-07	6.275644e-10
101	1.657715e-01	2.898276e-03	3.509005e-04	1.227163e-05	-5.046130e-10	-5.347179e-07	6.275644e-10
102	1.635742e-01	1.899958e-03	3.150632e-04	6.340910e-06	2.588442e-10	2.705926e-07	1.154339e-10
103	1.635742e-01	1.899958e-03	3.150632e-04	6.340910e-06	2.588442e-10	2.705926e-07	1.154339e-10
104	1.644616e-01	8.703445e-04	5.333781e-04	9.506705e-06	7.681411e-11	-4.827389e-09	-6.725873e-10
105	1.694336e-01	2.447367e-03	3.021047e-04	6.733928e-06	2.135016e-10	1.947371e-07	-2.160239e-10
106	1.694336e-01	2.447367e-03	3.021047e-04	6.733928e-06	2.135016e-10	1.947371e-07	-2.160239e-10
107	1.667480e-01	1.460612e-03	1.175169e-04	2.785411e-06	5.029693e-11	9.681229e-08	-3.136241e-12
108	1.667480e-01	1.460612e-03	1.175169e-04	2.785411e-06	5.029693e-11	9.681229e-08	-3.136241e-12
109	1.667480e-01	1.460612e-03	1.175169e-04	2.785411e-06	5.029693e-11	9.681229e-08	-3.136241e-12
110	1.718519e-01	3.511660e-03	7.103047e-04	1.140639e-05	8.832644e-10	3.354237e-07	5.234145e-10
111	1.718519e-01	3.511660e-03	7.103047e-04	1.140639e-05	8.832644e-10	3.354237e-07	5.234145e-10
112	1.660900e-01	2.456585e-03	3.706694e-04	6.092528e-06	1.911562e-10	1.533735e-07	-2.174521e-10
113	1.635742e-01	1.899958e-03	3.150632e-04	6.340910e-06	2.588442e-10	2.705926e-07	1.154339e-10
114	1.635742e-01	1.899958e-03	3.150632e-04	6.340910e-06	2.588442e-10	2.705926e-07	1.154339e-10
115	1.587625e-01	1.496091e-03	1.092936e-04	1.445848e-06	-1.398132e-11	-4.713611e-08	1.161309e-11
116	1.587625e-01	1.496091e-03	1.092936e-04	1.445848e-06	-1.398132e-11	-4.713611e-08	1.161309e-11
117	1.587625e-01	1.496091e-03	1.092936e-04	1.445848e-06	-1.398132e-11	-4.713611e-08	1.161309e-11
118	1.657715e-01	2.898276e-03	3.509005e-04	1.227163e-05	-5.046130e-10	-5.347179e-07	-6.275644e-10
119	1.657715e-01	2.898276e-03	3.509005e-04	1.227163e-05	-5.046130e-10	-5.347179e-07	-6.275644e-10
120	1.648687e-01	1.739695e-03	5.595362e-04	9.138624e-06	1.410699e-10	1.371233e-07	-6.380762e-10
121	1.694102e-01	3.538493e-03	2.075944e-04	4.233933e-06	-5.166811e-11	-8.711122e-08	-1.143961e-10
122	1.694102e-01	3.538493e-03	2.075944e-04	4.233933e-06	-5.166811e-11	-8.711122e-08	-1.143961e-10
123	1.669041e-01	2.865740e-03	1.363412e-04	2.781482e-06	5.244496e-11	1.271631e-07	-1.354606e-11
124	1.669041e-01	2.865740e-03	1.363412e-04	2.781482e-06	5.244496e-11	1.271631e-07	-1.354606e-11
125	1.663237e-01	1.016223e-03	3.257523e-04	1.337371e-06	-2.644884e-11	3.067978e-08	8.924619e-12
126	1.663237e-01	1.016223e-03	3.257523e-04	1.337371e-06	-2.644884e-11	3.067978e-08	8.924619e-12
127	1.742316e-01	2.286229e-03	8.757531e-04	5.576051e-06	-1.486909e-10	-1.958433e-07	-3.601701e-10
128	1.742316e-01	2.286229e-03	8.757531e-04	5.576051e-06	-1.486909e-10	-1.958433e-07	-3.601701e-10
129	1.742316e-01	2.286229e-03	8.757531e-04	5.576051e-06	-1.486909e-10	-1.958433e-07	-3.601701e-10
130	1.783025e-01	3.214242e-03	8.371387e-04	2.289020e-05	-2.521628e-09	-1.282363e-06	-1.918769e-09
131	1.708984e-01	4.181862e-03	1.215376e-04	9.480864e-06	2.793130e-10	5.504080e-07	-1.598721e-10
132	1.693466e-01	1.734723e-03	1.342776e-04	5.626376e-06	-1.543411e-10	1.139743e-07	9.742006e-12
133	1.580405e-01	6.142939e-04	1.383730e-04	2.483448e-06	-4.603712e-11	-6.155214e-08	-2.278041e-24
134	1.580405e-01	6.142939e-04	1.383730e-04	2.483448e-06	-4.603712e-11	-6.155214e-08	-2.278041e-24
135	1.586077e-01	4.142334e-04	2.106884e-05	2.948992e-06	4.864073e-12	-5.666391e-08	2.273046e-11
136	1.669041e-01	9.021621e-04	1.207687e-04	3.507711e-06	2.526310e-11	4.458148e-08	6.763159e-11
137	1.586077e-01	4.142334e-04	2.106884e-05	2.948992e-06	4.864073e-12	-5.666391e-08	2.273046e-11
138	1.586077e-01	4.142334e-04	2.106884e-05	2.948992e-06	4.864073e-12	-5.666391e-08	2.273046e-11
139	1.612050e-01	4.858816e-04	1.148126e-04	6.620744e-06	-1.384387e-10	-1.404248e-07	1.189752e-10
140	1.687012e-01	1.452029e-03	2.957371e-04	3.314886e-05	-2.829560e-09	-1.257172e-06	1.663118e-09
141	1.647407e-01	3.156631e-03	2.020444e-04	9.461868e-06	1.045182e-10	-1.345546e-07	-4.002826e-10
142	1.647407e-01	3.156631e-03	2.020444e-04	9.461868e-06	1.045182e-10	-1.345546e-07	-4.002826e-10
143	1.647407e-01	3.156631e-03	2.020444e-04	9.461868e-06	1.045182e-10	-1.345546e-07	-4.002826e-10
144	1.628418e-01	1.279414e-03	6.051341e-04	8.819450e-06	5.230283e-10	1.958972e-07	-3.762497e-10
145	1.628418e-01	1.279414e-03	6.051341e-04	8.819450e-06	5.230283e-10	1.958972e-07	-3.762497e-10
146	1.679688e-01	2.334595e-03	1.823902e-04	3.743172e-05	1.836781e-09	1.712702e-06	-2.488378e-09
147	1.679688e-01	2.334595e-03	1.823902e-04	3.743172e-05	1.836781e-09	1.712702e-06	-2.488378e-09
148	1.660900e-01	1.848073e-03	1.754648e-05	1.317936e-05	-1.361772e-10	5.611446e-07	-1.470478e-10
149	1.660900e-01	3.065097e-03	7.755545e-05	8.617272e-06	1.568632e-10	4.403823e-07	-1.581814e-10
150	1.660900e-01	3.065097e-03	7.755545e-05	8.617272e-06	1.568632e-10	4.403823e-07	-1.581814e-10
151	1.660900e-01	3.065097e-03	7.755545e-05	8.617272e-06	1.568632e-10	4.403823e-07	-1.581814e-10
152	1.659808e-01	2.079252e-03	1.853929e-05	2.277887e-06	-8.956008e-12	9.732693e-08	-1.178616e-11
153	1.659808e-01	2.079252e-03	1.853929e-05	2.277887e-06	-8.956008e-12	9.732693e-08	-1.178616e-11
154	1.659808e-01	2.079252e-03	1.853929e-05	2.277887e-06	-8.956008e-12	9.732693e-08	-1.178616e-11
155	1.693466e-01	2.174204e-03	8.068346e-05	1.959877e-05	1.903463e-10	8.928562e-07	-7.557530e-10
156	1.681254e-01	2.193096e-03	2.270972e-04	1.930324e-05	1.159639e-09	7.189565e-07	5.372834e-10
157	1.681254e-01	2.193096e-03	2.270972e-04	1.930324e-05	1.159639e-09	7.189565e-07	5.372834e-10
158	1.681254e-01	2.193096e-03	2.270972e-04	1.930324e-05	1.159639e-09	7.189565e-07	5.372834e-10
159	1.628333e-01	1.433284e-03	1.349757e-04	7.638707e-06	-2.452774e-10	-2.891918e-07	2.140783e-23
160	1.628333e-01	1.433284e-03	1.349757e-04	7.638707e-06	-2.452774e-10	-2.891918e-07	2.140783e-23
161	1.612050e-01	4.858816e-04	1.148126e-04	6.620744e-06	-1.384387e-10	-1.404248e-07	1.189752e-10
162	1.612050e-01	4.858816e-04	1.148126e-04	6.620744e-06	-1.384387e-10	-1.404248e-07	1.189752e-10
163	1.669922e-01	1.397133e-03	1.089647e-05	1.836568e-06	6.889281e-12	5.176844e-09	-4.476419e-12
164	1.669922e-01	1.397133e-03	1.089647e-05	1.836568e-06	6.889281e-12	5.176844e-09	-4.476419e-12
165	1.628333e-01	7.768802e-04	3.636190e-05	5.736978e-06	8.261622e-11	1.550314e-07	6.358998e-12
166	1.628333e-01	7.768802e-04	3.636190e-05	5.736978e-06	8.261622e-11	1.550314e-07	6.358998e-12
167	1.669922e-01	9.088516e-04	2.254732e-04	2.758577e-05	1.460393e-09	6.626906e-07	-1.612577e-09
168	1.669922e-01	9.088516e-04	2.254732e-04	2.758577e-05	1.460393e-09	6.626906e-07	-1.612577e-09
169	1.591797e-01	5.578995e-04	2.455898e-04	2.879649e-06	6.645830e-11	-1.775697e-08	-3.804956e-11
170	1.591797e-01	5.578995e-04	2.455898e-04	2.879649e-06	6.645830e-11	-1.775697e-08	-3.804956e-11
171	1.587625e-01	1.496091e-03	1.092936e-04	1.445848e-06	-1.398132e-11	-4.713611e-08	1.161309e-11
172	1.587625e-01	1.496091e-03	1.092936e-04	1.445848e-06	-1.398132e-11	-4.713611e-08	1.161309e-11
173	1.587625e-01	1.496091e-03	1.092936e-04	1.445848e-06	-1.398132e-11	-4.713611e-08	1.161309e-11
174	1.587625e-01	1.496091e-03	1.092936e-04	1.445848e-06	-1.398132e-11	-4.713611e-08	1.161309e-11
175	1.587625e-01	1.496091e-03	1.092936e-04	1.445848e-06	-1.398132e-11	-4.713611e-08	1.161309e-11
176	1.599121e-01	1.249373e-03	6.207323e-06	2.303219e-06	8.662953e-12	-5.857160e-09	-8.917866e-13
177	1.599121e-01	1.249373e-03	6.207323e-06	2.303219e-06	8.662953e-12	-5.857160e-09	-8.917866e-13
178	1.576296e-01	4.059479e-04	8.087295e-05	2.836068e-06	-1.230056e-11	5.523159e-08	-4.115233e-11
179	1.576296e-01	4.059479e-04	8.087295e-05	2.836068e-06	-1.230056e-11	5.523159e-08	-4.115233e-11
180	1.591221e-01	2.559080e-03	2.389135e-04	2.519227e-06	3.305605e-11	-6.412927e-08	5.222177e-11
181	1.665452e-01	1.141239e-03	9.749128e-04	4.617307e-05	9.102747e-09	7.931072e-07	3.620671e-09
182	1.647407e-01	1.497372e-03	3.266732e-04	1.834637e-05	8.922065e-10	-3.228212e-07	1.105096e-09
183	1.657715e-01	2.898276e-03	3.509005e-04	1.227163e-05	-5.046130e-10	-5.347179e-07	6.275644e-10
184	1.657715e-01	2.898276e-03	3.509005e-04	1.227163e-05	-5.046130e-10	-5.347179e-07	6.275644e-10
185	1.799308e-01	6.411913e-03	7.619560e-04	5.588554e-05	7.840520e-09	1.851506e-06	-8.456897e-09
186	1.799308e-01	6.411913e-03	7.619560e-04	5.588554e-05	7.840520e-09	1.851506e-06	-8.456897e-09
187	1.799308e-01	6.411913e-03	7.619560e-04	5.588554e-05	7.840520e-09	1.851506e-06	-8.456897e-09
188	1.799308e-01	6.411913e-03	7.619560e-04	5.588554e-05	7.840520e-09	1.851506e-06	-8.456897e-09
189	1.799308e-01	6.411913e-03	7.619560e-04	5.588554e-05	7.840520e-09	1.851506e-06	-8.456897e-09
190	1.657715e-01	2.898276e-03	3.509005e-04	1.227163e-05	-5.046130e-10	-5.347179e-07	6.275644e-10
191	1.657715e-01	2.898276e-03	3.509005e-04	1.227163e-05	-5.046130e-10	-5.347179e-07	6.275644e-10
192	1.635742e-01	1.899958e-03	3.150632e-04	6.340910e-06	2.588442e-10	2.705926e-07	1.154339e-10
193	1.635742e-01	1.899958e-03	3.150632e-04	6.340910e-06	2.588442e-10	2.705926e-07	1.154339e-10
194	1.644616e-01	8.703445e-04	5.333781e-04	9.506705e-06	7.681411e-11	-4.827389e-09	-6.725873e-10
195	1.694336e-01	2.447367e-03	3.021047e-04	6.733928e-06	2.135016e-10	1.947371e-07	-2.160239e-10
196	1.694336e-01	2.447367e-03	3.021047e-04	6.733928e-06	2.135016e-10	1.947371e-07	-2.160239e-10
197	1.667480e-01	1.460612e-03	1.175169e-04	2.785411e-06	5.029693e-11	9.681229e-08	-3.136241e-12
198	1.667480e-01	1.460612e-03	1.175169e-04	2.785411e-06	5.029693e-11	9.681229e-08	-3.136241e-12
199	1.667480e-01	1.460612e-03	1.175169e-04	2.785411e-06	5.029693e-11	9.681229e-08	-3.136241e-12
200	1.718519e-01	3.511660e-03	7.103047e-04	1.140639e-05	8.832644e-10	3.354237e-07	5.234145e-10
201	1.718519e-01	3.511660e-03	7.103047e-04	1.140639e-05	8.832644e-10	3.354237e-07	5.234145e-10
202	1.660900e-01	2.456585e-03	3.706694e-04	6.092528e-06	1.911562e-10	1.533735e-07	-2.174521e-10
203	1.635742e-01	1.899958e-03	3.150632e-04	6.340910e-06	2.588442e-10	2.705926e-07	1.154339e-10
204	1.635742e-01	1.899958e-03	3.150632e-04	6.340910e-06	2.588442e-10	2.705926e-07	1.154339e-10
205	1.587625e-01	1.496091e-03	1.092936e-04	1.445848e-06	-1.398132e-11	-4.713611e-08	1.161309e-11
206	1.587625e-01	1.496091e-03	1.092936e-04	1.445848e-06	-1.398132e-11	-4.713611e-08	1.161309e-11
207	1.587625e-01	1.496091e-03	1.092936e-04	1.445848e-06	-1.398132e-11	-4.713611e-08	1.161309e-11
208	1.657715e-01	2.898276e-03	3.509005e-04	1.227163e-05	-5.046130e-10	-5.347179e-07	-6.275644e-10
209	1.657715e-01	2.898276e-03	3.509005e-04	1.227163e-05	-5.046130e-10	-5.347179e-07	-6.275644e-10
210	1.648687e-01	1.739695e-03	5.595362e-04	9.138624e-06	1.410699e-10	1.371233e-07	-6.380762e-10
211	1.694102e-01	3.538493e-03	2.075944e-04	4.233933e-06	-5.166811e-11	-8.711122e-08	-1.143961e-10
212	1.694102e-01	3.538493e-03	2.075944e-04	4.233933e-06	-5.166811e-11	-8.711122e-08	-1.143961e-10
213	1.669041e-01	2.865740e-03	1.363412e-04	2.781482e-06	5.244496e-11	1.271631e-07	-1.354606e-11
214	1.669041e-01	2.865740e-03	1.363412e-04	2.781482e-06	5.244496e-11	1.271631e-07	-1.354606e-11
215	1.663237e-01	1.016223e-03	3.257523e-04	1.337371e-06	-2.644884e-11	3.067978e-08	8.924619e-12
216	1.663237e-01	1.016223e-03	3.257523e-04	1.337371e-06	-2.644884e-11	3.067978e-08	8.924619e-12
217	1.742316e-01	2.286229e-03	8.757531e-04	5.576051e-06	-1.486909e-10	-1.958433e-07	-3.601701e-10
218	1.742316e-01	2.286229e-03	8.757531e-04	5.576051e-06	-1.486909e-10	-1.958433e-07	-3.601701e-10
219	1.742316e-01	2.286229e-03	8.757531e-04	5.576051e-06	-1.486909e-10	-1.958433e-07	-3.601701e-10
220	1.783025e-01	3.214242e-03	8.371387e-04	2.289020e-05	-2.521628e-09	-1.282363e-06	-1.918769e-09
221	1.708984e-01	4.181862e-03	1.215376e-04	9.480864e-06	2.793130e-10	5.504080e-07	-1.598721e-10
222	1.693466e-01	1.734723e-03	1.342776e-04	5.626376e-06	-1.543411e-10	1.139743e-07	9.742006e-12
223	1.580405e-01	6.142939e-04	1.383730e-04	2.483448e-06	-4.603712e-11	-6.155214e-08	6.639869e-24
224	1.580405e-01	6.142939e-04	1.383730e-04	2.483448e-06	-4.603712e-11	-6.155214e-08	6.639869e-24
225	1.586077e-01	4.142334e-04	2.106884e-05	2.948992e-06	4.864073e-12	-5.666391e-08	2.273046e-11
226	1.669041e-01	9.021621e-04	1.207687e-04	3.507711e-06	2.526310e-11	4.458148e-08	6.763159e-11
227	1.586077e-01	4.142334e-04	2.106884e-05	2.948992e-06	4.864073e-12	-5.666391e-08	2.273046e-11
228	1.586077e-01	4.142334e-04	2.106884e-05	2.948992e-06	4.864073e-12	-5.666391e-08	2.273046e-11
229	1.612050e-01	4.858816e-04	1.148126e-04	6.620744e-06	-1.384387e-10	-1.404248e-07	1.189752e-10
230	1.687012e-01	1.452029e-03	2.957371e-04	3.314886e-05	-2.829560e-09	-1.257172e-06	1.663118e-09
231	1.647407e-01	3.156631e-03	2.020444e-04	9.461868e-06	1.045182e-10	-1.345546e-07	-4.002826e-10
232	1.647407e-01	3.156631e-03	2.020444e-04	9.461868e-06	1.045182e-10	-1.345546e-07	-4.002826e-10
233	1.647407e-01	3.156631e-03	2.020444e-04	9.461868e-06	1.045182e-10	-1.345546e-07	-4.002826e-10
234	1.628418e-01	1.279414e-03	6.051341e-04	8.819450e-06	5.230283e-10	1.958972e-07	-3.762497e-10
235	1.628418e-01	1.279414e-03	6.051341e-04	8.819450e-06	5.230283e-10	1.958972e-07	-3.762497e-10
236	1.679688e-01	2.334595e-03	1.823902e-04	3.743172e-05	1.836781e-09	1.712702e-06	-2.488378e-09
237	1.679688e-01	2.334595e-03	1.823902e-04	3.743172e-05	1.836781e-09	1.712702e-06	-2.488378e-09
238	1.660900e-01	1.848073e-03	1.754648e-05	1.317936e-05	-1.361772e-10	5.611446e-07	-1.470478e-10
239	1.660900e-01	3.065097e-03	7.755545e-05	8.617272e-06	1.568632e-10	4.403823e-07	-1.581814e-10
240	1.660900e-01	3.065097e-03	7.755545e-05	8.617272e-06	1.568632e-10	4.403823e-07	-1.581814e-10
241	1.660900e-01	3.065097e-03	7.755545e-05	8.617272e-06	1.568632e-10	4.403823e-07	-1.581814e-10
242	1.659808e-01	2.079252e-03	1.853929e-05	2.277887e-06	-8.956008e-12	9.732693e-08	-1.178616e-11
243	1.659808e-01	2.079252e-03	1.853929e-05	2.277887e-06	-8.956008e-12	9.732693e-08	-1.178616e-11
244	1.659808e-01	2.079252e-03	1.853929e-05	2.277887e-06	-8.956008e-12	9.732693e-08	-1.178616e-11
245	1.693466e-01	2.174204e-03	8.068346e-05	1.959877e-05	1.903463e-10	8.928562e-07	-7.557530e-10
246	1.681254e-01	2.193096e-03	2.270972e-04	1.930324e-05	1.159639e-09	7.189565e-07	5.372834e-10
247	1.681254e-01	2.193096e-03	2.270972e-04	1.930324e-05	1.159639e-09	7.189565e-07	5.372834e-10
248	1.681254e-01	2.193096e-03	2.270972e-04	1.930324e-05	1.159639e-09	7.189565e-07	5.372834e-10
249	1.628333e-01	1.433284e-03	1.349757e-04	7.638707e-06	-2.452774e-10	-2.891918e-07	-3.765806e-23
250	1.628333e-01	1.433284e-03	1.349757e-04	7.638707e-06	-2.452774e-10	-2.891918e-07	-3.765806e-23
251	1.612050e-01	4.858816e-04	1.148126e-04	6.620744e-06	-1.384387e-10	-1.404248e-07	1.189752e-10
252	1.612050e-01	4.858816e-04	1.148126e-04	6.620744e-06	-1.384387e-10	-1.404248e-07	1.189752e-10
253	1.669922e-01	1.397133e-03	1.089647e-05	1.836568e-06	6.889281e-12	5.176844e-09	-4.476419e-12
254	1.669922e-01	1.397133e-03	1.089647e-05	1.836568e-06	6.889281e-12	5.176844e-09	-4.476419e-12
255	1.628333e-01	7.768802e-04	3.636190e-05	5.736978e-06	8.261622e-11	1.550314e-07	6.358998e-12
256	1.628333e-01	7.768802e-04	3.636190e-05	5.736978e-06	8.261622e-11	1.550314e-07	6.358998e-12
257	1.669922e-01	9.088516e-04	2.254732e-04	2.758577e-05	1.460393e-09	6.626906e-07	-1.612577e-09
258	1.669922e-01	9.088516e-04	2.254732e-04	2.758577e-05	1.460393e-09	6.626906e-07	-1.612577e-09
259	1.591797e-01	5.578995e-04	2.455898e-04	2.879649e-06	6.645830e-11	-1.775697e-08	-3.804956e-11
260	1.591797e-01	5.578995e-04	2.455898e-04	2.879649e-06	6.645830e-11	-1.775697e-08	-3.804956e-11
261	1.587625e-01	1.496091e-03	1.092936e-04	1.445848e-06	-1.398132e-11	-4.713611e-08	1.161309e-11
262	1.587625e-01	1.496091e-03	1.092936e-04	1.445848e-06	-1.398132e-11	-4.713611e-08	1.161309e-11
263	1.587625e-01	1.496091e-03	1.092936e-04	1.445848e-06	-1.398132e-11	-4.713611e-08	1.161309e-11
264	1.587625e-01	1.496091e-03	1.092936e-04	1.445848e-06	-1.398132e-11	-4.713611e-08	1.161309e-11
265	1.587625e-01	1.496091e-03	1.092936e-04	1.445848e-06	-1.398132e-11	-4.713611e-08	1.161309e-11
266	1.599121e-01	1.249373e-03	6.207323e-06	2.303219e-06	8.662953e-12	-5.857160e-09	-8.917866e-13
267	1.599121e-01	1.249373e-03	6.207323e-06	2.303219e-06	8.662953e-12	-5.857160e-09	-8.917866e-13
268	1.576296e-01	4.059479e-04	8.087295e-05	2.836068e-06	-1.230056e-11	5.523159e-08	-4.115233e-11
269	1.576296e-01	4.059479e-04	8.087295e-05	2.836068e-06	-1.230056e-11	5.523159e-08	-4.115233e-11
270	1.591221e-01	2.559080e-03	2.389135e-04	2.519227e-06	3.305605e-11	-6.412927e-08	5.222177e-11
271	1.665452e-01	1.141239e-03	9.749128e-04	4.617307e-05	9.102747e-09	7.931072e-07	3.620671e-09
272	1.647407e-01	1.497372e-03	3.266732e-04	1.834637e-05	8.922065e-10	-3.228212e-07	1.105096e-09
273	1.657715e-01	2.898276e-03	3.509005e-04	1.227163e-05	-5.046130e-10	-5.347179e-07	6.275644e-10
274	1.657715e-01	2.898276e-03	3.509005e-04	1.227163e-05	-5.046130e-10	-5.347179e-07	6.275644e-10
275	1.799308e-01	6.411913e-03	7.619560e-04	5.588554e-05	7.840520e-09	1.851506e-06	-8.456897e-09
276	1.799308e-01	6.411913e-03	7.619560e-04	5.588554e-05	7.840520e-09	1.851506e-06	-8.456897e-09
277	1.799308e-01	6.411913e-03	7.619560e-04	5.588554e-05	7.840520e-09	1.851506e-06	-8.456897e-09
278	1.799308e-01	6.411913e-03	7.619560e-04	5.588554e-05	7.840520e-09	1.851506e-06	-8.456897e-09
279	1.799308e-01	6.411913e-03	7.619560e-04	5.588554e-05	7.840520e-09	1.851506e-06	-8.456897e-09
280	1.657715e-01	2.898276e-03	3.509005e-04	1.227163e-05	-5.046130e-10	-5.347179e-07	6.275644e-10
281	1.657715e-01	2.898276e-03	3.509005e-04	1.227163e-05	-5.046130e-10	-5.347179e-07	6.275644e-10
282	1.635742e-01	1.899958e-03	3.150632e-04	6.340910e-06	2.588442e-10	2.705926e-07	1.154339e-10
283	1.635742e-01	1.899958e-03	3.150632e-04	6.340910e-06	2.588442e-10	2.705926e-07	1.154339e-10
284	1.644616e-01	8.703445e-04	5.333781e-04	9.506705e-06	7.681411e-11	-4.827389e-09	-6.725873e-10
285	1.694336e-01	2.447367e-03	3.021047e-04	6.733928e-06	2.135016e-10	1.947371e-07	-2.160239e-10
286	1.694336e-01	2.447367e-03	3.021047e-04	6.733928e-06	2.135016e-10	1.947371e-07	-2.160239e-10
287	1.667480e-01	1.460612e-03	1.175169e-04	2.785411e-06	5.029693e-11	9.681229e-08	-3.136241e-12
288	1.667480e-01	1.460612e-03	1.175169e-04	2.785411e-06	5.029693e-11	9.681229e-08	-3.136241e-12
289	1.667480e-01	1.460612e-03	1.175169e-04	2.785411e-06	5.029693e-11	9.681229e-08	-3.136241e-12
290	1.718519e-01	3.511660e-03	7.103047e-04	1.140639e-05	8.832644e-10	3.354237e-07	5.234145e-10
291	1.718519e-01	3.511660e-03	7.103047e-04	1.140639e-05	8.832644e-10	3.354237e-07	5.234145e-10
292	1.660900e-01	2.456585e-03	3.706694e-04	6.092528e-06	1.911562e-10	1.533735e-07	-2.174521e-10
293	1.635742e-01	1.899958e-03	3.150632e-04	6.340910e-06	2.588442e-10	2.705926e-07	1.154339e-10
294	1.635742e-01	1.899958e-03	3.150632e-04	6.340910e-06	2.588442e-10	2.705926e-07	1.154339e-10
295	1.587625e-01	1.496091e-03	1.092936e-04	1.445848e-06	-1.398132e-11	-4.713611e-08	1.161309e-11
296	1.587625e-01	1.496091e-03	1.092936e-04	1.445848e-06	-1.398132e-11	-4.713611e-08	1.161309e-11
297	1.587625e-01	1.496091e-03	1.092936e-04	1.445848e-06	-1.398132e-11	-4.713611e-08	1.161309e-11
298	1.657715e-01	2.898276e-03	3.509005e-04	1.227163e-05	-5.046130e-10	-5.347179e-07	-6.275644e-10
299	1.657715e-01	2.898276e-03	3.509005e-04	1.227163e-05	-5.046130e-10	-5.347179e-07	-6.275644e-10
300	1.648687e-01	1.739695e-03	5.595362e-04	9.138624e-06	1.410699e-10	1.371233e-07	-6.380762e-10
301	1.694102e-01	3.538493e-03	2.075944e-04	4.233933e-06	-5.166811e-11	-8.711122e-08	-1.143961e-10
302	1.694102e-01	3.538493e-03	2.075944e-04	4.233933e-06	-5.166811e-11	-8.711122e-08	-1.143961e-10
303	1.669041e-01	2.865740e-03	1.363412e-04	2.781482e-06	5.244496e-11	1.271631e-07	-1.354606e-11
304	1.669041e-01	2.865740e-03	1.363412e-04	2.781482e-06	5.244496e-11	1.271631e-07	-1.354606e-11
305	1.663237e-01	1.016223e-03	3.257523e-04	1.337371e-06	-2.644884e-11	3.067978e-08	8.924619e-12
306	1.663237e-01	1.016223e-03	3.257523e-04	1.337371e-06	-2.644884e-11	3.067978e-08	8.924619e-12
307	1.742316e-01	2.286229e-03	8.757531e-04	5.576051e-06	-1.486909e-10	-1.958433e-07	-3.601701e-10
308	1.742316e-01	2.286229e-03	8.757531e-04	5.576051e-06	-1.486909e-10	-1.958433e-07	-3.601701e-10
309	1.742316e-01	2.286229e-03	8.757531e-04	5.576051e-06	-1.486909e-10	-1.958433e-07	-3.601701e-10
310	1.783025e-01	3.214242e-03	8.371387e-04	2.289020e-05	-2.521628e-09	-1.282363e-06	-1.918769e-09
311	1.708984e-01	4.181862e-03	1.215376e-04	9.480864e-06	2.793130e-10	5.504080e-07	-1.598721e-10
312	1.693466e-01	1.734723e-03	1.342776e-04	5.626376e-06	-1.543411e-10	1.139743e-07	9.742006e-12
313	1.580405e-01	6.142939e-04	1.383730e-04	2.483448e-06	-4.603712e-11	-6.155214e-08	4.507646e-24
314	1.580405e-01	6.142939e-04	1.383730e-04	2.483448e-06	-4.603712e-11	-6.155214e-08	4.507646e-24
315	1.586077e-01	4.142334e-04	2.106884e-05	2.948992e-06	4.864073e-12	-5.666391e-08	2.273046e-11
316	1.669041e-01	9.021621e-04	1.207687e-04	3.507711e-06	2.526310e-11	4.458148e-08	6.763159e-11
317	1.586077e-01	4.142334e-04	2.106884e-05	2.948992e-06	4.864073e-12	-5.666391e-08	2.273046e-11
318	1.586077e-01	4.142334e-04	2.106884e-05	2.948992e-06	4.864073e-12	-5.666391e-08	2.273046e-11
319	1.612050e-01	4.858816e-04	1.148126e-04	6.620744e-06	-1.384387e-10	-1.404248e-07	1.189752e-10
320	1.687012e-01	1.452029e-03	2.957371e-04	3.314886e-05	-2.829560e-09	-1.257172e-06	1.663118e-09
321	1.647407e-01	3.156631e-03	2.020444e-04	9.461868e-06	1.045182e-10	-1.345546e-07	-4.002826e-10
322	1.647407e-01	3.156631e-03	2.020444e-04	9.461868e-06	1.045182e-10	-1.345546e-07	-4.002826e-10
323	1.647407e-01	3.156631e-03	2.020444e-04	9.461868e-06	1.045182e-10	-1.345546e-07	-4.002826e-10
324	1.628418e-01	1.279414e-03	6.051341e-04	8.819450e-06	5.230283e-10	1.958972e-07	-3.762497e-10
325	1.628418e-01	1.279414e-03	6.051341e-04	8.819450e-06	5.230283e-10	1.958972e-07	-3.762497e-10
326	1.679688e-01	2.334595e-03	1.823902e-04	3.743172e-05	1.836781e-09	1.712702e-06	-2.488378e-09
327	1.679688e-01	2.334595e-03	1.823902e-04	3.743172e-05	1.836781e-09	1.712702e-06	-2.488378e-09
328	1.660900e-01	1.848073e-03	1.754648e-05	1.317936e-05	-1.361772e-10	5.611446e-07	-1.470478e-10
329	1.660900e-01	3.065097e-03	7.755545e-05	8.617272e-06	1.568632e-10	4.403823e-07	-1.581814e-10
330	1.660900e-01	3.065097e-03	7.755545e-05	8.617272e-06	1.568632e-10	4.403823e-07	-1.581814e-10
331	1.660900e-01	3.065097e-03	7.755545e-05	8.617272e-06	1.568632e-10	4.403823e-07	-1.581814e-10
332	1.659808e-01	2.079252e-03	1.853929e-05	2.277887e-06	-8.956008e-12	9.732693e-08	-1.178616e-11
333	1.659808e-01	2.079252e-03	1.853929e-05	2.277887e-06	-8.956008e-12	9.732693e-08	-1.178616e-11
334	1.659808e-01	2.079252e-03	1.853929e-05	2.277887e-06	-8.956008e-12	9.732693e-08	-1.178616e-11
335	1.693466e-01	2.174204e-03	8.068346e-05	1.959877e-05	1.903463e-10	8.928562e-07	-7.557530e-10
336	1.681254e-01	2.193096e-03	2.270972e-04	1.930324e-05	1.159639e-09	7.189565e-07	5.372834e-10
337	1.681254e-01	2.193096e-03	2.270972e-04	1.930324e-05	1.159639e-09	7.189565e-07	5.372834e-10
338	1.681254e-01	2.193096e-03	2.270972e-04	1.930324e-05	1.159639e-09	7.189565e-07	5.372834e-10
339	1.628333e-01	1.433284e-03	1.349757e-04	7.638707e-06	-2.452774e-10	-2.891918e-07	-8.733006e-25
340	1.628333e-01	1.433284e-03	1.349757e-04	7.638707e-06	-2.452774e-10	-2.891918e-07	-8.733006e-25
341	1.612050e-01	4.858816e-04	1.148126e-04	6.620744e-06	-1.384387e-10	-1.404248e-07	1.189752e-10
342	1.612050e-01	4.858816e-04	1.148126e-04	6.620744e-06	-1.384387e-10	-1.404248e-07	1.189752e-10
343	1.669922e-01	1.397133e-03	1.089647e-05	1.836568e-06	6.889281e-12	5.176844e-09	-4.476419e-12
344	1.669922e-01	1.397133e-03	1.089647e-05	1.836568e-06	6.889281e-12	5.176844e-09	-4.476419e-12
345	1.628333e-01	7.768802e-04	3.636190e-05	5.736978e-06	8.261622e-11	1.550314e-07	6.358998e-12
346	1.628333e-01	7.768802e-04	3.636190e-05	5.736978e-06	8.261622e-11	1.550314e-07	6.358998e-12
347	1.669922e-01	9.088516e-04	2.254732e-04	2.758577e-05	1.460393e-09	6.626906e-07	-1.612577e-09
348	1.669922e-01	9.088516e-04	2.254732e-04	2.758577e-05	1.460393e-09	6.626906e-07	-1.612577e-09
349	1.591797e-01	5.578995e-04	2.455898e-04	2.879649e-06	6.645830e-11	-1.775697e-08	-3.804956e-11
350	1.591797e-01	5.578995e-04	2.455898e-04	2.879649e-06	6.645830e-11	-1.775697e-08	-3.804956e-11
351	1.587625e-01	1.496091e-03	1.092936e-04	1.445848e-06	-1.398132e-11	-4.713611e-08	1.161309e-11
352	1.587625e-01	1.496091e-03	1.092936e-04	1.445848e-06	-1.398132e-11	-4.713611e-08	1.161309e-11
353	1.587625e-01	1.496091e-03	1.092936e-04	1.445848e-06	-1.398132e-11	-4.713611e-08	1.161309e-11
354	1.587625e-01	1.496091e-03	1.092936e-04	1.445848e-06	-1.398132e-11	-4.713611e-08	1.161309e-11
355	1.587625e-01	1.496091e-03	1.092936e-04	1.445848e-06	-1.398132e-11	-4.713611e-08	1.161309e-11
356	1.599121e-01	1.249373e-03	6.207323e-06	2.303219e-06	8.662953e-12	-5.857160e-09	-8.917866e-13
357	1.599121e-01	1.249373e-03	6.207323e-06	2.303219e-06	8.662953e-12	-5.857160e-09	-8.917866e-13
358	1.576296e-01	4.059479e-04	8.087295e-05	2.836068e-06	-1.230056e-11	5.523159e-08	-4.115233e-11
359	1.576296e-01	4.059479e-04	8.087295e-05	2.836068e-06	-1.230056e-11	5.523159e-08	-4.115233e-11
