0	1.560000e-01	1.296000e-03	3.317760e-04	9.216000e-06	5.096079e-10	3.317760e-07	0.000000e+00
1	1.665185e-01	8.378820e-04	1.144342e-03	3.930817e-05	8.045165e-09	1.137635e-06	2.185957e-09
2	1.635742e-01	6.029606e-04	3.865440e-04	1.562433e-05	7.285896e-10	1.896112e-07	9.713480e-10
3	1.648687e-01	1.739695e-03	5.595362e-04	9.138624e-06	1.410699e-10	1.371233e-07	6.380762e-10
4	1.648687e-01	1.739695e-03	5.595362e-04	9.138624e-06	1.410699e-10	1.371233e-07	6.380762e-10
5	1.757545e-01	3.793489e-03	7.824186e-04	2.742498e-05	2.313245e-09	-2.555505e-07	-3.284503e-09
6	1.757545e-01	3.793489e-03	7.824186e-04	2.742498e-05	2.313245e-09	-2.555505e-07	-3.284503e-09
7	1.757545e-01	3.793489e-03	7.824186e-04	2.742498e-05	2.313245e-09	-2.555505e-07	-3.284503e-09
8	1.757545e-01	3.793489e-03	7.824186e-04	2.742498e-05	2.313245e-09	-2.555505e-07	-3.284503e-09
9	1.757545e-01	3.793489e-03	7.824186e-04	2.742498e-05	2.313245e-09	-2.555505e-07	-3.284503e-09
10	1.648687e-01	1.739695e-03	5.595362e-04	9.138624e-06	1.410699e-10	1.371233e-07	6.380762e-10
11	1.724966e-01	8.595733e-04	1.537974e-03	1.477481e-05	-5.933482e-10	-4.155592e-07	2.146698e-09
12	1.730104e-01	2.124158e-03	1.123019e-03	3.002885e-05	-1.495649e-09	-9.228341e-07	5.307741e-09
13	1.730104e-01	2.124158e-03	1.123019e-03	3.002885e-05	-1.495649e-09	-9.228341e-07	5.307741e-09
14	1.695816e-01	1.771863e-03	1.015450e-03	1.456105e-05	-1.742916e-09	-5.882352e-07	3.118305e-10
15	1.746387e-01	3.726970e-03	6.574474e-04	1.076206e-05	-8.194539e-10	-6.118128e-07	-3.846977e-10
16	1.746387e-01	3.726970e-03	6.574474e-04	1.076206e-05	-8.194539e-10	-6.118128e-07	-3.846977e-10
17	1.670096e-01	2.205913e-03	3.352083e-04	6.222728e-06	2.833073e-10	1.708345e-07	-2.254538e-11
18	1.640545e-01	1.066222e-03	3.108315e-04	9.385260e-06	4.752931e-10	3.064233e-07	1.762257e-10
19	1.640545e-01	1.066222e-03	3.108315e-04	9.385260e-06	4.752931e-10	3.064233e-07	1.762257e-10
20	1.674805e-01	2.247095e-03	1.005095e-03	2.588006e-05	3.849718e-09	1.083121e-06	1.613028e-09
21	1.674805e-01	2.247095e-03	1.005095e-03	2.588006e-05	3.849718e-09	1.083121e-06	1.613028e-09
22	1.604938e-01	1.371742e-03	2.881317e-04	5.880239e-06	-2.420405e-10	-2.177866e-07	1.415150e-23
23	1.587625e-01	1.496091e-03	1.092936e-04	1.445848e-06	-1.398132e-11	-4.713611e-08	1.161309e-11
24	1.647805e-01	1.368949e-03	2.974836e-04	7.217610e-06	3.302608e-10	-5.586526e-08	5.272264e-11
25	1.647805e-01	1.368949e-03	2.974836e-04	7.217610e-06	3.302608e-10	-5.586526e-08	5.272264e-11
26	1.647805e-01	1.368949e-03	2.974836e-04	7.217610e-06	3.302608e-10	-5.586526e-08	5.272264e-11
27	1.647805e-01	1.368949e-03	2.974836e-04	7.217610e-06	3.302608e-10	-5.586526e-08	5.272264e-11
28	1.717891e-01	2.962353e-03	2.600719e-04	3.897903e-06	-1.128250e-10	2.073806e-07	-5.169972e-11
29	1.694102e-01	2.179452e-03	5.796044e-04	4.807438e-08	-2.296075e-13	-2.072862e-09	1.080668e-13
30	1.653302e-01	9.377229e-04	1.845837e-04	1.112221e-06	1.016033e-11	4.080746e-09	1.227715e-11
31	1.682461e-01	1.818310e-03	3.294524e-04	6.356920e-07	-7.347443e-12	-2.686023e-08	-5.535953e-12
32	1.682461e-01	1.818310e-03	3.294524e-04	6.356920e-07	-7.347443e-12	-2.686023e-08	-5.535953e-12
33	1.668381e-01	1.920045e-03	7.037936e-05	5.192194e-07	1.265577e-12	-3.430709e-09	-2.872232e-12
34	1.668381e-01	1.920045e-03	7.037936e-05	5.192194e-07	1.265577e-12	-3.430709e-09	-2.872232e-12
35	1.638723e-01	8.842432e-04	2.821567e-04	2.672181e-07	2.119813e-12	7.887174e-09	-9.434939e-13
36	1.638723e-01	8.842432e-04	2.821567e-04	2.672181e-07	2.119813e-12	7.887174e-09	-9.434939e-13
37	1.704390e-01	1.826285e-03	7.241567e-04	8.445927e-06	-2.748744e-10	-7.075216e-08	6.006107e-10
38	1.704390e-01	1.826285e-03	7.241567e-04	8.445927e-06	-2.748744e-10	-7.075216e-08	6.006107e-10
39	1.704390e-01	1.826285e-03	7.241567e-04	8.445927e-06	-2.748744e-10	-7.075216e-08	6.006107e-10
40	1.783025e-01	3.214242e-03	8.371387e-04	2.289020e-05	-2.521628e-09	-1.282363e-06	-1.918769e-09
41	1.708984e-01	4.181862e-03	1.215376e-04	9.480864e-06	2.793130e-10	5.504080e-07	-1.598721e-10
42	1.693466e-01	1.734723e-03	1.342776e-04	5.626376e-06	-1.543411e-10	1.139743e-07	9.742006e-12
43	1.580405e-01	6.142939e-04	1.383730e-04	2.483448e-06	-4.603712e-11	-6.155214e-08	-2.085598e-24
44	1.618750e-01	9.660156e-04	7.158691e-05	9.931641e-07	-5.496245e-12	3.060242e-08	-6.318237e-12
45	1.618312e-01	3.099102e-04	7.743865e-05	1.969087e-07	7.584894e-13	1.400921e-09	-1.261666e-13
46	1.618312e-01	3.099102e-04	7.743865e-05	1.969087e-07	7.584894e-13	1.400921e-09	-1.261666e-13
47	1.618312e-01	3.099102e-04	7.743865e-05	1.969087e-07	7.584894e-13	1.400921e-09	-1.261666e-13
48	1.618312e-01	3.099102e-04	7.743865e-05	1.969087e-07	7.584894e-13	1.400921e-09	-1.261666e-13
49	1.652949e-01	1.056091e-03	3.798360e-05	2.092365e-06	-1.418602e-11	6.874945e-09	-1.211198e-11
50	1.721962e-01	2.065660e-03	5.576320e-06	1.048934e-05	-7.891685e-11	-4.679973e-07	1.441417e-11
51	1.674805e-01	2.529383e-03	2.725166e-04	1.211185e-06	-2.200454e-11	6.091409e-08	0.000000e+00
52	1.673112e-01	1.421353e-03	7.062747e-04	9.474493e-07	5.376864e-12	-3.200689e-08	2.391165e-11
53	1.687012e-01	1.040041e-03	7.900012e-04	4.784495e-06	-1.205488e-10	6.386175e-08	-2.683130e-10
54	1.636475e-01	2.313406e-04	7.733885e-04	4.471857e-06	7.270205e-11	6.226165e-08	2.527359e-10
55	1.636475e-01	2.313406e-04	7.733885e-04	4.471857e-06	7.270205e-11	6.226165e-08	2.527359e-10
56	1.693466e-01	1.498080e-03	6.290626e-04	3.979442e-05	3.273795e-10	3.996334e-07	-6.287708e-09
57	1.693466e-01	1.498080e-03	6.290626e-04	3.979442e-05	3.273795e-10	3.996334e-07	-6.287708e-09
58	1.659808e-01	8.599261e-04	1.612331e-04	1.534508e-05	-6.072892e-11	2.450275e-07	-7.608552e-10
59	1.659808e-01	2.079252e-03	1.853929e-05	2.277887e-06	-8.956008e-12	9.732693e-08	-1.178616e-11
60	1.659808e-01	2.079252e-03	1.853929e-05	2.277887e-06	-8.956008e-12	9.732693e-08	-1.178616e-11
61	1.653302e-01	9.377229e-04	1.845837e-04	1.112221e-06	1.016033e-11	4.080746e-09	-1.227715e-11
62	1.653302e-01	9.377229e-04	1.845837e-04	1.112221e-06	1.016033e-11	4.080746e-09	-1.227715e-11
63	1.653302e-01	9.377229e-04	1.845837e-04	1.112221e-06	1.016033e-11	4.080746e-09	-1.227715e-11
64	1.653302e-01	9.377229e-04	1.845837e-04	1.112221e-06	1.016033e-11	4.080746e-09	-1.227715e-11
65	1.688957e-01	1.446568e-03	7.251294e-05	7.839028e-06	-1.216104e-10	2.887003e-07	-1.419197e-10
66	1.647805e-01	1.368949e-03	2.974836e-04	7.217610e-06	3.302608e-10	-5.586526e-08	-5.272264e-11
67	1.647805e-01	1.368949e-03	2.974836e-04	7.217610e-06	3.302608e-10	-5.586526e-08	-5.272264e-11
68	1.647805e-01	1.368949e-03	2.974836e-04	7.217610e-06	3.302608e-10	-5.586526e-08	-5.272264e-11
69	1.608368e-01	1.117833e-03	1.904020e-04	6.857213e-06	-1.386284e-10	-1.830837e-07	-2.053644e-10
70	1.608368e-01	1.117833e-03	1.904020e-04	6.857213e-06	-1.386284e-10	-1.830837e-07	-2.053644e-10
71	1.635802e-01	1.619418e-04	3.398778e-04	1.434778e-05	4.984650e-11	-7.549936e-08	1.000692e-09
72	1.635802e-01	1.619418e-04	3.398778e-04	1.434778e-05	4.984650e-11	-7.549936e-08	1.000692e-09
73	1.685325e-01	7.722402e-04	2.484876e-04	5.359907e-06	1.504956e-10	-6.513089e-08	1.249555e-10
74	1.685325e-01	7.722402e-04	2.484876e-04	5.359907e-06	1.504956e-10	-6.513089e-08	1.249555e-10
75	1.627229e-01	2.124236e-04	4.662247e-05	3.413604e-06	-4.306429e-11	4.975245e-08	-9.655324e-24
76	1.627229e-01	2.124236e-04	4.662247e-05	3.413604e-06	-4.306429e-11	4.975245e-08	-9.655324e-24
77	1.669041e-01	7.669372e-04	4.218745e-06	1.331998e-05	9.207255e-11	1.091307e-07	-3.863438e-11
78	1.669041e-01	7.669372e-04	4.218745e-06	1.331998e-05	9.207255e-11	1.091307e-07	-3.863438e-11
79	1.587625e-01	1.496091e-03	1.092936e-04	1.445848e-06	-1.398132e-11	-4.713611e-08	1.161309e-11
80	1.587625e-01	1.496091e-03	1.092936e-04	1.445848e-06	-1.398132e-11	-4.713611e-08	1.161309e-11
81	1.620370e-01	2.631554e-03	0.000000e+00	0.000000e+00	0.000000e+00	0.000000e+00	0.000000e+00
82	1.620370e-01	2.631554e-03	0.000000e+00	0.000000e+00	0.000000e+00	0.000000e+00	0.000000e+00
83	1.620370e-01	2.631554e-03	0.000000e+00	0.000000e+00	0.000000e+00	0.000000e+00	0.000000e+00
84	1.620370e-01	2.631554e-03	0.000000e+00	0.000000e+00	0.000000e+00	0.000000e+00	0.000000e+00
85	1.620370e-01	2.631554e-03	0.000000e+00	0.000000e+00	0.000000e+00	0.000000e+00	0.000000e+00
86	1.660900e-01	3.065097e-03	7.755545e-05	8.617272e-06	1.568632e-10	4.403823e-07	-1.581814e-10
87	1.660900e-01	3.065097e-03	7.755545e-05	8.617272e-06	1.568632e-10	4.403823e-07	-1.581814e-10
88	1.630859e-01	1.572609e-03	3.927089e-04	1.171604e-05	7.320102e-10	4.571593e-07	-3.093845e-10
89	1.630859e-01	1.572609e-03	3.927089e-04	1.171604e-05	7.320102e-10	4.571593e-07	-3.093845e-10
90	1.560000e-01	1.296000e-03	3.317760e-04	9.216000e-06	5.096079e-10	3.317760e-07	6.600749e-23
91	1.665185e-01	8.378820e-04	1.144342e-03	3.930817e-05	8.045165e-09	1.137635e-06	2.185957e-09
92	1.635742e-01	6.029606e-04	3.865440e-04	1.562433e-05	7.285896e-10	1.896112e-07	9.713480e-10
93	1.648687e-01	1.739695e-03	5.595362e-04	9.138624e-06	1.410699e-10	1.371233e-07	6.380762e-10
94	1.648687e-01	1.739695e-03	5.595362e-04	9.138624e-06	1.410699e-10	1.371233e-07	6.380762e-10
95	1.757545e-01	3.793489e-03	7.824186e-04	2.742498e-05	2.313245e-09	-2.555505e-07	-3.284503e-09
96	1.757545e-01	3.793489e-03	7.824186e-04	2.742498e-05	2.313245e-09	-2.555505e-07	-3.284503e-09
97	1.757545e-01	3.793489e-03	7.824186e-04	2.742498e-05	2.313245e-09	-2.555505e-07	-3.284503e-09
98	1.757545e-01	3.793489e-03	7.824186e-04	2.742498e-05	2.313245e-09	-2.555505e-07	-3.284503e-09
99	1.757545e-01	3.793489e-03	7.824186e-04	2.742498e-05	2.313245e-09	-2.555505e-07	-3.284503e-09
100	1.648687e-01	1.739695e-03	5.595362e-04	9.138624e-06	1.410699e-10	1.371233e-07	6.380762e-10
101	1.724966e-01	8.595733e-04	1.537974e-03	1.477481e-05	-5.933482e-10	-4.155592e-07	2.146698e-09
102	1.730104e-01	2.124158e-03	1.123019e-03	3.002885e-05	-1.495649e-09	-9.228341e-07	5.307741e-09
103	1.730104e-01	2.124158e-03	1.123019e-03	3.002885e-05	-1.495649e-09	-9.228341e-07	5.307741e-09
104	1.695816e-01	1.771863e-03	1.015450e-03	1.456105e-05	-1.742916e-09	-5.882352e-07	3.118305e-10
105	1.746387e-01	3.726970e-03	6.574474e-04	1.076206e-05	-8.194539e-10	-6.118128e-07	-3.846977e-10
106	1.746387e-01	3.726970e-03	6.574474e-04	1.076206e-05	-8.194539e-10	-6.118128e-07	-3.846977e-10
107	1.670096e-01	2.205913e-03	3.352083e-04	6.222728e-06	2.833073e-10	1.708345e-07	-2.254538e-11
108	1.640545e-01	1.066222e-03	3.108315e-04	9.385260e-06	4.752931e-10	3.064233e-07	1.762257e-10
109	1.640545e-01	1.066222e-03	3.108315e-04	9.385260e-06	4.752931e-10	3.064233e-07	1.762257e-10
110	1.674805e-01	2.247095e-03	1.005095e-03	2.588006e-05	3.849718e-09	1.083121e-06	1.613028e-09
111	1.674805e-01	2.247095e-03	1.005095e-03	2.588006e-05	3.849718e-09	1.083121e-06	1.613028e-09
112	1.604938e-01	1.371742e-03	2.881317e-04	5.880239e-06	-2.420405e-10	-2.177866e-07	0.000000e+00
113	1.587625e-01	1.496091e-03	1.092936e-04	1.445848e-06	-1.398132e-11	-4.713611e-08	1.161309e-11
114	1.647805e-01	1.368949e-03	2.974836e-04	7.217610e-06	3.302608e-10	-5.586526e-08	5.272264e-11
115	1.647805e-01	1.368949e-03	2.974836e-04	7.217610e-06	3.302608e-10	-5.586526e-08	5.272264e-11
116	1.647805e-01	1.368949e-03	2.974836e-04	7.217610e-06	3.302608e-10	-5.586526e-08	5.272264e-11
117	1.647805e-01	1.368949e-03	2.974836e-04	7.217610e-06	3.302608e-10	-5.586526e-08	5.272264e-11
118	1.717891e-01	2.962353e-03	2.600719e-04	3.897903e-06	-1.128250e-10	2.073806e-07	-5.169972e-11
119	1.694102e-01	2.179452e-03	5.796044e-04	4.807438e-08	-2.296075e-13	-2.072862e-09	1.080668e-13
120	1.653302e-01	9.377229e-04	1.845837e-04	1.112221e-06	1.016033e-11	4.080746e-09	1.227715e-11
121	1.682461e-01	1.818310e-03	3.294524e-04	6.356920e-07	-7.347443e-12	-2.686023e-08	-5.535953e-12
122	1.682461e-01	1.818310e-03	3.294524e-04	6.356920e-07	-7.347443e-12	-2.686023e-08	-5.535953e-12
123	1.668381e-01	1.920045e-03	7.037936e-05	5.192194e-07	1.265577e-12	-3.430709e-09	-2.872232e-12
124	1.668381e-01	1.920045e-03	7.037936e-05	5.192194e-07	1.265577e-12	-3.430709e-09	-2.872232e-12
125	1.638723e-01	8.842432e-04	2.821567e-04	2.672181e-07	2.119813e-12	7.887174e-09	-9.434939e-13
126	1.638723e-01	8.842432e-04	2.821567e-04	2.672181e-07	2.119813e-12	7.887174e-09	-9.434939e-13
127	1.704390e-01	1.826285e-03	7.241567e-04	8.445927e-06	-2.748744e-10	-7.075216e-08	6.006107e-10
128	1.704390e-01	1.826285e-03	7.241567e-04	8.445927e-06	-2.748744e-10	-7.075216e-08	6.006107e-10
129	1.704390e-01	1.826285e-03	7.241567e-04	8.445927e-06	-2.748744e-10	-7.075216e-08	6.006107e-10
130	1.783025e-01	3.214242e-03	8.371387e-04	2.289020e-05	-2.521628e-09	-1.282363e-06	-1.918769e-09
131	1.708984e-01	4.181862e-03	1.215376e-04	9.480864e-06	2.793130e-10	5.504080e-07	-1.598721e-10
132	1.693466e-01	1.734723e-03	1.342776e-04	5.626376e-06	-1.543411e-10	1.139743e-07	9.742006e-12
133	1.580405e-01	6.142939e-04	1.383730e-04	2.483448e-06	-4.603712e-11	-6.155214e-08	-2.278041e-24
134	1.618750e-01	9.660156e-04	7.158691e-05	9.931641e-07	-5.496245e-12	3.060242e-08	-6.318237e-12
135	1.618312e-01	3.099102e-04	7.743865e-05	1.969087e-07	7.584894e-13	1.400921e-09	-1.261666e-13
136	1.618312e-01	3.099102e-04	7.743865e-05	1.969087e-07	7.584894e-13	1.400921e-09	-1.261666e-13
137	1.618312e-01	3.099102e-04	7.743865e-05	1.969087e-07	7.584894e-13	1.400921e-09	-1.261666e-13
138	1.618312e-01	3.099102e-04	7.743865e-05	1.969087e-07	7.584894e-13	1.400921e-09	-1.261666e-13
139	1.652949e-01	1.056091e-03	3.798360e-05	2.092365e-06	-1.418602e-11	6.874945e-09	-1.211198e-11
140	1.721962e-01	2.065660e-03	5.576320e-06	1.048934e-05	-7.891685e-11	-4.679973e-07	1.441417e-11
141	1.674805e-01	2.529383e-03	2.725166e-04	1.211185e-06	-2.200454e-11	6.091409e-08	0.000000e+00
142	1.673112e-01	1.421353e-03	7.062747e-04	9.474493e-07	5.376864e-12	-3.200689e-08	2.391165e-11
143	1.687012e-01	1.040041e-03	7.900012e-04	4.784495e-06	-1.205488e-10	6.386175e-08	-2.683130e-10
144	1.636475e-01	2.313406e-04	7.733885e-04	4.471857e-06	7.270205e-11	6.226165e-08	2.527359e-10
145	1.636475e-01	2.313406e-04	7.733885e-04	4.471857e-06	7.270205e-11	6.226165e-08	2.527359e-10
146	1.693466e-01	1.498080e-03	6.290626e-04	3.979442e-05	3.273795e-10	3.996334e-07	-6.287708e-09
147	1.693466e-01	1.498080e-03	6.290626e-04	3.979442e-05	3.273795e-10	3.996334e-07	-6.287708e-09
148	1.659808e-01	8.599261e-04	1.612331e-04	1.534508e-05	-6.072892e-11	2.450275e-07	-7.608552e-10
149	1.659808e-01	2.079252e-03	1.853929e-05	2.277887e-06	-8.956008e-12	9.732693e-08	-1.178616e-11
150	1.659808e-01	2.079252e-03	1.853929e-05	2.277887e-06	-8.956008e-12	9.732693e-08	-1.178616e-11
151	1.653302e-01	9.377229e-04	1.845837e-04	1.112221e-06	1.016033e-11	4.080746e-09	-1.227715e-11
152	1.653302e-01	9.377229e-04	1.845837e-04	1.112221e-06	1.016033e-11	4.080746e-09	-1.227715e-11
153	1.653302e-01	9.377229e-04	1.845837e-04	1.112221e-06	1.016033e-11	4.080746e-09	-1.227715e-11
154	1.653302e-01	9.377229e-04	1.845837e-04	1.112221e-06	1.016033e-11	4.080746e-09	-1.227715e-11
155	1.688957e-01	1.446568e-03	7.251294e-05	7.839028e-06	-1.216104e-10	2.887003e-07	-1.419197e-10
156	1.647805e-01	1.368949e-03	2.974836e-04	7.217610e-06	3.302608e-10	-5.586526e-08	-5.272264e-11
157	1.647805e-01	1.368949e-03	2.974836e-04	7.217610e-06	3.302608e-10	-5.586526e-08	-5.272264e-11
158	1.647805e-01	1.368949e-03	2.974836e-04	7.217610e-06	3.302608e-10	-5.586526e-08	-5.272264e-11
159	1.608368e-01	1.117833e-03	1.904020e-04	6.857213e-06	-1.386284e-10	-1.830837e-07	-2.053644e-10
160	1.608368e-01	1.117833e-03	1.904020e-04	6.857213e-06	-1.386284e-10	-1.830837e-07	-2.053644e-10
161	1.635802e-01	1.619418e-04	3.398778e-04	1.434778e-05	4.984650e-11	-7.549936e-08	1.000692e-09
162	1.635802e-01	1.619418e-04	3.398778e-04	1.434778e-05	4.984650e-11	-7.549936e-08	1.000692e-09
163	1.685325e-01	7.722402e-04	2.484876e-04	5.359907e-06	1.504956e-10	-6.513089e-08	1.249555e-10
164	1.685325e-01	7.722402e-04	2.484876e-04	5.359907e-06	1.504956e-10	-6.513089e-08	1.249555e-10
165	1.627229e-01	2.124236e-04	4.662247e-05	3.413604e-06	-4.306429e-11	4.975245e-08	-8.274720e-24
166	1.627229e-01	2.124236e-04	4.662247e-05	3.413604e-06	-4.306429e-11	4.975245e-08	-8.274720e-24
167	1.669041e-01	7.669372e-04	4.218745e-06	1.331998e-05	9.207255e-11	1.091307e-07	-3.863438e-11
168	1.669041e-01	7.669372e-04	4.218745e-06	1.331998e-05	9.207255e-11	1.091307e-07	-3.863438e-11
169	1.587625e-01	1.496091e-03	1.092936e-04	1.445848e-06	-1.398132e-11	-4.713611e-08	1.161309e-11
170	1.587625e-01	1.496091e-03	1.092936e-04	1.445848e-06	-1.398132e-11	-4.713611e-08	1.161309e-11
171	1.620370e-01	2.631554e-03	0.000000e+00	0.000000e+00	0.000000e+00	0.000000e+00	0.000000e+00
172	1.620370e-01	2.631554e-03	0.000000e+00	0.000000e+00	0.000000e+00	0.000000e+00	0.000000e+00
173	1.620370e-01	2.631554e-03	0.000000e+00	0.000000e+00	0.000000e+00	0.000000e+00	0.000000e+00
174	1.620370e-01	2.631554e-03	0.000000e+00	0.000000e+00	0.000000e+00	0.000000e+00	0.000000e+00
175	1.620370e-01	2.631554e-03	0.000000e+00	0.000000e+00	0.000000e+00	0.000000e+00	0.000000e+00
176	1.660900e-01	3.065097e-03	7.755545e-05	8.617272e-06	1.568632e-10	4.403823e-07	-1.581814e-10
177	1.660900e-01	3.065097e-03	7.755545e-05	8.617272e-06	1.568632e-10	4.403823e-07	-1.581814e-10
178	1.630859e-01	1.572609e-03	3.927089e-04	1.171604e-05	7.320102e-10	4.571593e-07	-3.093845e-10
179	1.630859e-01	1.572609e-03	3.927089e-04	1.171604e-05	7.320102e-10	4.571593e-07	-3.093845e-10
180	1.560000e-01	1.296000e-03	3.317760e-04	9.216000e-06	5.096079e-10	3.317760e-07	-7.543713e-23
181	1.665185e-01	8.378820e-04	1.144342e-03	3.930817e-05	8.045165e-09	1.137635e-06	2.185957e-09
182	1.635742e-01	6.029606e-04	3.865440e-04	1.562433e-05	7.285896e-10	1.896112e-07	9.713480e-10
183	1.648687e-01	1.739695e-03	5.595362e-04	9.138624e-06	1.410699e-10	1.371233e-07	6.380762e-10
184	1.648687e-01	1.739695e-03	5.595362e-04	9.138624e-06	1.410699e-10	1.371233e-07	6.380762e-10
185	1.757545e-01	3.793489e-03	7.824186e-04	2.742498e-05	2.313245e-09	-2.555505e-07	-3.284503e-09
186	1.757545e-01	3.793489e-03	7.824186e-04	2.742498e-05	2.313245e-09	-2.555505e-07	-3.284503e-09
187	1.757545e-01	3.793489e-03	7.824186e-04	2.742498e-05	2.313245e-09	-2.555505e-07	-3.284503e-09
188	1.757545e-01	3.793489e-03	7.824186e-04	2.742498e-05	2.313245e-09	-2.555505e-07	-3.284503e-09
189	1.757545e-01	3.793489e-03	7.824186e-04	2.742498e-05	2.313245e-09	-2.555505e-07	-3.284503e-09
190	1.648687e-01	1.739695e-03	5.595362e-04	9.138624e-06	1.410699e-10	1.371233e-07	6.380762e-10
191	1.724966e-01	8.595733e-04	1.537974e-03	1.477481e-05	-5.933482e-10	-4.155592e-07	2.146698e-09
192	1.730104e-01	2.124158e-03	1.123019e-03	3.002885e-05	-1.495649e-09	-9.228341e-07	5.307741e-09
193	1.730104e-01	2.124158e-03	1.123019e-03	3.002885e-05	-1.495649e-09	-9.228341e-07	5.307741e-09
194	1.695816e-01	1.771863e-03	1.015450e-03	1.456105e-05	-1.742916e-09	-5.882352e-07	3.118305e-10
195	1.746387e-01	3.726970e-03	6.574474e-04	1.076206e-05	-8.194539e-10	-6.118128e-07	-3.846977e-10
196	1.746387e-01	3.726970e-03	6.574474e-04	1.076206e-05	-8.194539e-10	-6.118128e-07	-3.846977e-10
197	1.670096e-01	2.205913e-03	3.352083e-04	6.222728e-06	2.833073e-10	1.708345e-07	-2.254538e-11
198	1.640545e-01	1.066222e-03	3.108315e-04	9.385260e-06	4.752931e-10	3.064233e-07	1.762257e-10
199	1.640545e-01	1.066222e-03	3.108315e-04	9.385260e-06	4.752931e-10	3.064233e-07	1.762257e-10
200	1.674805e-01	2.247095e-03	1.005095e-03	2.588006e-05	3.849718e-09	1.083121e-06	1.613028e-09
201	1.674805e-01	2.247095e-03	1.005095e-03	2.588006e-05	3.849718e-09	1.083121e-06	1.613028e-09
202	1.604938e-01	1.371742e-03	2.881317e-04	5.880239e-06	-2.420405e-10	-2.177866e-07	-0.000000e+00
203	1.587625e-01	1.496091e-03	1.092936e-04	1.445848e-06	-1.398132e-11	-4.713611e-08	1.161309e-11
204	1.647805e-01	1.368949e-03	2.974836e-04	7.217610e-06	3.302608e-10	-5.586526e-08	5.272264e-11
205	1.647805e-01	1.368949e-03	2.974836e-04	7.217610e-06	3.302608e-10	-5.586526e-08	5.272264e-11
206	1.647805e-01	1.368949e-03	2.974836e-04	7.217610e-06	3.302608e-10	-5.586526e-08	5.272264e-11
207	1.647805e-01	1.368949e-03	2.974836e-04	7.217610e-06	3.302608e-10	-5.586526e-08	5.272264e-11
208	1.717891e-01	2.962353e-03	2.600719e-04	3.897903e-06	-1.128250e-10	2.073806e-07	-5.169972e-11
209	1.694102e-01	2.179452e-03	5.796044e-04	4.807438e-08	-2.296075e-13	-2.072862e-09	1.080668e-13
210	1.653302e-01	9.377229e-04	1.845837e-04	1.112221e-06	1.016033e-11	4.080746e-09	1.227715e-11
211	1.682461e-01	1.818310e-03	3.294524e-04	6.356920e-07	-7.347443e-12	-2.686023e-08	-5.535953e-12
212	1.682461e-01	1.818310e-03	3.294524e-04	6.356920e-07	-7.347443e-12	-2.686023e-08	-5.535953e-12
213	1.668381e-01	1.920045e-03	7.037936e-05	5.192194e-07	1.265577e-12	-3.430709e-09	-2.872232e-12
214	1.668381e-01	1.920045e-03	7.037936e-05	5.192194e-07	1.265577e-12	-3.430709e-09	-2.872232e-12
215	1.638723e-01	8.842432e-04	2.821567e-04	2.672181e-07	2.119813e-12	7.887174e-09	-9.434939e-13
216	1.638723e-01	8.842432e-04	2.821567e-04	2.672181e-07	2.119813e-12	7.887174e-09	-9.434939e-13
217	1.704390e-01	1.826285e-03	7.241567e-04	8.445927e-06	-2.748744e-10	-7.075216e-08	6.006107e-10
218	1.704390e-01	1.826285e-03	7.241567e-04	8.445927e-06	-2.748744e-10	-7.075216e-08	6.006107e-10
219	1.704390e-01	1.826285e-03	7.241567e-04	8.445927e-06	-2.748744e-10	-7.075216e-08	6.006107e-10
220	1.783025e-01	3.214242e-03	8.371387e-04	2.289020e-05	-2.521628e-09	-1.282363e-06	-1.918769e-09
221	1.708984e-01	4.181862e-03	1.215376e-04	9.480864e-06	2.793130e-10	5.504080e-07	-1.598721e-10
222	1.693466e-01	1.734723e-03	1.342776e-04	5.626376e-06	-1.543411e-10	1.139743e-07	9.742006e-12
223	1.580405e-01	6.142939e-04	1.383730e-04	2.483448e-06	-4.603712e-11	-6.155214e-08	6.639869e-24
224	1.618750e-01	9.660156e-04	7.158691e-05	9.931641e-07	-5.496245e-12	3.060242e-08	-6.318237e-12
225	1.618312e-01	3.099102e-04	7.743865e-05	1.969087e-07	7.584894e-13	1.400921e-09	-1.261666e-13
226	1.618312e-01	3.099102e-04	7.743865e-05	1.969087e-07	7.584894e-13	1.400921e-09	-1.261666e-13
227	1.618312e-01	3.099102e-04	7.743865e-05	1.969087e-07	7.584894e-13	1.400921e-09	-1.261666e-13
228	1.618312e-01	3.099102e-04	7.743865e-05	1.969087e-07	7.584894e-13	1.400921e-09	-1.261666e-13
229	1.652949e-01	1.056091e-03	3.798360e-05	2.092365e-06	-1.418602e-11	6.874945e-09	-1.211198e-11
230	1.721962e-01	2.065660e-03	5.576320e-06	1.048934e-05	-7.891685e-11	-4.679973e-07	1.441417e-11
231	1.674805e-01	2.529383e-03	2.725166e-04	1.211185e-06	-2.200454e-11	6.091409e-08	0.000000e+00
232	1.673112e-01	1.421353e-03	7.062747e-04	9.474493e-07	5.376864e-12	-3.200689e-08	2.391165e-11
233	1.687012e-01	1.040041e-03	7.900012e-04	4.784495e-06	-1.205488e-10	6.386175e-08	-2.683130e-10
234	1.636475e-01	2.313406e-04	7.733885e-04	4.471857e-06	7.270205e-11	6.226165e-08	2.527359e-10
235	1.636475e-01	2.313406e-04	7.733885e-04	4.471857e-06	7.270205e-11	6.226165e-08	2.527359e-10
236	1.693466e-01	1.498080e-03	6.290626e-04	3.979442e-05	3.273795e-10	3.996334e-07	-6.287708e-09
237	1.693466e-01	1.498080e-03	6.290626e-04	3.979442e-05	3.273795e-10	3.996334e-07	-6.287708e-09
238	1.659808e-01	8.599261e-04	1.612331e-04	1.534508e-05	-6.072892e-11	2.450275e-07	-7.608552e-10
239	1.659808e-01	2.079252e-03	1.853929e-05	2.277887e-06	-8.956008e-12	9.732693e-08	-1.178616e-11
240	1.659808e-01	2.079252e-03	1.853929e-05	2.277887e-06	-8.956008e-12	9.732693e-08	-1.178616e-11
241	1.653302e-01	9.377229e-04	1.845837e-04	1.112221e-06	1.016033e-11	4.080746e-09	-1.227715e-11
242	1.653302e-01	9.377229e-04	1.845837e-04	1.112221e-06	1.016033e-11	4.080746e-09	-1.227715e-11
243	1.653302e-01	9.377229e-04	1.845837e-04	1.112221e-06	1.016033e-11	4.080746e-09	-1.227715e-11
244	1.653302e-01	9.377229e-04	1.845837e-04	1.112221e-06	1.016033e-11	4.080746e-09	-1.227715e-11
245	1.688957e-01	1.446568e-03	7.251294e-05	7.839028e-06	-1.216104e-10	2.887003e-07	-1.419197e-10
246	1.647805e-01	1.368949e-03	2.974836e-04	7.217610e-06	3.302608e-10	-5.586526e-08	-5.272264e-11
247	1.647805e-01	1.368949e-03	2.974836e-04	7.217610e-06	3.302608e-10	-5.586526e-08	-5.272264e-11
248	1.647805e-01	1.368949e-03	2.974836e-04	7.217610e-06	3.302608e-10	-5.586526e-08	-5.272264e-11
249	1.608368e-01	1.117833e-03	1.904020e-04	6.857213e-06	-1.386284e-10	-1.830837e-07	-2.053644e-10
250	1.608368e-01	1.117833e-03	1.904020e-04	6.857213e-06	-1.386284e-10	-1.830837e-07	-2.053644e-10
251	1.635802e-01	1.619418e-04	3.398778e-04	1.434778e-05	4.984650e-11	-7.549936e-08	1.000692e-09
252	1.635802e-01	1.619418e-04	3.398778e-04	1.434778e-05	4.984650e-11	-7.549936e-08	1.000692e-09
253	1.685325e-01	7.722402e-04	2.484876e-04	5.359907e-06	1.504956e-10	-6.513089e-08	1.249555e-10
254	1.685325e-01	7.722402e-04	2.484876e-04	5.359907e-06	1.504956e-10	-6.513089e-08	1.249555e-10
255	1.627229e-01	2.124236e-04	4.662247e-05	3.413604e-06	-4.306429e-11	4.975245e-08	-3.408936e-24
256	1.627229e-01	2.124236e-04	4.662247e-05	3.413604e-06	-4.306429e-11	4.975245e-08	-3.408936e-24
257	1.669041e-01	7.669372e-04	4.218745e-06	1.331998e-05	9.207255e-11	1.091307e-07	-3.863438e-11
258	1.669041e-01	7.669372e-04	4.218745e-06	1.331998e-05	9.207255e-11	1.091307e-07	-3.863438e-11
259	1.587625e-01	1.496091e-03	1.092936e-04	1.445848e-06	-1.398132e-11	-4.713611e-08	1.161309e-11
260	1.587625e-01	1.496091e-03	1.092936e-04	1.445848e-06	-1.398132e-11	-4.713611e-08	1.161309e-11
261	1.620370e-01	2.631554e-03	0.000000e+00	0.000000e+00	0.000000e+00	0.000000e+00	0.000000e+00
262	1.620370e-01	2.631554e-03	0.000000e+00	0.000000e+00	0.000000e+00	0.000000e+00	0.000000e+00
263	1.620370e-01	2.631554e-03	0.000000e+00	0.000000e+00	0.000000e+00	0.000000e+00	0.000000e+00
264	1.620370e-01	2.631554e-03	0.000000e+00	0.000000e+00	0.000000e+00	0.000000e+00	0.000000e+00
265	1.620370e-01	2.631554e-03	0.000000e+00	0.000000e+00	0.000000e+00	0.000000e+00	0.000000e+00
266	1.660900e-01	3.065097e-03	7.755545e-05	8.617272e-06	1.568632e-10	4.403823e-07	-1.581814e-10
267	1.660900e-01	3.065097e-03	7.755545e-05	8.617272e-06	1.568632e-10	4.403823e-07	-1.581814e-10
268	1.630859e-01	1.572609e-03	3.927089e-04	1.171604e-05	7.320102e-10	4.571593e-07	-3.093845e-10
269	1.630859e-01	1.572609e-03	3.927089e-04	1.171604e-05	7.320102e-10	4.571593e-07	-3.093845e-10
270	1.560000e-01	1.296000e-03	3.317760e-04	9.216000e-06	5.096079e-10	3.317760e-07	2.357410e-23
271	1.665185e-01	8.378820e-04	1.144342e-03	3.930817e-05	8.045165e-09	1.137635e-06	2.185957e-09
272	1.635742e-01	6.029606e-04	3.865440e-04	1.562433e-05	7.285896e-10	1.896112e-07	9.713480e-10
273	1.648687e-01	1.739695e-03	5.595362e-04	9.138624e-06	1.410699e-10	1.371233e-07	6.380762e-10
274	1.648687e-01	1.739695e-03	5.595362e-04	9.138624e-06	1.410699e-10	1.371233e-07	6.380762e-10
275	1.757545e-01	3.793489e-03	7.824186e-04	2.742498e-05	2.313245e-09	-2.555505e-07	-3.284503e-09
276	1.757545e-01	3.793489e-03	7.824186e-04	2.742498e-05	2.313245e-09	-2.555505e-07	-3.284503e-09
277	1.757545e-01	3.793489e-03	7.824186e-04	2.742498e-05	2.313245e-09	-2.555505e-07	-3.284503e-09
278	1.757545e-01	3.793489e-03	7.824186e-04	2.742498e-05	2.313245e-09	-2.555505e-07	-3.284503e-09
279	1.757545e-01	3.793489e-03	7.824186e-04	2.742498e-05	2.313245e-09	-2.555505e-07	-3.284503e-09
280	1.648687e-01	1.739695e-03	5.595362e-04	9.138624e-06	1.410699e-10	1.371233e-07	6.380762e-10
281	1.724966e-01	8.595733e-04	1.537974e-03	1.477481e-05	-5.933482e-10	-4.155592e-07	2.146698e-09
282	1.730104e-01	2.124158e-03	1.123019e-03	3.002885e-05	-1.495649e-09	-9.228341e-07	5.307741e-09
283	1.730104e-01	2.124158e-03	1.123019e-03	3.002885e-05	-1.495649e-09	-9.228341e-07	5.307741e-09
284	1.695816e-01	1.771863e-03	1.015450e-03	1.456105e-05	-1.742916e-09	-5.882352e-07	3.118305e-10
285	1.746387e-01	3.726970e-03	6.574474e-04	1.076206e-05	-8.194539e-10	-6.118128e-07	-3.846977e-10
286	1.746387e-01	3.726970e-03	6.574474e-04	1.076206e-05	-8.194539e-10	-6.118128e-07	-3.846977e-10
287	1.670096e-01	2.205913e-03	3.352083e-04	6.222728e-06	2.833073e-10	1.708345e-07	-2.254538e-11
288	1.640545e-01	1.066222e-03	3.108315e-04	9.385260e-06	4.752931e-10	3.064233e-07	1.762257e-10
289	1.640545e-01	1.066222e-03	3.108315e-04	9.385260e-06	4.752931e-10	3.064233e-07	1.762257e-10
290	1.674805e-01	2.247095e-03	1.005095e-03	2.588006e-05	3.849718e-09	1.083121e-06	1.613028e-09
291	1.674805e-01	2.247095e-03	1.005095e-03	2.588006e-05	3.849718e-09	1.083121e-06	1.613028e-09
292	1.604938e-01	1.371742e-03	2.881317e-04	5.880239e-06	-2.420405e-10	-2.177866e-07	5.660602e-23
293	1.587625e-01	1.496091e-03	1.092936e-04	1.445848e-06	-1.398132e-11	-4.713611e-08	1.161309e-11
294	1.647805e-01	1.368949e-03	2.974836e-04	7.217610e-06	3.302608e-10	-5.586526e-08	5.272264e-11
295	1.647805e-01	1.368949e-03	2.974836e-04	7.217610e-06	3.302608e-10	-5.586526e-08	5.272264e-11
296	1.647805e-01	1.368949e-03	2.974836e-04	7.217610e-06	3.302608e-10	-5.586526e-08	5.272264e-11
297	1.647805e-01	1.368949e-03	2.974836e-04	7.217610e-06	3.302608e-10	-5.586526e-08	5.272264e-11
298	1.717891e-01	2.962353e-03	2.600719e-04	3.897903e-06	-1.128250e-10	2.073806e-07	-5.169972e-11
299	1.694102e-01	2.179452e-03	5.796044e-04	4.807438e-08	-2.296075e-13	-2.072862e-09	1.080668e-13
300	1.653302e-01	9.377229e-04	1.845837e-04	1.112221e-06	1.016033e-11	4.080746e-09	1.227715e-11
301	1.682461e-01	1.818310e-03	3.294524e-04	6.356920e-07	-7.347443e-12	-2.686023e-08	-5.535953e-12
302	1.682461e-01	1.818310e-03	3.294524e-04	6.356920e-07	-7.347443e-12	-2.686023e-08	-5.535953e-12
303	1.668381e-01	1.920045e-03	7.037936e-05	5.192194e-07	1.265577e-12	-3.430709e-09	-2.872232e-12
304	1.668381e-01	1.920045e-03	7.037936e-05	5.192194e-07	1.265577e-12	-3.430709e-09	-2.872232e-12
305	1.638723e-01	8.842432e-04	2.821567e-04	2.672181e-07	2.119813e-12	7.887174e-09	-9.434939e-13
306	1.638723e-01	8.842432e-04	2.821567e-04	2.672181e-07	2.119813e-12	7.887174e-09	-9.434939e-13
307	1.704390e-01	1.826285e-03	7.241567e-04	8.445927e-06	-2.748744e-10	-7.075216e-08	6.006107e-10
308	1.704390e-01	1.826285e-03	7.241567e-04	8.445927e-06	-2.748744e-10	-7.075216e-08	6.006107e-10
309	1.704390e-01	1.826285e-03	7.241567e-04	8.445927e-06	-2.748744e-10	-7.075216e-08	6.006107e-10
310	1.783025e-01	3.214242e-03	8.371387e-04	2.289020e-05	-2.521628e-09	-1.282363e-06	-1.918769e-09
311	1.708984e-01	4.181862e-03	1.215376e-04	9.480864e-06	2.793130e-10	5.504080e-07	-1.598721e-10
312	1.693466e-01	1.734723e-03	1.342776e-04	5.626376e-06	-1.543411e-10	1.139743e-07	9.742006e-12
313	1.580405e-01	6.142939e-04	1.383730e-04	2.483448e-06	-4.603712e-11	-6.155214e-08	4.507646e-24
314	1.618750e-01	9.660156e-04	7.158691e-05	9.931641e-07	-5.496245e-12	3.060242e-08	-6.318237e-12
315	1.618312e-01	3.099102e-04	7.743865e-05	1.969087e-07	7.584894e-13	1.400921e-09	-1.261666e-13
316	1.618312e-01	3.099102e-04	7.743865e-05	1.969087e-07	7.584894e-13	1.400921e-09	-1.261666e-13
317	1.618312e-01	3.099102e-04	7.743865e-05	1.969087e-07	7.584894e-13	1.400921e-09	-1.261666e-13
318	1.618312e-01	3.099102e-04	7.743865e-05	1.969087e-07	7.584894e-13	1.400921e-09	-1.261666e-13
319	1.652949e-01	1.056091e-03	3.798360e-05	2.092365e-06	-1.418602e-11	6.874945e-09	-1.211198e-11
320	1.721962e-01	2.065660e-03	5.576320e-06	1.048934e-05	-7.891685e-11	-4.679973e-07	1.441417e-11
321	1.674805e-01	2.529383e-03	2.725166e-04	1.211185e-06	-2.200454e-11	6.091409e-08	0.000000e+00
322	1.673112e-01	1.421353e-03	7.062747e-04	9.474493e-07	5.376864e-12	-3.200689e-08	2.391165e-11
323	1.687012e-01	1.040041e-03	7.900012e-04	4.784495e-06	-1.205488e-10	6.386175e-08	-2.683130e-10
324	1.636475e-01	2.313406e-04	7.733885e-04	4.471857e-06	7.270205e-11	6.226165e-08	2.527359e-10
325	1.636475e-01	2.313406e-04	7.733885e-04	4.471857e-06	7.270205e-11	6.226165e-08	2.527359e-10
326	1.693466e-01	1.498080e-03	6.290626e-04	3.979442e-05	3.273795e-10	3.996334e-07	-6.287708e-09
327	1.693466e-01	1.498080e-03	6.290626e-04	3.979442e-05	3.273795e-10	3.996334e-07	-6.287708e-09
328	1.659808e-01	8.599261e-04	1.612331e-04	1.534508e-05	-6.072892e-11	2.450275e-07	-7.608552e-10
329	1.659808e-01	2.079252e-03	1.853929e-05	2.277887e-06	-8.956008e-12	9.732693e-08	-1.178616e-11
330	1.659808e-01	2.079252e-03	1.853929e-05	2.277887e-06	-8.956008e-12	9.732693e-08	-1.178616e-11
331	1.653302e-01	9.377229e-04	1.845837e-04	1.112221e-06	1.016033e-11	4.080746e-09	-1.227715e-11
332	1.653302e-01	9.377229e-04	1.845837e-04	1.112221e-06	1.016033e-11	4.080746e-09	-1.227715e-11
333	1.653302e-01	9.377229e-04	1.845837e-04	1.112221e-06	1.016033e-11	4.080746e-09	-1.227715e-11
334	1.653302e-01	9.377229e-04	1.845837e-04	1.112221e-06	1.016033e-11	4.080746e-09	-1.227715e-11
335	1.688957e-01	1.446568e-03	7.251294e-05	7.839028e-06	-1.216104e-10	2.887003e-07	-1.419197e-10
336	1.647805e-01	1.368949e-03	2.974836e-04	7.217610e-06	3.302608e-10	-5.586526e-08	-5.272264e-11
337	1.647805e-01	1.368949e-03	2.974836e-04	7.217610e-06	3.302608e-10	-5.586526e-08	-5.272264e-11
338	1.647805e-01	1.368949e-03	2.974836e-04	7.217610e-06	3.302608e-10	-5.586526e-08	-5.272264e-11
339	1.608368e-01	1.117833e-03	1.904020e-04	6.857213e-06	-1.386284e-10	-1.830837e-07	-2.053644e-10
340	1.608368e-01	1.117833e-03	1.904020e-04	6.857213e-06	-1.386284e-10	-1.830837e-07	-2.053644e-10
341	1.635802e-01	1.619418e-04	3.398778e-04	1.434778e-05	4.984650e-11	-7.549936e-08	1.000692e-09
342	1.635802e-01	1.619418e-04	3.398778e-04	1.434778e-05	4.984650e-11	-7.549936e-08	1.000692e-09
343	1.685325e-01	7.722402e-04	2.484876e-04	5.359907e-06	1.504956e-10	-6.513089e-08	1.249555e-10
344	1.685325e-01	7.722402e-04	2.484876e-04	5.359907e-06	1.504956e-10	-6.513089e-08	1.249555e-10
345	1.627229e-01	2.124236e-04	4.662247e-05	3.413604e-06	-4.306429e-11	4.975245e-08	-1.858795e-23
346	1.627229e-01	2.124236e-04	4.662247e-05	3.413604e-06	-4.306429e-11	4.975245e-08	-1.858795e-23
347	1.669041e-01	7.669372e-04	4.218745e-06	1.331998e-05	9.207255e-11	1.091307e-07	-3.863438e-11
348	1.669041e-01	7.669372e-04	4.218745e-06	1.331998e-05	9.207255e-11	1.091307e-07	-3.863438e-11
349	1.587625e-01	1.496091e-03	1.092936e-04	1.445848e-06	-1.398132e-11	-4.713611e-08	1.161309e-11
350	1.587625e-01	1.496091e-03	1.092936e-04	1.445848e-06	-1.398132e-11	-4.713611e-08	1.161309e-11
351	1.620370e-01	2.631554e-03	0.000000e+00	0.000000e+00	0.000000e+00	0.000000e+00	0.000000e+00
352	1.620370e-01	2.631554e-03	0.000000e+00	0.000000e+00	0.000000e+00	0.000000e+00	0.000000e+00
353	1.620370e-01	2.631554e-03	0.000000e+00	0.000000e+00	0.000000e+00	0.000000e+00	0.000000e+00
354	1.620370e-01	2.631554e-03	0.000000e+00	0.000000e+00	0.000000e+00	0.000000e+00	0.000000e+00
355	1.620370e-01	2.631554e-03	0.000000e+00	0.000000e+00	0.000000e+00	0.000000e+00	0.000000e+00
356	1.660900e-01	3.065097e-03	7.755545e-05	8.617272e-06	1.568632e-10	4.403823e-07	-1.581814e-10
357	1.660900e-01	3.065097e-03	7.755545e-05	8.617272e-06	1.568632e-10	4.403823e-07	-1.581814e-10
358	1.630859e-01	1.572609e-03	3.927089e-04	1.171604e-05	7.320102e-10	4.571593e-07	-3.093845e-10
359	1.630859e-01	1.572609e-03	3.927089e-04	1.171604e-05	7.320102e-10	4.571593e-07	-3.093845e-10
