0	1.652893e-01	4.371286e-03	0.000000e+00	0.000000e+00	0.000000e+00	0.000000e+00	0.000000e+00
1	1.685325e-01	3.251363e-03	2.637427e-04	4.187264e-05	4.374371e-09	2.295558e-06	4.773254e-10
2	1.668381e-01	2.864176e-03	2.124888e-05	1.337371e-05	2.254032e-10	6.037099e-07	-4.482345e-12
3	1.697040e-01	4.592028e-03	7.591197e-05	8.225817e-06	1.687164e-10	4.907006e-07	1.174172e-10
4	1.697040e-01	4.592028e-03	7.591197e-05	8.225817e-06	1.687164e-10	4.907006e-07	1.174172e-10
5	1.730000e-01	5.524000e-03	2.237220e-04	1.276200e-05	1.294772e-10	-3.938400e-08	6.695136e-10
6	1.730000e-01	5.524000e-03	2.237220e-04	1.276200e-05	1.294772e-10	-3.938400e-08	6.695136e-10
7	1.730000e-01	5.524000e-03	2.237220e-04	1.276200e-05	1.294772e-10	-3.938400e-08	6.695136e-10
8	1.730000e-01	5.524000e-03	2.237220e-04	1.276200e-05	1.294772e-10	-3.938400e-08	6.695136e-10
9	1.730000e-01	5.524000e-03	2.237220e-04	1.276200e-05	1.294772e-10	-3.938400e-08	6.695136e-10
10	1.737863e-01	4.081548e-03	5.350842e-04	4.609888e-06	-2.280928e-10	-2.789373e-07	-1.982937e-11
11	1.743750e-01	3.124141e-03	7.366658e-04	1.265957e-05	-1.155636e-09	-6.321933e-07	-3.988894e-10
12	1.784517e-01	5.375944e-03	4.279273e-04	1.296043e-05	-8.642266e-10	-8.758585e-07	4.297775e-10
13	1.784517e-01	5.375944e-03	4.279273e-04	1.296043e-05	-8.642266e-10	-8.758585e-07	4.297775e-10
14	1.720000e-01	3.789000e-03	2.177730e-04	6.413000e-06	7.132696e-11	-1.027290e-07	-2.287989e-10
15	1.784517e-01	6.306439e-03	8.488409e-05	8.409202e-06	2.233731e-10	5.671526e-07	-2.410673e-11
16	1.784517e-01	6.306439e-03	8.488409e-05	8.409202e-06	2.233731e-10	5.671526e-07	-2.410673e-11
17	1.703750e-01	3.905141e-03	6.282682e-05	9.455570e-06	1.703614e-10	4.426444e-07	1.552124e-10
18	1.800000e-01	5.725000e-03	5.625000e-06	3.625000e-06	1.635937e-11	2.218750e-07	5.625000e-13
19	1.825339e-01	5.647678e-03	1.241096e-04	3.020895e-05	1.776615e-09	2.195955e-06	-5.148855e-10
20	1.762670e-01	4.884336e-03	2.815520e-04	2.241797e-06	-3.018836e-11	-4.507741e-08	4.754754e-11
21	1.742112e-01	5.222122e-03	2.896764e-04	1.381332e-05	8.051199e-10	9.803911e-07	3.395270e-10
22	1.667500e-01	3.268062e-03	9.221063e-06	1.708562e-06	4.866251e-12	-1.688314e-08	-4.723418e-12
23	1.697040e-01	4.695416e-03	1.187680e-04	9.426507e-06	2.687655e-10	4.388800e-07	-1.650721e-10
24	1.693750e-01	3.550391e-03	6.648926e-05	1.270508e-06	-6.010154e-12	7.377625e-08	1.001184e-11
25	1.693750e-01	3.550391e-03	6.648926e-05	1.270508e-06	-6.010154e-12	7.377625e-08	1.001184e-11
26	1.693750e-01	3.550391e-03	6.648926e-05	1.270508e-06	-6.010154e-12	7.377625e-08	1.001184e-11
27	1.644555e-01	2.476306e-03	1.310388e-04	3.372778e-06	-5.485519e-11	-1.675899e-07	4.492813e-11
28	1.716392e-01	4.480771e-03	8.224913e-05	1.058282e-07	6.960275e-14	4.107219e-09	-3.043680e-13
29	1.718750e-01	5.021016e-03	1.158557e-04	2.555664e-06	4.257054e-11	1.385860e-07	-1.102838e-11
30	1.678005e-01	3.146837e-03	0.000000e+00	0.000000e+00	0.000000e+00	0.000000e+00	0.000000e+00
31	1.764388e-01	4.605362e-03	1.797659e-05	6.158556e-06	6.155088e-11	2.350999e-08	2.026010e-11
32	1.764388e-01	4.605362e-03	1.797659e-05	6.158556e-06	6.155088e-11	2.350999e-08	2.026010e-11
33	1.800000e-01	6.145000e-03	1.037250e-04	2.442500e-05	8.316986e-10	1.508800e-06	9.053752e-10
34	1.764388e-01	6.438813e-03	6.066506e-05	2.372274e-06	-2.312328e-11	-9.001436e-08	1.658968e-11
35	1.697971e-01	4.309335e-03	1.262552e-05	3.073913e-07	2.559110e-13	1.707281e-08	-5.488355e-13
36	1.697971e-01	4.309335e-03	1.262552e-05	3.073913e-07	2.559110e-13	1.707281e-08	-5.488355e-13
37	1.715000e-01	3.987250e-03	2.931840e-04	1.798400e-05	1.011143e-09	6.418560e-07	8.263680e-10
38	1.715000e-01	3.987250e-03	2.931840e-04	1.798400e-05	1.011143e-09	6.418560e-07	8.263680e-10
39	1.708704e-01	2.895641e-03	3.324167e-04	1.044418e-05	2.644483e-10	3.762110e-07	5.556769e-10
40	1.791838e-01	4.858283e-03	3.492355e-04	1.787464e-05	-1.273557e-09	-6.395401e-07	6.103549e-10
41	1.901578e-01	1.104523e-02	1.435778e-04	2.277887e-05	1.060260e-09	1.848229e-06	7.568725e-10
42	1.736968e-01	3.565571e-03	2.309248e-04	1.592585e-06	-7.818541e-12	1.267396e-08	2.952369e-11
43	1.617500e-01	1.710562e-03	2.342998e-04	3.857312e-06	-3.139806e-11	-3.819877e-08	-1.116297e-10
44	1.630493e-01	1.629781e-03	4.601634e-05	5.031223e-07	2.097408e-12	8.687115e-09	1.208865e-12
45	1.625000e-01	9.062500e-04	0.000000e+00	0.000000e+00	0.000000e+00	0.000000e+00	0.000000e+00
46	1.625000e-01	9.062500e-04	0.000000e+00	0.000000e+00	0.000000e+00	0.000000e+00	0.000000e+00
47	1.630493e-01	1.629781e-03	4.601634e-05	5.031223e-07	2.097408e-12	8.687115e-09	1.208865e-12
48	1.630493e-01	1.629781e-03	4.601634e-05	5.031223e-07	2.097408e-12	8.687115e-09	1.208865e-12
49	1.687500e-01	2.904063e-03	9.890156e-05	1.539063e-06	-1.696491e-11	-6.805977e-08	8.529188e-12
50	1.758274e-01	4.518908e-03	6.666390e-05	1.192674e-05	1.281505e-10	-5.297819e-07	3.109271e-10
51	1.714678e-01	5.285629e-03	6.942328e-05	1.032470e-06	8.741152e-12	7.506297e-08	-6.558787e-26
52	1.683813e-01	2.784528e-03	3.019628e-04	1.155882e-06	-9.297042e-12	-1.364848e-08	-1.949092e-11
53	1.730104e-01	2.529832e-03	2.160411e-04	9.967376e-06	1.940440e-11	2.618123e-07	-4.621223e-10
54	1.618312e-01	1.343795e-03	1.367902e-04	1.365097e-06	-1.780414e-11	-2.990401e-08	-5.566468e-12
55	1.618312e-01	1.343795e-03	1.367902e-04	1.365097e-06	-1.780414e-11	-2.990401e-08	-5.566468e-12
56	1.723283e-01	4.211803e-03	2.366996e-04	3.190488e-05	2.428100e-09	8.188645e-07	-1.338485e-09
57	1.723283e-01	4.211803e-03	2.366996e-04	3.190488e-05	2.428100e-09	8.188645e-07	-1.338485e-09
58	1.688750e-01	2.858766e-03	1.006665e-04	1.178648e-05	3.790980e-10	1.248806e-07	-1.453098e-10
59	1.718750e-01	5.021016e-03	1.158557e-04	2.555664e-06	4.257054e-11	1.385860e-07	1.102837e-11
60	1.718750e-01	5.021016e-03	1.158557e-04	2.555664e-06	4.257054e-11	1.385860e-07	1.102837e-11
61	1.678005e-01	3.146837e-03	0.000000e+00	0.000000e+00	0.000000e+00	0.000000e+00	0.000000e+00
62	1.678005e-01	3.146837e-03	0.000000e+00	0.000000e+00	0.000000e+00	0.000000e+00	0.000000e+00
63	1.678005e-01	3.146837e-03	0.000000e+00	0.000000e+00	0.000000e+00	0.000000e+00	0.000000e+00
64	1.640000e-01	1.746000e-03	8.154900e-05	1.249000e-06	5.071101e-12	1.676100e-08	-1.154025e-11
65	1.688293e-01	2.630368e-03	4.158398e-05	1.255108e-06	-3.733849e-12	5.302675e-08	-8.262983e-12
66	1.693750e-01	3.550391e-03	6.648926e-05	1.270508e-06	-6.010154e-12	7.377625e-08	-1.001184e-11
67	1.693750e-01	3.550391e-03	6.648926e-05	1.270508e-06	-6.010154e-12	7.377625e-08	-1.001184e-11
68	1.693750e-01	3.550391e-03	6.648926e-05	1.270508e-06	-6.010154e-12	7.377625e-08	-1.001184e-11
69	1.715000e-01	4.007250e-03	4.424040e-04	1.992400e-05	-4.755693e-10	-2.661240e-07	1.809108e-09
70	1.715000e-01	4.007250e-03	4.424040e-04	1.992400e-05	-4.755693e-10	-2.661240e-07	1.809108e-09
71	1.675845e-01	2.620942e-03	1.093864e-04	7.244601e-06	-1.709302e-10	-2.306452e-07	1.112411e-10
72	1.688750e-01	2.116266e-03	3.065921e-04	2.039085e-05	5.886742e-10	2.700848e-07	1.500942e-09
73	1.659808e-01	1.605070e-03	7.233258e-05	4.685155e-06	-3.599640e-11	-5.546826e-08	-7.837799e-11
74	1.726199e-01	3.110495e-03	2.935053e-04	1.264461e-05	-3.143451e-10	-4.001801e-07	7.032541e-10
75	1.663750e-01	1.723141e-03	1.339088e-04	7.605070e-06	2.053204e-10	1.721219e-07	1.293987e-10
76	1.663750e-01	1.723141e-03	1.339088e-04	7.605070e-06	2.053204e-10	1.721219e-07	1.293987e-10
77	1.726199e-01	3.265578e-03	1.361052e-04	1.215849e-05	4.427509e-10	6.717276e-07	-2.204631e-10
78	1.726199e-01	3.265578e-03	1.361052e-04	1.215849e-05	4.427509e-10	6.717276e-07	-2.204631e-10
79	1.679545e-01	3.227488e-03	4.787820e-04	1.695758e-05	6.970869e-10	2.052671e-07	-1.359692e-09
80	1.679545e-01	3.227488e-03	4.787820e-04	1.695758e-05	6.970869e-10	2.052671e-07	-1.359692e-09
81	1.697040e-01	3.648608e-03	1.907656e-04	1.651053e-05	6.309548e-10	3.266715e-08	-6.785877e-10
82	1.730000e-01	5.524000e-03	2.237220e-04	1.276200e-05	1.294772e-10	-3.938400e-08	-6.695136e-10
83	1.730000e-01	5.524000e-03	2.237220e-04	1.276200e-05	1.294772e-10	-3.938400e-08	-6.695136e-10
84	1.730000e-01	5.524000e-03	2.237220e-04	1.276200e-05	1.294772e-10	-3.938400e-08	-6.695136e-10
85	1.730000e-01	5.524000e-03	2.237220e-04	1.276200e-05	1.294772e-10	-3.938400e-08	-6.695136e-10
86	1.730000e-01	5.524000e-03	2.237220e-04	1.276200e-05	1.294772e-10	-3.938400e-08	-6.695136e-10
87	1.697040e-01	4.695416e-03	1.187680e-04	9.426507e-06	2.687655e-10	4.388800e-07	-1.650721e-10
88	1.663237e-01	3.454876e-03	1.501292e-04	1.053668e-05	4.187229e-10	5.922287e-07	-1.708974e-11
89	1.663237e-01	3.454876e-03	1.501292e-04	1.053668e-05	4.187229e-10	5.922287e-07	-1.708974e-11
90	1.652893e-01	4.371286e-03	0.000000e+00	0.000000e+00	0.000000e+00	0.000000e+00	0.000000e+00
91	1.685325e-01	3.251363e-03	2.637427e-04	4.187264e-05	4.374371e-09	2.295558e-06	4.773254e-10
92	1.668381e-01	2.864176e-03	2.124888e-05	1.337371e-05	2.254032e-10	6.037099e-07	-4.482345e-12
93	1.697040e-01	4.592028e-03	7.591197e-05	8.225817e-06	1.687164e-10	4.907006e-07	1.174172e-10
94	1.697040e-01	4.592028e-03	7.591197e-05	8.225817e-06	1.687164e-10	4.907006e-07	1.174172e-10
95	1.730000e-01	5.524000e-03	2.237220e-04	1.276200e-05	1.294772e-10	-3.938400e-08	6.695136e-10
96	1.730000e-01	5.524000e-03	2.237220e-04	1.276200e-05	1.294772e-10	-3.938400e-08	6.695136e-10
97	1.730000e-01	5.524000e-03	2.237220e-04	1.276200e-05	1.294772e-10	-3.938400e-08	6.695136e-10
98	1.730000e-01	5.524000e-03	2.237220e-04	1.276200e-05	1.294772e-10	-3.938400e-08	6.695136e-10
99	1.730000e-01	5.524000e-03	2.237220e-04	1.276200e-05	1.294772e-10	-3.938400e-08	6.695136e-10
100	1.737863e-01	4.081548e-03	5.350842e-04	4.609888e-06	-2.280928e-10	-2.789373e-07	-1.982937e-11
101	1.743750e-01	3.124141e-03	7.366658e-04	1.265957e-05	-1.155636e-09	-6.321933e-07	-3.988894e-10
102	1.784517e-01	5.375944e-03	4.279273e-04	1.296043e-05	-8.642266e-10	-8.758585e-07	4.297775e-10
103	1.784517e-01	5.375944e-03	4.279273e-04	1.296043e-05	-8.642266e-10	-8.758585e-07	4.297775e-10
104	1.720000e-01	3.789000e-03	2.177730e-04	6.413000e-06	7.132696e-11	-1.027290e-07	-2.287989e-10
105	1.784517e-01	6.306439e-03	8.488409e-05	8.409202e-06	2.233731e-10	5.671526e-07	-2.410673e-11
106	1.784517e-01	6.306439e-03	8.488409e-05	8.409202e-06	2.233731e-10	5.671526e-07	-2.410673e-11
107	1.703750e-01	3.905141e-03	6.282682e-05	9.455570e-06	1.703614e-10	4.426444e-07	1.552124e-10
108	1.800000e-01	5.725000e-03	5.625000e-06	3.625000e-06	1.635938e-11	2.218750e-07	5.625000e-13
109	1.825339e-01	5.647678e-03	1.241096e-04	3.020895e-05	1.776615e-09	2.195955e-06	-5.148855e-10
110	1.762670e-01	4.884336e-03	2.815520e-04	2.241797e-06	-3.018836e-11	-4.507741e-08	4.754754e-11
111	1.742112e-01	5.222122e-03	2.896764e-04	1.381332e-05	8.051199e-10	9.803911e-07	3.395270e-10
112	1.667500e-01	3.268062e-03	9.221063e-06	1.708562e-06	4.866251e-12	-1.688314e-08	-4.723418e-12
113	1.697040e-01	4.695416e-03	1.187680e-04	9.426507e-06	2.687655e-10	4.388800e-07	-1.650721e-10
114	1.693750e-01	3.550391e-03	6.648926e-05	1.270508e-06	-6.010154e-12	7.377625e-08	1.001184e-11
115	1.693750e-01	3.550391e-03	6.648926e-05	1.270508e-06	-6.010154e-12	7.377625e-08	1.001184e-11
116	1.693750e-01	3.550391e-03	6.648926e-05	1.270508e-06	-6.010154e-12	7.377625e-08	1.001184e-11
117	1.644555e-01	2.476306e-03	1.310388e-04	3.372778e-06	-5.485519e-11	-1.675899e-07	4.492813e-11
118	1.716392e-01	4.480771e-03	8.224913e-05	1.058282e-07	6.960275e-14	4.107219e-09	-3.043680e-13
119	1.718750e-01	5.021016e-03	1.158557e-04	2.555664e-06	4.257054e-11	1.385860e-07	-1.102838e-11
120	1.678005e-01	3.146837e-03	0.000000e+00	0.000000e+00	0.000000e+00	0.000000e+00	0.000000e+00
121	1.764388e-01	4.605362e-03	1.797659e-05	6.158556e-06	6.155088e-11	2.350999e-08	2.026010e-11
122	1.764388e-01	4.605362e-03	1.797659e-05	6.158556e-06	6.155088e-11	2.350999e-08	2.026010e-11
123	1.800000e-01	6.145000e-03	1.037250e-04	2.442500e-05	8.316986e-10	1.508800e-06	9.053753e-10
124	1.764388e-01	6.438813e-03	6.066506e-05	2.372274e-06	-2.312328e-11	-9.001436e-08	1.658968e-11
125	1.697971e-01	4.309335e-03	1.262552e-05	3.073913e-07	2.559110e-13	1.707281e-08	-5.488355e-13
126	1.697971e-01	4.309335e-03	1.262552e-05	3.073913e-07	2.559110e-13	1.707281e-08	-5.488355e-13
127	1.715000e-01	3.987250e-03	2.931840e-04	1.798400e-05	1.011143e-09	6.418560e-07	8.263680e-10
128	1.715000e-01	3.987250e-03	2.931840e-04	1.798400e-05	1.011143e-09	6.418560e-07	8.263680e-10
129	1.708704e-01	2.895641e-03	3.324167e-04	1.044418e-05	2.644483e-10	3.762110e-07	5.556769e-10
130	1.791838e-01	4.858283e-03	3.492355e-04	1.787464e-05	-1.273557e-09	-6.395401e-07	6.103549e-10
131	1.901578e-01	1.104523e-02	1.435778e-04	2.277887e-05	1.060260e-09	1.848229e-06	7.568725e-10
132	1.736968e-01	3.565571e-03	2.309248e-04	1.592585e-06	-7.818541e-12	1.267396e-08	2.952369e-11
133	1.617500e-01	1.710562e-03	2.342998e-04	3.857313e-06	-3.139806e-11	-3.819877e-08	-1.116297e-10
134	1.630493e-01	1.629781e-03	4.601634e-05	5.031223e-07	2.097408e-12	8.687115e-09	1.208865e-12
135	1.625000e-01	9.062500e-04	0.000000e+00	0.000000e+00	0.000000e+00	-0.000000e+00	0.000000e+00
136	1.625000e-01	9.062500e-04	0.000000e+00	0.000000e+00	0.000000e+00	-0.000000e+00	0.000000e+00
137	1.630493e-01	1.629781e-03	4.601634e-05	5.031223e-07	2.097408e-12	8.687115e-09	1.208865e-12
138	1.630493e-01	1.629781e-03	4.601634e-05	5.031223e-07	2.097408e-12	8.687115e-09	1.208865e-12
139	1.687500e-01	2.904063e-03	9.890156e-05	1.539062e-06	-1.696491e-11	-6.805977e-08	8.529187e-12
140	1.758274e-01	4.518908e-03	6.666390e-05	1.192674e-05	1.281505e-10	-5.297819e-07	3.109271e-10
141	1.714678e-01	5.285629e-03	6.942328e-05	1.032470e-06	8.741152e-12	7.506297e-08	-1.271589e-24
142	1.683813e-01	2.784528e-03	3.019628e-04	1.155882e-06	-9.297042e-12	-1.364848e-08	-1.949092e-11
143	1.730104e-01	2.529832e-03	2.160411e-04	9.967376e-06	1.940440e-11	2.618123e-07	-4.621223e-10
144	1.618312e-01	1.343795e-03	1.367902e-04	1.365097e-06	-1.780414e-11	-2.990401e-08	-5.566468e-12
145	1.618312e-01	1.343795e-03	1.367902e-04	1.365097e-06	-1.780414e-11	-2.990401e-08	-5.566468e-12
146	1.723283e-01	4.211803e-03	2.366996e-04	3.190488e-05	2.428100e-09	8.188645e-07	-1.338485e-09
147	1.723283e-01	4.211803e-03	2.366996e-04	3.190488e-05	2.428100e-09	8.188645e-07	-1.338485e-09
148	1.688750e-01	2.858766e-03	1.006665e-04	1.178648e-05	3.790980e-10	1.248806e-07	-1.453098e-10
149	1.718750e-01	5.021016e-03	1.158557e-04	2.555664e-06	4.257054e-11	1.385860e-07	1.102838e-11
150	1.718750e-01	5.021016e-03	1.158557e-04	2.555664e-06	4.257054e-11	1.385860e-07	1.102838e-11
151	1.678005e-01	3.146837e-03	0.000000e+00	0.000000e+00	0.000000e+00	-0.000000e+00	0.000000e+00
152	1.678005e-01	3.146837e-03	0.000000e+00	0.000000e+00	0.000000e+00	-0.000000e+00	0.000000e+00
153	1.678005e-01	3.146837e-03	0.000000e+00	0.000000e+00	0.000000e+00	-0.000000e+00	0.000000e+00
154	1.640000e-01	1.746000e-03	8.154900e-05	1.249000e-06	5.071101e-12	1.676100e-08	-1.154025e-11
155	1.688293e-01	2.630368e-03	4.158398e-05	1.255108e-06	-3.733849e-12	5.302675e-08	-8.262983e-12
156	1.693750e-01	3.550391e-03	6.648926e-05	1.270508e-06	-6.010154e-12	7.377625e-08	-1.001184e-11
157	1.693750e-01	3.550391e-03	6.648926e-05	1.270508e-06	-6.010154e-12	7.377625e-08	-1.001184e-11
158	1.693750e-01	3.550391e-03	6.648926e-05	1.270508e-06	-6.010154e-12	7.377625e-08	-1.001184e-11
159	1.715000e-01	4.007250e-03	4.424040e-04	1.992400e-05	-4.755693e-10	-2.661240e-07	1.809108e-09
160	1.715000e-01	4.007250e-03	4.424040e-04	1.992400e-05	-4.755693e-10	-2.661240e-07	1.809108e-09
161	1.675845e-01	2.620942e-03	1.093864e-04	7.244601e-06	-1.709302e-10	-2.306452e-07	1.112411e-10
162	1.688750e-01	2.116266e-03	3.065921e-04	2.039085e-05	5.886742e-10	2.700848e-07	1.500942e-09
163	1.659808e-01	1.605070e-03	7.233258e-05	4.685155e-06	-3.599640e-11	-5.546826e-08	-7.837799e-11
164	1.726199e-01	3.110495e-03	2.935053e-04	1.264461e-05	-3.143451e-10	-4.001801e-07	7.032541e-10
165	1.663750e-01	1.723141e-03	1.339088e-04	7.605070e-06	2.053204e-10	1.721219e-07	1.293987e-10
166	1.663750e-01	1.723141e-03	1.339088e-04	7.605070e-06	2.053204e-10	1.721219e-07	1.293987e-10
167	1.726199e-01	3.265578e-03	1.361052e-04	1.215849e-05	4.427509e-10	6.717276e-07	-2.204631e-10
168	1.726199e-01	3.265578e-03	1.361052e-04	1.215849e-05	4.427509e-10	6.717276e-07	-2.204631e-10
169	1.679545e-01	3.227488e-03	4.787820e-04	1.695758e-05	6.970869e-10	2.052671e-07	-1.359692e-09
170	1.679545e-01	3.227488e-03	4.787820e-04	1.695758e-05	6.970869e-10	2.052671e-07	-1.359692e-09
171	1.697040e-01	3.648608e-03	1.907656e-04	1.651053e-05	6.309548e-10	3.266715e-08	-6.785877e-10
172	1.730000e-01	5.524000e-03	2.237220e-04	1.276200e-05	1.294772e-10	-3.938400e-08	-6.695136e-10
173	1.730000e-01	5.524000e-03	2.237220e-04	1.276200e-05	1.294772e-10	-3.938400e-08	-6.695136e-10
174	1.730000e-01	5.524000e-03	2.237220e-04	1.276200e-05	1.294772e-10	-3.938400e-08	-6.695136e-10
175	1.730000e-01	5.524000e-03	2.237220e-04	1.276200e-05	1.294772e-10	-3.938400e-08	-6.695136e-10
176	1.730000e-01	5.524000e-03	2.237220e-04	1.276200e-05	1.294772e-10	-3.938400e-08	-6.695136e-10
177	1.697040e-01	4.695416e-03	1.187680e-04	9.426507e-06	2.687655e-10	4.388800e-07	-1.650721e-10
178	1.663237e-01	3.454876e-03	1.501292e-04	1.053668e-05	4.187229e-10	5.922287e-07	-1.708974e-11
179	1.663237e-01	3.454876e-03	1.501292e-04	1.053668e-05	4.187229e-10	5.922287e-07	-1.708974e-11
180	1.652893e-01	4.371286e-03	0.000000e+00	0.000000e+00	0.000000e+00	0.000000e+00	0.000000e+00
181	1.685325e-01	3.251363e-03	2.637427e-04	4.187264e-05	4.374371e-09	2.295558e-06	4.773254e-10
182	1.668381e-01	2.864176e-03	2.124888e-05	1.337371e-05	2.254032e-10	6.037099e-07	-4.482345e-12
183	1.697040e-01	4.592028e-03	7.591197e-05	8.225817e-06	1.687164e-10	4.907006e-07	1.174172e-10
184	1.697040e-01	4.592028e-03	7.591197e-05	8.225817e-06	1.687164e-10	4.907006e-07	1.174172e-10
185	1.730000e-01	5.524000e-03	2.237220e-04	1.276200e-05	1.294772e-10	-3.938400e-08	6.695136e-10
186	1.730000e-01	5.524000e-03	2.237220e-04	1.276200e-05	1.294772e-10	-3.938400e-08	6.695136e-10
187	1.730000e-01	5.524000e-03	2.237220e-04	1.276200e-05	1.294772e-10	-3.938400e-08	6.695136e-10
188	1.730000e-01	5.524000e-03	2.237220e-04	1.276200e-05	1.294772e-10	-3.938400e-08	6.695136e-10
189	1.730000e-01	5.524000e-03	2.237220e-04	1.276200e-05	1.294772e-10	-3.938400e-08	6.695136e-10
190	1.737863e-01	4.081548e-03	5.350842e-04	4.609888e-06	-2.280928e-10	-2.789373e-07	-1.982937e-11
191	1.743750e-01	3.124141e-03	7.366658e-04	1.265957e-05	-1.155636e-09	-6.321933e-07	-3.988894e-10
192	1.784517e-01	5.375944e-03	4.279273e-04	1.296043e-05	-8.642266e-10	-8.758585e-07	4.297775e-10
193	1.784517e-01	5.375944e-03	4.279273e-04	1.296043e-05	-8.642266e-10	-8.758585e-07	4.297775e-10
194	1.720000e-01	3.789000e-03	2.177730e-04	6.413000e-06	7.132696e-11	-1.027290e-07	-2.287989e-10
195	1.784517e-01	6.306439e-03	8.488409e-05	8.409202e-06	2.233731e-10	5.671526e-07	-2.410673e-11
196	1.784517e-01	6.306439e-03	8.488409e-05	8.409202e-06	2.233731e-10	5.671526e-07	-2.410673e-11
197	1.703750e-01	3.905141e-03	6.282682e-05	9.455570e-06	1.703614e-10	4.426444e-07	1.552124e-10
198	1.800000e-01	5.725000e-03	5.625000e-06	3.625000e-06	1.635938e-11	2.218750e-07	5.625000e-13
199	1.825339e-01	5.647678e-03	1.241096e-04	3.020895e-05	1.776615e-09	2.195955e-06	-5.148855e-10
200	1.762670e-01	4.884336e-03	2.815520e-04	2.241797e-06	-3.018836e-11	-4.507741e-08	4.754754e-11
201	1.742112e-01	5.222122e-03	2.896764e-04	1.381332e-05	8.051199e-10	9.803911e-07	3.395270e-10
202	1.667500e-01	3.268062e-03	9.221062e-06	1.708563e-06	4.866251e-12	-1.688314e-08	-4.723418e-12
203	1.697040e-01	4.695416e-03	1.187680e-04	9.426507e-06	2.687655e-10	4.388800e-07	-1.650721e-10
204	1.693750e-01	3.550391e-03	6.648926e-05	1.270508e-06	-6.010154e-12	7.377625e-08	1.001184e-11
205	1.693750e-01	3.550391e-03	6.648926e-05	1.270508e-06	-6.010154e-12	7.377625e-08	1.001184e-11
206	1.693750e-01	3.550391e-03	6.648926e-05	1.270508e-06	-6.010154e-12	7.377625e-08	1.001184e-11
207	1.644555e-01	2.476306e-03	1.310388e-04	3.372778e-06	-5.485519e-11	-1.675899e-07	4.492813e-11
208	1.716392e-01	4.480771e-03	8.224913e-05	1.058282e-07	6.960275e-14	4.107219e-09	-3.043680e-13
209	1.718750e-01	5.021016e-03	1.158557e-04	2.555664e-06	4.257054e-11	1.385860e-07	-1.102837e-11
210	1.678005e-01	3.146837e-03	0.000000e+00	0.000000e+00	0.000000e+00	0.000000e+00	0.000000e+00
211	1.764388e-01	4.605362e-03	1.797659e-05	6.158556e-06	6.155088e-11	2.350999e-08	2.026010e-11
212	1.764388e-01	4.605362e-03	1.797659e-05	6.158556e-06	6.155088e-11	2.350999e-08	2.026010e-11
213	1.800000e-01	6.145000e-03	1.037250e-04	2.442500e-05	8.316986e-10	1.508800e-06	9.053753e-10
214	1.764388e-01	6.438813e-03	6.066506e-05	2.372274e-06	-2.312328e-11	-9.001436e-08	1.658968e-11
215	1.697971e-01	4.309335e-03	1.262552e-05	3.073913e-07	2.559110e-13	1.707281e-08	-5.488355e-13
216	1.697971e-01	4.309335e-03	1.262552e-05	3.073913e-07	2.559110e-13	1.707281e-08	-5.488355e-13
217	1.715000e-01	3.987250e-03	2.931840e-04	1.798400e-05	1.011143e-09	6.418560e-07	8.263680e-10
218	1.715000e-01	3.987250e-03	2.931840e-04	1.798400e-05	1.011143e-09	6.418560e-07	8.263680e-10
219	1.708704e-01	2.895641e-03	3.324167e-04	1.044418e-05	2.644483e-10	3.762110e-07	5.556769e-10
220	1.791838e-01	4.858283e-03	3.492355e-04	1.787464e-05	-1.273557e-09	-6.395401e-07	6.103549e-10
221	1.901578e-01	1.104523e-02	1.435778e-04	2.277887e-05	1.060260e-09	1.848229e-06	7.568725e-10
222	1.736968e-01	3.565571e-03	2.309248e-04	1.592585e-06	-7.818541e-12	1.267396e-08	2.952369e-11
223	1.617500e-01	1.710562e-03	2.342998e-04	3.857312e-06	-3.139806e-11	-3.819877e-08	-1.116297e-10
224	1.630493e-01	1.629781e-03	4.601634e-05	5.031223e-07	2.097408e-12	8.687115e-09	1.208865e-12
225	1.625000e-01	9.062500e-04	0.000000e+00	0.000000e+00	0.000000e+00	0.000000e+00	0.000000e+00
226	1.625000e-01	9.062500e-04	0.000000e+00	0.000000e+00	0.000000e+00	0.000000e+00	0.000000e+00
227	1.630493e-01	1.629781e-03	4.601634e-05	5.031223e-07	2.097408e-12	8.687115e-09	1.208865e-12
228	1.630493e-01	1.629781e-03	4.601634e-05	5.031223e-07	2.097408e-12	8.687115e-09	1.208865e-12
229	1.687500e-01	2.904062e-03	9.890156e-05	1.539063e-06	-1.696491e-11	-6.805977e-08	8.529187e-12
230	1.758274e-01	4.518908e-03	6.666390e-05	1.192674e-05	1.281505e-10	-5.297819e-07	3.109271e-10
231	1.714678e-01	5.285629e-03	6.942328e-05	1.032470e-06	8.741152e-12	7.506297e-08	-7.018113e-25
232	1.683813e-01	2.784528e-03	3.019628e-04	1.155882e-06	-9.297042e-12	-1.364848e-08	-1.949092e-11
233	1.730104e-01	2.529832e-03	2.160411e-04	9.967376e-06	1.940440e-11	2.618123e-07	-4.621223e-10
234	1.618312e-01	1.343795e-03	1.367902e-04	1.365097e-06	-1.780414e-11	-2.990401e-08	-5.566468e-12
235	1.618312e-01	1.343795e-03	1.367902e-04	1.365097e-06	-1.780414e-11	-2.990401e-08	-5.566468e-12
236	1.723283e-01	4.211803e-03	2.366996e-04	3.190488e-05	2.428100e-09	8.188645e-07	-1.338485e-09
237	1.723283e-01	4.211803e-03	2.366996e-04	3.190488e-05	2.428100e-09	8.188645e-07	-1.338485e-09
238	1.688750e-01	2.858766e-03	1.006665e-04	1.178648e-05	3.790980e-10	1.248806e-07	-1.453098e-10
239	1.718750e-01	5.021016e-03	1.158557e-04	2.555664e-06	4.257054e-11	1.385860e-07	1.102838e-11
240	1.718750e-01	5.021016e-03	1.158557e-04	2.555664e-06	4.257054e-11	1.385860e-07	1.102838e-11
241	1.678005e-01	3.146837e-03	0.000000e+00	0.000000e+00	0.000000e+00	0.000000e+00	0.000000e+00
242	1.678005e-01	3.146837e-03	0.000000e+00	0.000000e+00	0.000000e+00	0.000000e+00	0.000000e+00
243	1.678005e-01	3.146837e-03	0.000000e+00	0.000000e+00	0.000000e+00	0.000000e+00	0.000000e+00
244	1.640000e-01	1.746000e-03	8.154900e-05	1.249000e-06	5.071101e-12	1.676100e-08	-1.154025e-11
245	1.688293e-01	2.630368e-03	4.158398e-05	1.255108e-06	-3.733849e-12	5.302675e-08	-8.262983e-12
246	1.693750e-01	3.550391e-03	6.648926e-05	1.270508e-06	-6.010154e-12	7.377625e-08	-1.001184e-11
247	1.693750e-01	3.550391e-03	6.648926e-05	1.270508e-06	-6.010154e-12	7.377625e-08	-1.001184e-11
248	1.693750e-01	3.550391e-03	6.648926e-05	1.270508e-06	-6.010154e-12	7.377625e-08	-1.001184e-11
249	1.715000e-01	4.007250e-03	4.424040e-04	1.992400e-05	-4.755693e-10	-2.661240e-07	1.809108e-09
250	1.715000e-01	4.007250e-03	4.424040e-04	1.992400e-05	-4.755693e-10	-2.661240e-07	1.809108e-09
251	1.675845e-01	2.620942e-03	1.093864e-04	7.244601e-06	-1.709302e-10	-2.306452e-07	1.112411e-10
252	1.688750e-01	2.116266e-03	3.065921e-04	2.039085e-05	5.886742e-10	2.700848e-07	1.500942e-09
253	1.659808e-01	1.605070e-03	7.233258e-05	4.685155e-06	-3.599640e-11	-5.546826e-08	-7.837799e-11
254	1.726199e-01	3.110495e-03	2.935053e-04	1.264461e-05	-3.143451e-10	-4.001801e-07	7.032541e-10
255	1.663750e-01	1.723141e-03	1.339088e-04	7.605070e-06	2.053204e-10	1.721219e-07	1.293987e-10
256	1.663750e-01	1.723141e-03	1.339088e-04	7.605070e-06	2.053204e-10	1.721219e-07	1.293987e-10
257	1.726199e-01	3.265578e-03	1.361052e-04	1.215849e-05	4.427509e-10	6.717276e-07	-2.204631e-10
258	1.726199e-01	3.265578e-03	1.361052e-04	1.215849e-05	4.427509e-10	6.717276e-07	-2.204631e-10
259	1.679545e-01	3.227488e-03	4.787820e-04	1.695758e-05	6.970869e-10	2.052671e-07	-1.359692e-09
260	1.679545e-01	3.227488e-03	4.787820e-04	1.695758e-05	6.970869e-10	2.052671e-07	-1.359692e-09
261	1.697040e-01	3.648608e-03	1.907656e-04	1.651053e-05	6.309548e-10	3.266715e-08	-6.785877e-10
262	1.730000e-01	5.524000e-03	2.237220e-04	1.276200e-05	1.294772e-10	-3.938400e-08	-6.695136e-10
263	1.730000e-01	5.524000e-03	2.237220e-04	1.276200e-05	1.294772e-10	-3.938400e-08	-6.695136e-10
264	1.730000e-01	5.524000e-03	2.237220e-04	1.276200e-05	1.294772e-10	-3.938400e-08	-6.695136e-10
265	1.730000e-01	5.524000e-03	2.237220e-04	1.276200e-05	1.294772e-10	-3.938400e-08	-6.695136e-10
266	1.730000e-01	5.524000e-03	2.237220e-04	1.276200e-05	1.294772e-10	-3.938400e-08	-6.695136e-10
267	1.697040e-01	4.695416e-03	1.187680e-04	9.426507e-06	2.687655e-10	4.388800e-07	-1.650721e-10
268	1.663237e-01	3.454876e-03	1.501292e-04	1.053668e-05	4.187229e-10	5.922287e-07	-1.708974e-11
269	1.663237e-01	3.454876e-03	1.501292e-04	1.053668e-05	4.187229e-10	5.922287e-07	-1.708974e-11
270	1.652893e-01	4.371286e-03	0.000000e+00	0.000000e+00	0.000000e+00	0.000000e+00	0.000000e+00
271	1.685325e-01	3.251363e-03	2.637427e-04	4.187264e-05	4.374371e-09	2.295558e-06	4.773254e-10
272	1.668381e-01	2.864176e-03	2.124888e-05	1.337371e-05	2.254032e-10	6.037099e-07	-4.482345e-12
273	1.697040e-01	4.592028e-03	7.591197e-05	8.225817e-06	1.687164e-10	4.907006e-07	1.174172e-10
274	1.697040e-01	4.592028e-03	7.591197e-05	8.225817e-06	1.687164e-10	4.907006e-07	1.174172e-10
275	1.730000e-01	5.524000e-03	2.237220e-04	1.276200e-05	1.294772e-10	-3.938400e-08	6.695136e-10
276	1.730000e-01	5.524000e-03	2.237220e-04	1.276200e-05	1.294772e-10	-3.938400e-08	6.695136e-10
277	1.730000e-01	5.524000e-03	2.237220e-04	1.276200e-05	1.294772e-10	-3.938400e-08	6.695136e-10
278	1.730000e-01	5.524000e-03	2.237220e-04	1.276200e-05	1.294772e-10	-3.938400e-08	6.695136e-10
279	1.730000e-01	5.524000e-03	2.237220e-04	1.276200e-05	1.294772e-10	-3.938400e-08	6.695136e-10
280	1.737863e-01	4.081548e-03	5.350842e-04	4.609888e-06	-2.280928e-10	-2.789373e-07	-1.982937e-11
281	1.743750e-01	3.124141e-03	7.366658e-04	1.265957e-05	-1.155636e-09	-6.321933e-07	-3.988894e-10
282	1.784517e-01	5.375944e-03	4.279273e-04	1.296043e-05	-8.642266e-10	-8.758585e-07	4.297775e-10
283	1.784517e-01	5.375944e-03	4.279273e-04	1.296043e-05	-8.642266e-10	-8.758585e-07	4.297775e-10
284	1.720000e-01	3.789000e-03	2.177730e-04	6.413000e-06	7.132696e-11	-1.027290e-07	-2.287989e-10
285	1.784517e-01	6.306439e-03	8.488409e-05	8.409202e-06	2.233731e-10	5.671526e-07	-2.410673e-11
286	1.784517e-01	6.306439e-03	8.488409e-05	8.409202e-06	2.233731e-10	5.671526e-07	-2.410673e-11
287	1.703750e-01	3.905141e-03	6.282682e-05	9.455570e-06	1.703614e-10	4.426444e-07	1.552124e-10
288	1.800000e-01	5.725000e-03	5.625000e-06	3.625000e-06	1.635938e-11	2.218750e-07	5.625000e-13
289	1.825339e-01	5.647678e-03	1.241096e-04	3.020895e-05	1.776615e-09	2.195955e-06	-5.148855e-10
290	1.762670e-01	4.884336e-03	2.815520e-04	2.241797e-06	-3.018836e-11	-4.507741e-08	4.754754e-11
291	1.742112e-01	5.222122e-03	2.896764e-04	1.381332e-05	8.051199e-10	9.803911e-07	3.395270e-10
292	1.667500e-01	3.268062e-03	9.221062e-06	1.708563e-06	4.866251e-12	-1.688314e-08	-4.723418e-12
293	1.697040e-01	4.695416e-03	1.187680e-04	9.426507e-06	2.687655e-10	4.388800e-07	-1.650721e-10
294	1.693750e-01	3.550391e-03	6.648926e-05	1.270508e-06	-6.010154e-12	7.377625e-08	1.001184e-11
295	1.693750e-01	3.550391e-03	6.648926e-05	1.270508e-06	-6.010154e-12	7.377625e-08	1.001184e-11
296	1.693750e-01	3.550391e-03	6.648926e-05	1.270508e-06	-6.010154e-12	7.377625e-08	1.001184e-11
297	1.644555e-01	2.476306e-03	1.310388e-04	3.372778e-06	-5.485519e-11	-1.675899e-07	4.492813e-11
298	1.716392e-01	4.480771e-03	8.224913e-05	1.058282e-07	6.960275e-14	4.107219e-09	-3.043680e-13
299	1.718750e-01	5.021016e-03	1.158557e-04	2.555664e-06	4.257054e-11	1.385860e-07	-1.102838e-11
300	1.678005e-01	3.146837e-03	0.000000e+00	0.000000e+00	0.000000e+00	0.000000e+00	0.000000e+00
301	1.764388e-01	4.605362e-03	1.797659e-05	6.158556e-06	6.155088e-11	2.350999e-08	2.026010e-11
302	1.764388e-01	4.605362e-03	1.797659e-05	6.158556e-06	6.155088e-11	2.350999e-08	2.026010e-11
303	1.800000e-01	6.145000e-03	1.037250e-04	2.442500e-05	8.316986e-10	1.508800e-06	9.053752e-10
304	1.764388e-01	6.438813e-03	6.066506e-05	2.372274e-06	-2.312328e-11	-9.001436e-08	1.658968e-11
305	1.697971e-01	4.309335e-03	1.262552e-05	3.073913e-07	2.559110e-13	1.707281e-08	-5.488355e-13
306	1.697971e-01	4.309335e-03	1.262552e-05	3.073913e-07	2.559110e-13	1.707281e-08	-5.488355e-13
307	1.715000e-01	3.987250e-03	2.931840e-04	1.798400e-05	1.011143e-09	6.418560e-07	8.263680e-10
308	1.715000e-01	3.987250e-03	2.931840e-04	1.798400e-05	1.011143e-09	6.418560e-07	8.263680e-10
309	1.708704e-01	2.895641e-03	3.324167e-04	1.044418e-05	2.644483e-10	3.762110e-07	5.556769e-10
310	1.791838e-01	4.858283e-03	3.492355e-04	1.787464e-05	-1.273557e-09	-6.395401e-07	6.103549e-10
311	1.901578e-01	1.104523e-02	1.435778e-04	2.277887e-05	1.060260e-09	1.848229e-06	7.568725e-10
312	1.736968e-01	3.565571e-03	2.309248e-04	1.592585e-06	-7.818541e-12	1.267396e-08	2.952369e-11
313	1.617500e-01	1.710562e-03	2.342998e-04	3.857313e-06	-3.139806e-11	-3.819877e-08	-1.116297e-10
314	1.630493e-01	1.629781e-03	4.601634e-05	5.031223e-07	2.097408e-12	8.687115e-09	1.208865e-12
315	1.625000e-01	9.062500e-04	0.000000e+00	0.000000e+00	0.000000e+00	-0.000000e+00	0.000000e+00
316	1.625000e-01	9.062500e-04	0.000000e+00	0.000000e+00	0.000000e+00	-0.000000e+00	0.000000e+00
317	1.630493e-01	1.629781e-03	4.601634e-05	5.031223e-07	2.097408e-12	8.687115e-09	1.208865e-12
318	1.630493e-01	1.629781e-03	4.601634e-05	5.031223e-07	2.097408e-12	8.687115e-09	1.208865e-12
319	1.687500e-01	2.904063e-03	9.890156e-05	1.539063e-06	-1.696491e-11	-6.805977e-08	8.529188e-12
320	1.758274e-01	4.518908e-03	6.666390e-05	1.192674e-05	1.281505e-10	-5.297819e-07	3.109271e-10
321	1.714678e-01	5.285629e-03	6.942328e-05	1.032470e-06	8.741152e-12	7.506297e-08	-2.617222e-24
322	1.683813e-01	2.784528e-03	3.019628e-04	1.155882e-06	-9.297042e-12	-1.364848e-08	-1.949092e-11
323	1.730104e-01	2.529832e-03	2.160411e-04	9.967376e-06	1.940440e-11	2.618123e-07	-4.621223e-10
324	1.618312e-01	1.343795e-03	1.367902e-04	1.365097e-06	-1.780414e-11	-2.990401e-08	-5.566468e-12
325	1.618312e-01	1.343795e-03	1.367902e-04	1.365097e-06	-1.780414e-11	-2.990401e-08	-5.566468e-12
326	1.723283e-01	4.211803e-03	2.366996e-04	3.190488e-05	2.428100e-09	8.188645e-07	-1.338485e-09
327	1.723283e-01	4.211803e-03	2.366996e-04	3.190488e-05	2.428100e-09	8.188645e-07	-1.338485e-09
328	1.688750e-01	2.858766e-03	1.006665e-04	1.178648e-05	3.790980e-10	1.248806e-07	-1.453098e-10
329	1.718750e-01	5.021016e-03	1.158557e-04	2.555664e-06	4.257054e-11	1.385860e-07	1.102837e-11
330	1.718750e-01	5.021016e-03	1.158557e-04	2.555664e-06	4.257054e-11	1.385860e-07	1.102837e-11
331	1.678005e-01	3.146837e-03	0.000000e+00	0.000000e+00	0.000000e+00	-0.000000e+00	0.000000e+00
332	1.678005e-01	3.146837e-03	0.000000e+00	0.000000e+00	0.000000e+00	-0.000000e+00	0.000000e+00
333	1.678005e-01	3.146837e-03	0.000000e+00	0.000000e+00	0.000000e+00	-0.000000e+00	0.000000e+00
334	1.640000e-01	1.746000e-03	8.154900e-05	1.249000e-06	5.071101e-12	1.676100e-08	-1.154025e-11
335	1.688293e-01	2.630368e-03	4.158398e-05	1.255108e-06	-3.733849e-12	5.302675e-08	-8.262983e-12
336	1.693750e-01	3.550391e-03	6.648926e-05	1.270508e-06	-6.010154e-12	7.377625e-08	-1.001184e-11
337	1.693750e-01	3.550391e-03	6.648926e-05	1.270508e-06	-6.010154e-12	7.377625e-08	-1.001184e-11
338	1.693750e-01	3.550391e-03	6.648926e-05	1.270508e-06	-6.010154e-12	7.377625e-08	-1.001184e-11
339	1.715000e-01	4.007250e-03	4.424040e-04	1.992400e-05	-4.755693e-10	-2.661240e-07	1.809108e-09
340	1.715000e-01	4.007250e-03	4.424040e-04	1.992400e-05	-4.755693e-10	-2.661240e-07	1.809108e-09
341	1.675845e-01	2.620942e-03	1.093864e-04	7.244601e-06	-1.709302e-10	-2.306452e-07	1.112411e-10
342	1.688750e-01	2.116266e-03	3.065921e-04	2.039085e-05	5.886742e-10	2.700848e-07	1.500942e-09
343	1.659808e-01	1.605070e-03	7.233258e-05	4.685155e-06	-3.599640e-11	-5.546826e-08	-7.837799e-11
344	1.726199e-01	3.110495e-03	2.935053e-04	1.264461e-05	-3.143451e-10	-4.001801e-07	7.032541e-10
345	1.663750e-01	1.723141e-03	1.339088e-04	7.605070e-06	2.053204e-10	1.721219e-07	1.293987e-10
346	1.663750e-01	1.723141e-03	1.339088e-04	7.605070e-06	2.053204e-10	1.721219e-07	1.293987e-10
347	1.726199e-01	3.265578e-03	1.361052e-04	1.215849e-05	4.427509e-10	6.717276e-07	-2.204631e-10
348	1.726199e-01	3.265578e-03	1.361052e-04	1.215849e-05	4.427509e-10	6.717276e-07	-2.204631e-10
349	1.679545e-01	3.227488e-03	4.787820e-04	1.695758e-05	6.970869e-10	2.052671e-07	-1.359692e-09
350	1.679545e-01	3.227488e-03	4.787820e-04	1.695758e-05	6.970869e-10	2.052671e-07	-1.359692e-09
351	1.697040e-01	3.648608e-03	1.907656e-04	1.651053e-05	6.309548e-10	3.266715e-08	-6.785877e-10
352	1.730000e-01	5.524000e-03	2.237220e-04	1.276200e-05	1.294772e-10	-3.938400e-08	-6.695136e-10
353	1.730000e-01	5.524000e-03	2.237220e-04	1.276200e-05	1.294772e-10	-3.938400e-08	-6.695136e-10
354	1.730000e-01	5.524000e-03	2.237220e-04	1.276200e-05	1.294772e-10	-3.938400e-08	-6.695136e-10
355	1.730000e-01	5.524000e-03	2.237220e-04	1.276200e-05	1.294772e-10	-3.938400e-08	-6.695136e-10
356	1.730000e-01	5.524000e-03	2.237220e-04	1.276200e-05	1.294772e-10	-3.938400e-08	-6.695136e-10
357	1.697040e-01	4.695416e-03	1.187680e-04	9.426507e-06	2.687655e-10	4.388800e-07	-1.650721e-10
358	1.663237e-01	3.454876e-03	1.501292e-04	1.053668e-05	4.187229e-10	5.922287e-07	-1.708974e-11
359	1.663237e-01	3.454876e-03	1.501292e-04	1.053668e-05	4.187229e-10	5.922287e-07	-1.708974e-11
