0	1.643519e-01	9.055641e-04	4.108578e-04	2.431111e-06	7.683392e-11	-7.315844e-08	1.312051e-23
1	1.688293e-01	4.139789e-04	6.767701e-04	3.329809e-05	-2.305466e-09	4.903859e-09	4.435196e-09
2	1.685000e-01	8.822500e-04	4.103460e-04	2.010600e-05	-1.690334e-09	-3.977190e-07	6.913836e-10
3	1.708239e-01	1.921924e-03	6.778106e-04	1.993881e-05	-2.065232e-09	-4.317645e-07	1.052463e-09
4	1.708239e-01	1.921924e-03	6.778106e-04	1.993881e-05	-2.065232e-09	-4.317645e-07	1.052463e-09
5	1.698911e-01	2.892938e-03	4.568546e-04	2.591374e-05	-1.251382e-10	-1.316085e-08	2.816800e-09
6	1.698911e-01	2.892938e-03	4.568546e-04	2.591374e-05	-1.251382e-10	-1.316085e-08	2.816800e-09
7	1.698911e-01	2.892938e-03	4.568546e-04	2.591374e-05	-1.251382e-10	-1.316085e-08	2.816800e-09
8	1.698911e-01	2.892938e-03	4.568546e-04	2.591374e-05	-1.251382e-10	-1.316085e-08	2.816800e-09
9	1.698911e-01	2.892938e-03	4.568546e-04	2.591374e-05	-1.251382e-10	-1.316085e-08	2.816800e-09
10	1.764388e-01	7.651040e-04	1.721159e-03	3.490804e-06	9.442267e-11	-9.635832e-08	-2.535723e-10
11	1.773103e-01	2.314343e-04	1.922953e-03	5.506908e-07	-5.110329e-12	-5.144454e-09	-1.717623e-11
12	1.753590e-01	1.188348e-03	1.285805e-03	1.982998e-06	-4.349371e-11	-5.278929e-08	-9.019219e-11
13	1.753590e-01	1.188348e-03	1.285805e-03	1.982998e-06	-4.349371e-11	-5.278929e-08	-9.019219e-11
14	1.707363e-01	7.033698e-04	8.571612e-04	3.266082e-06	-4.550161e-11	8.624454e-08	1.667132e-10
15	1.688803e-01	1.959981e-03	5.271389e-04	8.227710e-06	2.514671e-10	2.683172e-08	-4.799670e-10
16	1.688803e-01	1.959981e-03	5.271389e-04	8.227710e-06	2.514671e-10	2.683172e-08	-4.799670e-10
17	1.634110e-01	9.519853e-04	2.254881e-04	4.097658e-06	8.823879e-11	1.253441e-07	8.790995e-11
18	1.710180e-01	1.768294e-03	3.203315e-04	6.614651e-06	1.913839e-10	-2.299877e-08	2.368140e-10
19	1.749271e-01	1.437631e-03	6.395041e-04	2.649194e-05	3.020266e-09	8.890281e-07	-1.663750e-09
20	1.737863e-01	9.152767e-04	5.592275e-04	6.410688e-06	-2.565038e-10	-1.741153e-07	-2.855514e-10
21	1.718750e-01	9.035156e-04	8.074775e-04	9.633789e-06	-8.192925e-10	6.423523e-08	2.252428e-10
22	1.672615e-01	7.583090e-04	3.257515e-04	8.209258e-06	3.979498e-10	-1.545506e-07	-1.478308e-10
23	1.736314e-01	7.744317e-04	3.295772e-04	3.608614e-05	2.129638e-09	-3.163803e-07	3.309386e-09
24	1.657588e-01	7.670583e-04	1.580426e-04	1.765306e-07	8.489602e-13	-4.817340e-09	-3.856116e-13
25	1.657588e-01	7.670583e-04	1.580426e-04	1.765306e-07	8.489602e-13	-4.817340e-09	-3.856116e-13
26	1.657588e-01	7.670583e-04	1.580426e-04	1.765306e-07	8.489602e-13	-4.817340e-09	-3.856116e-13
27	1.641291e-01	2.446187e-04	5.447288e-04	1.438410e-07	5.276400e-13	2.184051e-09	1.158777e-12
28	1.641291e-01	2.446187e-04	5.447288e-04	1.438410e-07	5.276400e-13	2.184051e-09	1.158777e-12
29	1.656941e-01	8.822996e-04	6.288755e-04	1.114409e-07	-9.242665e-13	-3.034691e-10	-1.268453e-13
30	1.624065e-01	6.469782e-04	2.354742e-04	5.135600e-07	4.527833e-12	8.496609e-10	3.375398e-12
31	1.698036e-01	1.565593e-03	3.827399e-04	4.192964e-06	-5.080542e-11	-1.632073e-07	1.601030e-10
32	1.698036e-01	1.565593e-03	3.827399e-04	4.192964e-06	-5.080542e-11	-1.632073e-07	1.601030e-10
33	1.755259e-01	1.781277e-03	4.139673e-04	1.049675e-05	2.250913e-10	3.907603e-07	-6.542993e-10
34	1.722693e-01	1.881409e-03	5.444976e-04	5.228041e-07	2.464877e-12	2.189196e-08	-8.469377e-12
35	1.661872e-01	2.470374e-03	4.662140e-05	1.400492e-07	-1.984227e-13	-6.814094e-09	-2.978128e-13
36	1.661872e-01	2.470374e-03	4.662140e-05	1.400492e-07	-1.984227e-13	-6.814094e-09	-2.978128e-13
37	1.693122e-01	1.894501e-03	1.108847e-04	1.453997e-05	-6.642368e-11	3.078979e-07	5.800320e-10
38	1.693122e-01	1.894501e-03	1.108847e-04	1.453997e-05	-6.642368e-11	3.078979e-07	5.800320e-10
39	1.697500e-01	1.097563e-03	3.121588e-04	9.176313e-06	-3.678092e-10	1.199531e-07	3.254505e-10
40	1.697500e-01	1.097563e-03	3.121588e-04	9.176313e-06	-3.678092e-10	1.199531e-07	3.254505e-10
41	1.820000e-01	3.754000e-03	1.047393e-03	1.913300e-05	2.291805e-09	1.166391e-06	-1.443477e-09
42	1.705000e-01	4.002500e-04	2.071620e-04	2.522000e-06	-5.295268e-11	4.506100e-08	2.278440e-11
43	1.591621e-01	7.651040e-04	2.651793e-05	1.005313e-06	-4.376913e-12	-1.178076e-08	-2.790246e-12
44	1.605935e-01	6.134773e-04	2.897607e-05	2.567116e-07	-2.795373e-14	5.394903e-09	-6.995867e-13
45	1.608898e-01	2.054424e-04	7.669902e-05	1.104145e-07	-6.506304e-14	-4.712726e-10	-3.146609e-13
46	1.608898e-01	2.054424e-04	7.669902e-05	1.104145e-07	-6.506304e-14	-4.712726e-10	-3.146609e-13
47	1.612509e-01	5.922125e-04	2.128983e-04	3.925554e-07	2.437291e-12	-3.328861e-09	-2.634084e-12
48	1.612509e-01	5.922125e-04	2.128983e-04	3.925554e-07	2.437291e-12	-3.328861e-09	-2.634084e-12
49	1.612509e-01	5.922125e-04	2.128983e-04	3.925554e-07	2.437291e-12	-3.328861e-09	-2.634084e-12
50	1.612509e-01	5.922125e-04	2.128983e-04	3.925554e-07	2.437291e-12	-3.328861e-09	-2.634084e-12
51	1.615376e-01	5.328444e-04	5.554928e-04	1.871625e-06	5.432962e-11	2.660668e-08	-2.627257e-11
52	1.639132e-01	9.444289e-05	8.283256e-04	2.549479e-07	3.704910e-12	2.477627e-09	1.102545e-24
53	1.659134e-01	3.490210e-04	3.619555e-04	1.181929e-05	7.392840e-10	-7.637263e-08	2.260203e-10
54	1.582982e-01	9.910673e-05	2.007510e-04	9.095533e-08	-1.110356e-13	-3.625262e-10	3.724628e-13
55	1.582982e-01	9.910673e-05	2.007510e-04	9.095533e-08	-1.110356e-13	-3.625262e-10	3.724628e-13
56	1.699600e-01	8.175722e-04	8.467135e-04	1.211347e-05	1.197706e-09	2.537417e-07	2.655596e-10
57	1.699600e-01	8.175722e-04	8.467135e-04	1.211347e-05	1.197706e-09	2.537417e-07	2.655596e-10
58	1.680128e-01	4.855270e-04	5.368947e-04	4.486118e-06	1.740916e-10	9.806887e-08	1.347785e-10
59	1.656941e-01	8.822996e-04	6.288755e-04	1.114409e-07	-9.242665e-13	-3.034691e-10	1.268453e-13
60	1.656941e-01	8.822996e-04	6.288755e-04	1.114409e-07	-9.242665e-13	-3.034691e-10	1.268453e-13
61	1.624065e-01	6.469782e-04	2.354742e-04	5.135600e-07	4.527833e-12	8.496609e-10	-3.375398e-12
62	1.624065e-01	6.469782e-04	2.354742e-04	5.135600e-07	4.527833e-12	8.496609e-10	-3.375398e-12
63	1.624065e-01	6.469782e-04	2.354742e-04	5.135600e-07	4.527833e-12	8.496609e-10	-3.375398e-12
64	1.604996e-01	1.207357e-04	4.082748e-04	2.044840e-06	5.723156e-11	1.033264e-08	-1.467626e-11
65	1.604996e-01	1.207357e-04	4.082748e-04	2.044840e-06	5.723156e-11	1.033264e-08	-1.467626e-11
66	1.635988e-01	8.550722e-04	4.425062e-04	6.805972e-07	-1.011901e-11	-1.246216e-08	-6.091851e-12
67	1.635988e-01	8.550722e-04	4.425062e-04	6.805972e-07	-1.011901e-11	-1.246216e-08	-6.091851e-12
68	1.635988e-01	8.550722e-04	4.425062e-04	6.805972e-07	-1.011901e-11	-1.246216e-08	-6.091851e-12
69	1.695154e-01	9.896022e-04	8.466877e-04	3.550227e-06	-1.359507e-11	-8.719619e-08	1.941708e-10
70	1.695154e-01	9.896022e-04	8.466877e-04	3.550227e-06	-1.359507e-11	-8.719619e-08	1.941708e-10
71	1.668447e-01	3.526172e-04	5.315569e-04	6.635140e-07	-5.177591e-12	-1.086147e-08	1.133433e-11
72	1.703606e-01	8.936328e-05	8.909179e-04	6.435072e-06	1.731431e-10	5.913211e-08	-4.554458e-10
73	1.637500e-01	1.390625e-04	4.793203e-04	5.703125e-07	-9.009705e-12	-1.064453e-09	-2.781738e-12
74	1.688803e-01	4.663846e-04	8.920507e-04	1.005967e-05	8.666451e-10	8.817571e-08	3.962846e-10
75	1.646319e-01	1.075411e-04	5.037856e-04	8.010740e-06	1.820289e-10	7.886640e-08	-4.752305e-10
76	1.646319e-01	1.075411e-04	5.037856e-04	8.010740e-06	1.820289e-10	7.886640e-08	-4.752305e-10
77	1.624015e-01	8.077782e-04	3.213847e-04	1.346766e-05	4.667287e-10	1.768590e-07	7.531419e-10
78	1.624015e-01	8.077782e-04	3.213847e-04	1.346766e-05	4.667287e-10	1.768590e-07	7.531419e-10
79	1.624015e-01	8.077782e-04	3.213847e-04	1.346766e-05	4.667287e-10	1.768590e-07	-7.531419e-10
80	1.624015e-01	8.077782e-04	3.213847e-04	1.346766e-05	4.667287e-10	1.768590e-07	-7.531419e-10
81	1.669366e-01	1.678472e-03	2.408890e-04	2.411932e-05	1.056982e-10	-1.191167e-07	-1.835427e-09
82	1.698911e-01	2.892938e-03	4.568546e-04	2.591374e-05	-1.251382e-10	-1.316085e-08	-2.816800e-09
83	1.698911e-01	2.892938e-03	4.568546e-04	2.591374e-05	-1.251382e-10	-1.316085e-08	-2.816800e-09
84	1.698911e-01	2.892938e-03	4.568546e-04	2.591374e-05	-1.251382e-10	-1.316085e-08	-2.816800e-09
85	1.698911e-01	2.892938e-03	4.568546e-04	2.591374e-05	-1.251382e-10	-1.316085e-08	-2.816800e-09
86	1.698911e-01	2.892938e-03	4.568546e-04	2.591374e-05	-1.251382e-10	-1.316085e-08	-2.816800e-09
87	1.680164e-01	2.703212e-03	5.125241e-04	2.402675e-05	7.169423e-10	2.429211e-07	-2.568043e-09
88	1.693750e-01	1.720391e-03	8.746330e-04	1.696426e-05	-1.568687e-09	-3.427714e-07	-1.345082e-09
89	1.673713e-01	1.578034e-03	5.980361e-04	1.257217e-05	-3.885518e-10	2.210726e-07	-1.018536e-09
90	1.643519e-01	9.055641e-04	4.108578e-04	2.431111e-06	7.683392e-11	-7.315844e-08	-1.555023e-23
91	1.688293e-01	4.139789e-04	6.767701e-04	3.329809e-05	-2.305466e-09	4.903859e-09	4.435196e-09
92	1.685000e-01	8.822500e-04	4.103460e-04	2.010600e-05	-1.690334e-09	-3.977190e-07	6.913836e-10
93	1.708239e-01	1.921924e-03	6.778106e-04	1.993881e-05	-2.065232e-09	-4.317645e-07	1.052463e-09
94	1.708239e-01	1.921924e-03	6.778106e-04	1.993881e-05	-2.065232e-09	-4.317645e-07	1.052463e-09
95	1.698911e-01	2.892938e-03	4.568546e-04	2.591374e-05	-1.251382e-10	-1.316085e-08	2.816800e-09
96	1.698911e-01	2.892938e-03	4.568546e-04	2.591374e-05	-1.251382e-10	-1.316085e-08	2.816800e-09
97	1.698911e-01	2.892938e-03	4.568546e-04	2.591374e-05	-1.251382e-10	-1.316085e-08	2.816800e-09
98	1.698911e-01	2.892938e-03	4.568546e-04	2.591374e-05	-1.251382e-10	-1.316085e-08	2.816800e-09
99	1.698911e-01	2.892938e-03	4.568546e-04	2.591374e-05	-1.251382e-10	-1.316085e-08	2.816800e-09
100	1.764388e-01	7.651040e-04	1.721159e-03	3.490804e-06	9.442267e-11	-9.635832e-08	-2.535723e-10
101	1.773103e-01	2.314343e-04	1.922953e-03	5.506908e-07	-5.110329e-12	-5.144454e-09	-1.717623e-11
102	1.753590e-01	1.188348e-03	1.285805e-03	1.982998e-06	-4.349371e-11	-5.278929e-08	-9.019219e-11
103	1.753590e-01	1.188348e-03	1.285805e-03	1.982998e-06	-4.349371e-11	-5.278929e-08	-9.019219e-11
104	1.707363e-01	7.033698e-04	8.571612e-04	3.266082e-06	-4.550161e-11	8.624454e-08	1.667132e-10
105	1.688803e-01	1.959981e-03	5.271389e-04	8.227710e-06	2.514671e-10	2.683172e-08	-4.799670e-10
106	1.688803e-01	1.959981e-03	5.271389e-04	8.227710e-06	2.514671e-10	2.683172e-08	-4.799670e-10
107	1.634110e-01	9.519853e-04	2.254881e-04	4.097658e-06	8.823879e-11	1.253441e-07	8.790995e-11
108	1.710180e-01	1.768294e-03	3.203315e-04	6.614651e-06	1.913839e-10	-2.299877e-08	2.368140e-10
109	1.749271e-01	1.437631e-03	6.395041e-04	2.649194e-05	3.020266e-09	8.890281e-07	-1.663750e-09
110	1.737863e-01	9.152767e-04	5.592275e-04	6.410688e-06	-2.565038e-10	-1.741153e-07	-2.855514e-10
111	1.718750e-01	9.035156e-04	8.074775e-04	9.633789e-06	-8.192925e-10	6.423523e-08	2.252428e-10
112	1.672615e-01	7.583090e-04	3.257515e-04	8.209258e-06	3.979498e-10	-1.545506e-07	-1.478308e-10
113	1.736314e-01	7.744317e-04	3.295772e-04	3.608614e-05	2.129638e-09	-3.163803e-07	3.309386e-09
114	1.657588e-01	7.670583e-04	1.580426e-04	1.765306e-07	8.489602e-13	-4.817340e-09	-3.856116e-13
115	1.657588e-01	7.670583e-04	1.580426e-04	1.765306e-07	8.489602e-13	-4.817340e-09	-3.856116e-13
116	1.657588e-01	7.670583e-04	1.580426e-04	1.765306e-07	8.489602e-13	-4.817340e-09	-3.856116e-13
117	1.641291e-01	2.446187e-04	5.447288e-04	1.438410e-07	5.276400e-13	2.184051e-09	1.158777e-12
118	1.641291e-01	2.446187e-04	5.447288e-04	1.438410e-07	5.276400e-13	2.184051e-09	1.158777e-12
119	1.656941e-01	8.822996e-04	6.288755e-04	1.114409e-07	-9.242665e-13	-3.034691e-10	-1.268453e-13
120	1.624065e-01	6.469782e-04	2.354742e-04	5.135600e-07	4.527833e-12	8.496609e-10	3.375398e-12
121	1.698036e-01	1.565593e-03	3.827399e-04	4.192964e-06	-5.080542e-11	-1.632073e-07	1.601030e-10
122	1.698036e-01	1.565593e-03	3.827399e-04	4.192964e-06	-5.080542e-11	-1.632073e-07	1.601030e-10
123	1.755259e-01	1.781277e-03	4.139673e-04	1.049675e-05	2.250913e-10	3.907603e-07	-6.542993e-10
124	1.722693e-01	1.881409e-03	5.444976e-04	5.228041e-07	2.464877e-12	2.189196e-08	-8.469377e-12
125	1.661872e-01	2.470374e-03	4.662140e-05	1.400492e-07	-1.984227e-13	-6.814094e-09	-2.978128e-13
126	1.661872e-01	2.470374e-03	4.662140e-05	1.400492e-07	-1.984227e-13	-6.814094e-09	-2.978128e-13
127	1.693122e-01	1.894501e-03	1.108847e-04	1.453997e-05	-6.642368e-11	3.078979e-07	5.800320e-10
128	1.693122e-01	1.894501e-03	1.108847e-04	1.453997e-05	-6.642368e-11	3.078979e-07	5.800320e-10
129	1.697500e-01	1.097563e-03	3.121588e-04	9.176312e-06	-3.678092e-10	1.199531e-07	3.254505e-10
130	1.697500e-01	1.097563e-03	3.121588e-04	9.176312e-06	-3.678092e-10	1.199531e-07	3.254505e-10
131	1.820000e-01	3.754000e-03	1.047393e-03	1.913300e-05	2.291805e-09	1.166391e-06	-1.443477e-09
132	1.705000e-01	4.002500e-04	2.071620e-04	2.522000e-06	-5.295268e-11	4.506100e-08	2.278440e-11
133	1.591621e-01	7.651040e-04	2.651793e-05	1.005313e-06	-4.376913e-12	-1.178076e-08	-2.790246e-12
134	1.605935e-01	6.134773e-04	2.897607e-05	2.567116e-07	-2.795373e-14	5.394903e-09	-6.995867e-13
135	1.608898e-01	2.054424e-04	7.669902e-05	1.104145e-07	-6.506304e-14	-4.712726e-10	-3.146609e-13
136	1.608898e-01	2.054424e-04	7.669902e-05	1.104145e-07	-6.506304e-14	-4.712726e-10	-3.146609e-13
137	1.612509e-01	5.922125e-04	2.128983e-04	3.925554e-07	2.437291e-12	-3.328861e-09	-2.634084e-12
138	1.612509e-01	5.922125e-04	2.128983e-04	3.925554e-07	2.437291e-12	-3.328861e-09	-2.634084e-12
139	1.612509e-01	5.922125e-04	2.128983e-04	3.925554e-07	2.437291e-12	-3.328861e-09	-2.634084e-12
140	1.612509e-01	5.922125e-04	2.128983e-04	3.925554e-07	2.437291e-12	-3.328861e-09	-2.634084e-12
141	1.615376e-01	5.328444e-04	5.554928e-04	1.871625e-06	5.432962e-11	2.660668e-08	-2.627257e-11
142	1.639132e-01	9.444289e-05	8.283256e-04	2.549479e-07	3.704910e-12	2.477627e-09	-2.433203e-24
143	1.659134e-01	3.490210e-04	3.619555e-04	1.181929e-05	7.392840e-10	-7.637263e-08	2.260203e-10
144	1.582982e-01	9.910673e-05	2.007510e-04	9.095533e-08	-1.110356e-13	-3.625262e-10	3.724628e-13
145	1.582982e-01	9.910673e-05	2.007510e-04	9.095533e-08	-1.110356e-13	-3.625262e-10	3.724628e-13
146	1.699600e-01	8.175722e-04	8.467135e-04	1.211347e-05	1.197706e-09	2.537417e-07	2.655596e-10
147	1.699600e-01	8.175722e-04	8.467135e-04	1.211347e-05	1.197706e-09	2.537417e-07	2.655596e-10
148	1.680128e-01	4.855270e-04	5.368947e-04	4.486118e-06	1.740916e-10	9.806887e-08	1.347785e-10
149	1.656941e-01	8.822996e-04	6.288755e-04	1.114409e-07	-9.242665e-13	-3.034691e-10	1.268453e-13
150	1.656941e-01	8.822996e-04	6.288755e-04	1.114409e-07	-9.242665e-13	-3.034691e-10	1.268453e-13
151	1.624065e-01	6.469782e-04	2.354742e-04	5.135600e-07	4.527833e-12	8.496609e-10	-3.375398e-12
152	1.624065e-01	6.469782e-04	2.354742e-04	5.135600e-07	4.527833e-12	8.496609e-10	-3.375398e-12
153	1.624065e-01	6.469782e-04	2.354742e-04	5.135600e-07	4.527833e-12	8.496609e-10	-3.375398e-12
154	1.604996e-01	1.207357e-04	4.082748e-04	2.044840e-06	5.723156e-11	1.033264e-08	-1.467626e-11
155	1.604996e-01	1.207357e-04	4.082748e-04	2.044840e-06	5.723156e-11	1.033264e-08	-1.467626e-11
156	1.635988e-01	8.550722e-04	4.425062e-04	6.805972e-07	-1.011901e-11	-1.246216e-08	-6.091851e-12
157	1.635988e-01	8.550722e-04	4.425062e-04	6.805972e-07	-1.011901e-11	-1.246216e-08	-6.091851e-12
158	1.635988e-01	8.550722e-04	4.425062e-04	6.805972e-07	-1.011901e-11	-1.246216e-08	-6.091851e-12
159	1.695154e-01	9.896022e-04	8.466877e-04	3.550227e-06	-1.359507e-11	-8.719619e-08	1.941708e-10
160	1.695154e-01	9.896022e-04	8.466877e-04	3.550227e-06	-1.359507e-11	-8.719619e-08	1.941708e-10
161	1.668447e-01	3.526172e-04	5.315569e-04	6.635140e-07	-5.177591e-12	-1.086147e-08	1.133433e-11
162	1.703606e-01	8.936328e-05	8.909179e-04	6.435072e-06	1.731431e-10	5.913211e-08	-4.554458e-10
163	1.637500e-01	1.390625e-04	4.793203e-04	5.703125e-07	-9.009705e-12	-1.064453e-09	-2.781738e-12
164	1.688803e-01	4.663846e-04	8.920507e-04	1.005967e-05	8.666451e-10	8.817571e-08	3.962846e-10
165	1.646319e-01	1.075411e-04	5.037856e-04	8.010740e-06	1.820289e-10	7.886640e-08	-4.752305e-10
166	1.646319e-01	1.075411e-04	5.037856e-04	8.010740e-06	1.820289e-10	7.886640e-08	-4.752305e-10
167	1.624015e-01	8.077782e-04	3.213847e-04	1.346766e-05	4.667287e-10	1.768590e-07	7.531419e-10
168	1.624015e-01	8.077782e-04	3.213847e-04	1.346766e-05	4.667287e-10	1.768590e-07	7.531419e-10
169	1.624015e-01	8.077782e-04	3.213847e-04	1.346766e-05	4.667287e-10	1.768590e-07	-7.531419e-10
170	1.624015e-01	8.077782e-04	3.213847e-04	1.346766e-05	4.667287e-10	1.768590e-07	-7.531419e-10
171	1.669366e-01	1.678472e-03	2.408890e-04	2.411932e-05	1.056982e-10	-1.191167e-07	-1.835427e-09
172	1.698911e-01	2.892938e-03	4.568546e-04	2.591374e-05	-1.251382e-10	-1.316085e-08	-2.816800e-09
173	1.698911e-01	2.892938e-03	4.568546e-04	2.591374e-05	-1.251382e-10	-1.316085e-08	-2.816800e-09
174	1.698911e-01	2.892938e-03	4.568546e-04	2.591374e-05	-1.251382e-10	-1.316085e-08	-2.816800e-09
175	1.698911e-01	2.892938e-03	4.568546e-04	2.591374e-05	-1.251382e-10	-1.316085e-08	-2.816800e-09
176	1.698911e-01	2.892938e-03	4.568546e-04	2.591374e-05	-1.251382e-10	-1.316085e-08	-2.816800e-09
177	1.680164e-01	2.703212e-03	5.125241e-04	2.402675e-05	7.169423e-10	2.429211e-07	-2.568043e-09
178	1.693750e-01	1.720391e-03	8.746330e-04	1.696426e-05	-1.568687e-09	-3.427714e-07	-1.345082e-09
179	1.673713e-01	1.578034e-03	5.980361e-04	1.257217e-05	-3.885518e-10	2.210726e-07	-1.018536e-09
180	1.643519e-01	9.055641e-04	4.108578e-04	2.431111e-06	7.683392e-11	-7.315844e-08	-1.457834e-24
181	1.688293e-01	4.139789e-04	6.767701e-04	3.329809e-05	-2.305466e-09	4.903859e-09	4.435196e-09
182	1.685000e-01	8.822500e-04	4.103460e-04	2.010600e-05	-1.690334e-09	-3.977190e-07	6.913836e-10
183	1.708239e-01	1.921924e-03	6.778106e-04	1.993881e-05	-2.065232e-09	-4.317645e-07	1.052463e-09
184	1.708239e-01	1.921924e-03	6.778106e-04	1.993881e-05	-2.065232e-09	-4.317645e-07	1.052463e-09
185	1.698911e-01	2.892938e-03	4.568546e-04	2.591374e-05	-1.251382e-10	-1.316085e-08	2.816800e-09
186	1.698911e-01	2.892938e-03	4.568546e-04	2.591374e-05	-1.251382e-10	-1.316085e-08	2.816800e-09
187	1.698911e-01	2.892938e-03	4.568546e-04	2.591374e-05	-1.251382e-10	-1.316085e-08	2.816800e-09
188	1.698911e-01	2.892938e-03	4.568546e-04	2.591374e-05	-1.251382e-10	-1.316085e-08	2.816800e-09
189	1.698911e-01	2.892938e-03	4.568546e-04	2.591374e-05	-1.251382e-10	-1.316085e-08	2.816800e-09
190	1.764388e-01	7.651040e-04	1.721159e-03	3.490804e-06	9.442267e-11	-9.635832e-08	-2.535723e-10
191	1.773103e-01	2.314343e-04	1.922953e-03	5.506908e-07	-5.110329e-12	-5.144454e-09	-1.717623e-11
192	1.753590e-01	1.188348e-03	1.285805e-03	1.982998e-06	-4.349371e-11	-5.278929e-08	-9.019219e-11
193	1.753590e-01	1.188348e-03	1.285805e-03	1.982998e-06	-4.349371e-11	-5.278929e-08	-9.019219e-11
194	1.707363e-01	7.033698e-04	8.571612e-04	3.266082e-06	-4.550161e-11	8.624454e-08	1.667132e-10
195	1.688803e-01	1.959981e-03	5.271389e-04	8.227710e-06	2.514671e-10	2.683172e-08	-4.799670e-10
196	1.688803e-01	1.959981e-03	5.271389e-04	8.227710e-06	2.514671e-10	2.683172e-08	-4.799670e-10
197	1.634110e-01	9.519853e-04	2.254881e-04	4.097658e-06	8.823879e-11	1.253441e-07	8.790995e-11
198	1.710180e-01	1.768294e-03	3.203315e-04	6.614651e-06	1.913839e-10	-2.299877e-08	2.368140e-10
199	1.749271e-01	1.437631e-03	6.395041e-04	2.649194e-05	3.020266e-09	8.890281e-07	-1.663750e-09
200	1.737863e-01	9.152767e-04	5.592275e-04	6.410688e-06	-2.565038e-10	-1.741153e-07	-2.855514e-10
201	1.718750e-01	9.035156e-04	8.074775e-04	9.633789e-06	-8.192925e-10	6.423523e-08	2.252428e-10
202	1.672615e-01	7.583090e-04	3.257515e-04	8.209258e-06	3.979498e-10	-1.545506e-07	-1.478308e-10
203	1.736314e-01	7.744317e-04	3.295772e-04	3.608614e-05	2.129638e-09	-3.163803e-07	3.309386e-09
204	1.657588e-01	7.670583e-04	1.580426e-04	1.765306e-07	8.489602e-13	-4.817340e-09	-3.856116e-13
205	1.657588e-01	7.670583e-04	1.580426e-04	1.765306e-07	8.489602e-13	-4.817340e-09	-3.856116e-13
206	1.657588e-01	7.670583e-04	1.580426e-04	1.765306e-07	8.489602e-13	-4.817340e-09	-3.856116e-13
207	1.641291e-01	2.446187e-04	5.447288e-04	1.438410e-07	5.276400e-13	2.184051e-09	1.158777e-12
208	1.641291e-01	2.446187e-04	5.447288e-04	1.438410e-07	5.276400e-13	2.184051e-09	1.158777e-12
209	1.656941e-01	8.822996e-04	6.288755e-04	1.114409e-07	-9.242665e-13	-3.034691e-10	-1.268453e-13
210	1.624065e-01	6.469782e-04	2.354742e-04	5.135600e-07	4.527833e-12	8.496609e-10	3.375398e-12
211	1.698036e-01	1.565593e-03	3.827399e-04	4.192964e-06	-5.080542e-11	-1.632073e-07	1.601030e-10
212	1.698036e-01	1.565593e-03	3.827399e-04	4.192964e-06	-5.080542e-11	-1.632073e-07	1.601030e-10
213	1.755259e-01	1.781277e-03	4.139673e-04	1.049675e-05	2.250913e-10	3.907603e-07	-6.542993e-10
214	1.722693e-01	1.881409e-03	5.444976e-04	5.228041e-07	2.464877e-12	2.189196e-08	-8.469377e-12
215	1.661872e-01	2.470374e-03	4.662140e-05	1.400492e-07	-1.984227e-13	-6.814094e-09	-2.978128e-13
216	1.661872e-01	2.470374e-03	4.662140e-05	1.400492e-07	-1.984227e-13	-6.814094e-09	-2.978128e-13
217	1.693122e-01	1.894501e-03	1.108847e-04	1.453997e-05	-6.642368e-11	3.078979e-07	5.800320e-10
218	1.693122e-01	1.894501e-03	1.108847e-04	1.453997e-05	-6.642368e-11	3.078979e-07	5.800320e-10
219	1.697500e-01	1.097563e-03	3.121588e-04	9.176313e-06	-3.678092e-10	1.199531e-07	3.254505e-10
220	1.697500e-01	1.097563e-03	3.121588e-04	9.176313e-06	-3.678092e-10	1.199531e-07	3.254505e-10
221	1.820000e-01	3.754000e-03	1.047393e-03	1.913300e-05	2.291805e-09	1.166391e-06	-1.443477e-09
222	1.705000e-01	4.002500e-04	2.071620e-04	2.522000e-06	-5.295268e-11	4.506100e-08	2.278440e-11
223	1.591621e-01	7.651040e-04	2.651793e-05	1.005313e-06	-4.376913e-12	-1.178076e-08	-2.790246e-12
224	1.605935e-01	6.134773e-04	2.897607e-05	2.567116e-07	-2.795373e-14	5.394903e-09	-6.995867e-13
225	1.608898e-01	2.054424e-04	7.669902e-05	1.104145e-07	-6.506304e-14	-4.712726e-10	-3.146609e-13
226	1.608898e-01	2.054424e-04	7.669902e-05	1.104145e-07	-6.506304e-14	-4.712726e-10	-3.146609e-13
227	1.612509e-01	5.922125e-04	2.128983e-04	3.925554e-07	2.437291e-12	-3.328861e-09	-2.634084e-12
228	1.612509e-01	5.922125e-04	2.128983e-04	3.925554e-07	2.437291e-12	-3.328861e-09	-2.634084e-12
229	1.612509e-01	5.922125e-04	2.128983e-04	3.925554e-07	2.437291e-12	-3.328861e-09	-2.634084e-12
230	1.612509e-01	5.922125e-04	2.128983e-04	3.925554e-07	2.437291e-12	-3.328861e-09	-2.634084e-12
231	1.615376e-01	5.328444e-04	5.554928e-04	1.871625e-06	5.432962e-11	2.660668e-08	-2.627257e-11
232	1.639132e-01	9.444289e-05	8.283256e-04	2.549479e-07	3.704910e-12	2.477627e-09	-6.463195e-25
233	1.659134e-01	3.490210e-04	3.619555e-04	1.181929e-05	7.392840e-10	-7.637263e-08	2.260203e-10
234	1.582982e-01	9.910673e-05	2.007510e-04	9.095533e-08	-1.110356e-13	-3.625262e-10	3.724628e-13
235	1.582982e-01	9.910673e-05	2.007510e-04	9.095533e-08	-1.110356e-13	-3.625262e-10	3.724628e-13
236	1.699600e-01	8.175722e-04	8.467135e-04	1.211347e-05	1.197706e-09	2.537417e-07	2.655596e-10
237	1.699600e-01	8.175722e-04	8.467135e-04	1.211347e-05	1.197706e-09	2.537417e-07	2.655596e-10
238	1.680128e-01	4.855270e-04	5.368947e-04	4.486118e-06	1.740916e-10	9.806887e-08	1.347785e-10
239	1.656941e-01	8.822996e-04	6.288755e-04	1.114409e-07	-9.242665e-13	-3.034691e-10	1.268453e-13
240	1.656941e-01	8.822996e-04	6.288755e-04	1.114409e-07	-9.242665e-13	-3.034691e-10	1.268453e-13
241	1.624065e-01	6.469782e-04	2.354742e-04	5.135600e-07	4.527833e-12	8.496609e-10	-3.375398e-12
242	1.624065e-01	6.469782e-04	2.354742e-04	5.135600e-07	4.527833e-12	8.496609e-10	-3.375398e-12
243	1.624065e-01	6.469782e-04	2.354742e-04	5.135600e-07	4.527833e-12	8.496609e-10	-3.375398e-12
244	1.604996e-01	1.207357e-04	4.082748e-04	2.044840e-06	5.723156e-11	1.033264e-08	-1.467626e-11
245	1.604996e-01	1.207357e-04	4.082748e-04	2.044840e-06	5.723156e-11	1.033264e-08	-1.467626e-11
246	1.635988e-01	8.550722e-04	4.425062e-04	6.805972e-07	-1.011901e-11	-1.246216e-08	-6.091851e-12
247	1.635988e-01	8.550722e-04	4.425062e-04	6.805972e-07	-1.011901e-11	-1.246216e-08	-6.091851e-12
248	1.635988e-01	8.550722e-04	4.425062e-04	6.805972e-07	-1.011901e-11	-1.246216e-08	-6.091851e-12
249	1.695154e-01	9.896022e-04	8.466877e-04	3.550227e-06	-1.359507e-11	-8.719619e-08	1.941708e-10
250	1.695154e-01	9.896022e-04	8.466877e-04	3.550227e-06	-1.359507e-11	-8.719619e-08	1.941708e-10
251	1.668447e-01	3.526172e-04	5.315569e-04	6.635140e-07	-5.177591e-12	-1.086147e-08	1.133433e-11
252	1.703606e-01	8.936328e-05	8.909179e-04	6.435072e-06	1.731431e-10	5.913211e-08	-4.554458e-10
253	1.637500e-01	1.390625e-04	4.793203e-04	5.703125e-07	-9.009705e-12	-1.064453e-09	-2.781738e-12
254	1.688803e-01	4.663846e-04	8.920507e-04	1.005967e-05	8.666451e-10	8.817571e-08	3.962846e-10
255	1.646319e-01	1.075411e-04	5.037856e-04	8.010740e-06	1.820289e-10	7.886640e-08	-4.752305e-10
256	1.646319e-01	1.075411e-04	5.037856e-04	8.010740e-06	1.820289e-10	7.886640e-08	-4.752305e-10
257	1.624015e-01	8.077782e-04	3.213847e-04	1.346766e-05	4.667287e-10	1.768590e-07	7.531419e-10
258	1.624015e-01	8.077782e-04	3.213847e-04	1.346766e-05	4.667287e-10	1.768590e-07	7.531419e-10
259	1.624015e-01	8.077782e-04	3.213847e-04	1.346766e-05	4.667287e-10	1.768590e-07	-7.531419e-10
260	1.624015e-01	8.077782e-04	3.213847e-04	1.346766e-05	4.667287e-10	1.768590e-07	-7.531419e-10
261	1.669366e-01	1.678472e-03	2.408890e-04	2.411932e-05	1.056982e-10	-1.191167e-07	-1.835427e-09
262	1.698911e-01	2.892938e-03	4.568546e-04	2.591374e-05	-1.251382e-10	-1.316085e-08	-2.816800e-09
263	1.698911e-01	2.892938e-03	4.568546e-04	2.591374e-05	-1.251382e-10	-1.316085e-08	-2.816800e-09
264	1.698911e-01	2.892938e-03	4.568546e-04	2.591374e-05	-1.251382e-10	-1.316085e-08	-2.816800e-09
265	1.698911e-01	2.892938e-03	4.568546e-04	2.591374e-05	-1.251382e-10	-1.316085e-08	-2.816800e-09
266	1.698911e-01	2.892938e-03	4.568546e-04	2.591374e-05	-1.251382e-10	-1.316085e-08	-2.816800e-09
267	1.680164e-01	2.703212e-03	5.125241e-04	2.402675e-05	7.169423e-10	2.429211e-07	-2.568043e-09
268	1.693750e-01	1.720391e-03	8.746330e-04	1.696426e-05	-1.568687e-09	-3.427714e-07	-1.345082e-09
269	1.673713e-01	1.578034e-03	5.980361e-04	1.257217e-05	-3.885518e-10	2.210726e-07	-1.018536e-09
270	1.643519e-01	9.055641e-04	4.108578e-04	2.431111e-06	7.683392e-11	-7.315844e-08	0.000000e+00
271	1.688293e-01	4.139789e-04	6.767701e-04	3.329809e-05	-2.305466e-09	4.903859e-09	4.435196e-09
272	1.685000e-01	8.822500e-04	4.103460e-04	2.010600e-05	-1.690334e-09	-3.977190e-07	6.913836e-10
273	1.708239e-01	1.921924e-03	6.778106e-04	1.993881e-05	-2.065232e-09	-4.317645e-07	1.052463e-09
274	1.708239e-01	1.921924e-03	6.778106e-04	1.993881e-05	-2.065232e-09	-4.317645e-07	1.052463e-09
275	1.698911e-01	2.892938e-03	4.568546e-04	2.591374e-05	-1.251382e-10	-1.316085e-08	2.816800e-09
276	1.698911e-01	2.892938e-03	4.568546e-04	2.591374e-05	-1.251382e-10	-1.316085e-08	2.816800e-09
277	1.698911e-01	2.892938e-03	4.568546e-04	2.591374e-05	-1.251382e-10	-1.316085e-08	2.816800e-09
278	1.698911e-01	2.892938e-03	4.568546e-04	2.591374e-05	-1.251382e-10	-1.316085e-08	2.816800e-09
279	1.698911e-01	2.892938e-03	4.568546e-04	2.591374e-05	-1.251382e-10	-1.316085e-08	2.816800e-09
280	1.764388e-01	7.651040e-04	1.721159e-03	3.490804e-06	9.442267e-11	-9.635832e-08	-2.535723e-10
281	1.773103e-01	2.314343e-04	1.922953e-03	5.506908e-07	-5.110329e-12	-5.144454e-09	-1.717623e-11
282	1.753590e-01	1.188348e-03	1.285805e-03	1.982998e-06	-4.349371e-11	-5.278929e-08	-9.019219e-11
283	1.753590e-01	1.188348e-03	1.285805e-03	1.982998e-06	-4.349371e-11	-5.278929e-08	-9.019219e-11
284	1.707363e-01	7.033698e-04	8.571612e-04	3.266082e-06	-4.550161e-11	8.624454e-08	1.667132e-10
285	1.688803e-01	1.959981e-03	5.271389e-04	8.227710e-06	2.514671e-10	2.683172e-08	-4.799670e-10
286	1.688803e-01	1.959981e-03	5.271389e-04	8.227710e-06	2.514671e-10	2.683172e-08	-4.799670e-10
287	1.634110e-01	9.519853e-04	2.254881e-04	4.097658e-06	8.823879e-11	1.253441e-07	8.790995e-11
288	1.710180e-01	1.768294e-03	3.203315e-04	6.614651e-06	1.913839e-10	-2.299877e-08	2.368140e-10
289	1.749271e-01	1.437631e-03	6.395041e-04	2.649194e-05	3.020266e-09	8.890281e-07	-1.663750e-09
290	1.737863e-01	9.152767e-04	5.592275e-04	6.410688e-06	-2.565038e-10	-1.741153e-07	-2.855514e-10
291	1.718750e-01	9.035156e-04	8.074775e-04	9.633789e-06	-8.192925e-10	6.423523e-08	2.252428e-10
292	1.672615e-01	7.583090e-04	3.257515e-04	8.209258e-06	3.979498e-10	-1.545506e-07	-1.478308e-10
293	1.736314e-01	7.744317e-04	3.295772e-04	3.608614e-05	2.129638e-09	-3.163803e-07	3.309386e-09
294	1.657588e-01	7.670583e-04	1.580426e-04	1.765306e-07	8.489602e-13	-4.817340e-09	-3.856116e-13
295	1.657588e-01	7.670583e-04	1.580426e-04	1.765306e-07	8.489602e-13	-4.817340e-09	-3.856116e-13
296	1.657588e-01	7.670583e-04	1.580426e-04	1.765306e-07	8.489602e-13	-4.817340e-09	-3.856116e-13
297	1.641291e-01	2.446187e-04	5.447288e-04	1.438410e-07	5.276400e-13	2.184051e-09	1.158777e-12
298	1.641291e-01	2.446187e-04	5.447288e-04	1.438410e-07	5.276400e-13	2.184051e-09	1.158777e-12
299	1.656941e-01	8.822996e-04	6.288755e-04	1.114409e-07	-9.242665e-13	-3.034691e-10	-1.268453e-13
300	1.624065e-01	6.469782e-04	2.354742e-04	5.135600e-07	4.527833e-12	8.496609e-10	3.375398e-12
301	1.698036e-01	1.565593e-03	3.827399e-04	4.192964e-06	-5.080542e-11	-1.632073e-07	1.601030e-10
302	1.698036e-01	1.565593e-03	3.827399e-04	4.192964e-06	-5.080542e-11	-1.632073e-07	1.601030e-10
303	1.755259e-01	1.781277e-03	4.139673e-04	1.049675e-05	2.250913e-10	3.907603e-07	-6.542993e-10
304	1.722693e-01	1.881409e-03	5.444976e-04	5.228041e-07	2.464877e-12	2.189196e-08	-8.469377e-12
305	1.661872e-01	2.470374e-03	4.662140e-05	1.400492e-07	-1.984227e-13	-6.814094e-09	-2.978128e-13
306	1.661872e-01	2.470374e-03	4.662140e-05	1.400492e-07	-1.984227e-13	-6.814094e-09	-2.978128e-13
307	1.693122e-01	1.894501e-03	1.108847e-04	1.453997e-05	-6.642368e-11	3.078979e-07	5.800320e-10
308	1.693122e-01	1.894501e-03	1.108847e-04	1.453997e-05	-6.642368e-11	3.078979e-07	5.800320e-10
309	1.697500e-01	1.097563e-03	3.121588e-04	9.176313e-06	-3.678092e-10	1.199531e-07	3.254505e-10
310	1.697500e-01	1.097563e-03	3.121588e-04	9.176313e-06	-3.678092e-10	1.199531e-07	3.254505e-10
311	1.820000e-01	3.754000e-03	1.047393e-03	1.913300e-05	2.291805e-09	1.166391e-06	-1.443477e-09
312	1.705000e-01	4.002500e-04	2.071620e-04	2.522000e-06	-5.295268e-11	4.506100e-08	2.278440e-11
313	1.591621e-01	7.651040e-04	2.651793e-05	1.005313e-06	-4.376913e-12	-1.178076e-08	-2.790246e-12
314	1.605935e-01	6.134773e-04	2.897607e-05	2.567116e-07	-2.795373e-14	5.394903e-09	-6.995867e-13
315	1.608898e-01	2.054424e-04	7.669902e-05	1.104145e-07	-6.506304e-14	-4.712726e-10	-3.146609e-13
316	1.608898e-01	2.054424e-04	7.669902e-05	1.104145e-07	-6.506304e-14	-4.712726e-10	-3.146609e-13
317	1.612509e-01	5.922125e-04	2.128983e-04	3.925554e-07	2.437291e-12	-3.328861e-09	-2.634084e-12
318	1.612509e-01	5.922125e-04	2.128983e-04	3.925554e-07	2.437291e-12	-3.328861e-09	-2.634084e-12
319	1.612509e-01	5.922125e-04	2.128983e-04	3.925554e-07	2.437291e-12	-3.328861e-09	-2.634084e-12
320	1.612509e-01	5.922125e-04	2.128983e-04	3.925554e-07	2.437291e-12	-3.328861e-09	-2.634084e-12
321	1.615376e-01	5.328444e-04	5.554928e-04	1.871625e-06	5.432962e-11	2.660668e-08	-2.627257e-11
322	1.639132e-01	9.444289e-05	8.283256e-04	2.549479e-07	3.704910e-12	2.477627e-09	2.433203e-24
323	1.659134e-01	3.490210e-04	3.619555e-04	1.181929e-05	7.392840e-10	-7.637263e-08	2.260203e-10
324	1.582982e-01	9.910673e-05	2.007510e-04	9.095533e-08	-1.110356e-13	-3.625262e-10	3.724628e-13
325	1.582982e-01	9.910673e-05	2.007510e-04	9.095533e-08	-1.110356e-13	-3.625262e-10	3.724628e-13
326	1.699600e-01	8.175722e-04	8.467135e-04	1.211347e-05	1.197706e-09	2.537417e-07	2.655596e-10
327	1.699600e-01	8.175722e-04	8.467135e-04	1.211347e-05	1.197706e-09	2.537417e-07	2.655596e-10
328	1.680128e-01	4.855270e-04	5.368947e-04	4.486118e-06	1.740916e-10	9.806887e-08	1.347785e-10
329	1.656941e-01	8.822996e-04	6.288755e-04	1.114409e-07	-9.242665e-13	-3.034691e-10	1.268453e-13
330	1.656941e-01	8.822996e-04	6.288755e-04	1.114409e-07	-9.242665e-13	-3.034691e-10	1.268453e-13
331	1.624065e-01	6.469782e-04	2.354742e-04	5.135600e-07	4.527833e-12	8.496609e-10	-3.375398e-12
332	1.624065e-01	6.469782e-04	2.354742e-04	5.135600e-07	4.527833e-12	8.496609e-10	-3.375398e-12
333	1.624065e-01	6.469782e-04	2.354742e-04	5.135600e-07	4.527833e-12	8.496609e-10	-3.375398e-12
334	1.604996e-01	1.207357e-04	4.082748e-04	2.044840e-06	5.723156e-11	1.033264e-08	-1.467626e-11
335	1.604996e-01	1.207357e-04	4.082748e-04	2.044840e-06	5.723156e-11	1.033264e-08	-1.467626e-11
336	1.661872e-01	1.883327e-04	5.714673e-04	1.917986e-06	1.825930e-11	-9.948083e-09	-6.081666e-11
337	1.635988e-01	8.550722e-04	4.425062e-04	6.805972e-07	-1.011901e-11	-1.246216e-08	-6.091851e-12
338	1.635988e-01	8.550722e-04	4.425062e-04	6.805972e-07	-1.011901e-11	-1.246216e-08	-6.091851e-12
339	1.695154e-01	9.896022e-04	8.466877e-04	3.550227e-06	-1.359507e-11	-8.719619e-08	1.941708e-10
340	1.695154e-01	9.896022e-04	8.466877e-04	3.550227e-06	-1.359507e-11	-8.719619e-08	1.941708e-10
341	1.668447e-01	3.526172e-04	5.315569e-04	6.635140e-07	-5.177591e-12	-1.086147e-08	1.133433e-11
342	1.703606e-01	8.936328e-05	8.909179e-04	6.435072e-06	1.731431e-10	5.913211e-08	-4.554458e-10
343	1.637500e-01	1.390625e-04	4.793203e-04	5.703125e-07	-9.009705e-12	-1.064453e-09	-2.781738e-12
344	1.688803e-01	4.663846e-04	8.920507e-04	1.005967e-05	8.666451e-10	8.817571e-08	3.962846e-10
345	1.646319e-01	1.075411e-04	5.037856e-04	8.010740e-06	1.820289e-10	7.886640e-08	-4.752305e-10
346	1.646319e-01	1.075411e-04	5.037856e-04	8.010740e-06	1.820289e-10	7.886640e-08	-4.752305e-10
347	1.624015e-01	8.077782e-04	3.213847e-04	1.346766e-05	4.667287e-10	1.768590e-07	7.531419e-10
348	1.624015e-01	8.077782e-04	3.213847e-04	1.346766e-05	4.667287e-10	1.768590e-07	7.531419e-10
349	1.624015e-01	8.077782e-04	3.213847e-04	1.346766e-05	4.667287e-10	1.768590e-07	-7.531419e-10
350	1.624015e-01	8.077782e-04	3.213847e-04	1.346766e-05	4.667287e-10	1.768590e-07	-7.531419e-10
351	1.669366e-01	1.678472e-03	2.408890e-04	2.411932e-05	1.056982e-10	-1.191167e-07	-1.835427e-09
352	1.698911e-01	2.892938e-03	4.568546e-04	2.591374e-05	-1.251382e-10	-1.316085e-08	-2.816800e-09
353	1.698911e-01	2.892938e-03	4.568546e-04	2.591374e-05	-1.251382e-10	-1.316085e-08	-2.816800e-09
354	1.698911e-01	2.892938e-03	4.568546e-04	2.591374e-05	-1.251382e-10	-1.316085e-08	-2.816800e-09
355	1.698911e-01	2.892938e-03	4.568546e-04	2.591374e-05	-1.251382e-10	-1.316085e-08	-2.816800e-09
356	1.698911e-01	2.892938e-03	4.568546e-04	2.591374e-05	-1.251382e-10	-1.316085e-08	-2.816800e-09
357	1.680164e-01	2.703212e-03	5.125241e-04	2.402675e-05	7.169423e-10	2.429211e-07	-2.568043e-09
358	1.693750e-01	1.720391e-03	8.746330e-04	1.696426e-05	-1.568687e-09	-3.427714e-07	-1.345082e-09
359	1.673713e-01	1.578034e-03	5.980361e-04	1.257217e-05	-3.885518e-10	2.210726e-07	-1.018536e-09
