0	1.250000e-01	1.562500e-02	0.000000e+00	0.000000e+00	0.000000e+00	0.000000e+00	0.000000e+00
1	1.600000e-01	6.400000e-03	1.152000e-03	1.280000e-04	4.915200e-08	1.024000e-05	2.069459e-20
2	1.600000e-01	6.400000e-03	1.152000e-03	1.280000e-04	4.915200e-08	1.024000e-05	2.069459e-20
3	1.600000e-01	6.400000e-03	1.152000e-03	1.280000e-04	4.915200e-08	1.024000e-05	2.069459e-20
4	1.600000e-01	6.400000e-03	1.152000e-03	1.280000e-04	4.915200e-08	1.024000e-05	2.069459e-20
5	1.527778e-01	4.822531e-03	0.000000e+00	0.000000e+00	0.000000e+00	0.000000e+00	0.000000e+00
6	1.527778e-01	4.822531e-03	0.000000e+00	0.000000e+00	0.000000e+00	0.000000e+00	0.000000e+00
7	1.527778e-01	4.822531e-03	0.000000e+00	0.000000e+00	0.000000e+00	0.000000e+00	0.000000e+00
8	1.527778e-01	4.822531e-03	0.000000e+00	0.000000e+00	0.000000e+00	0.000000e+00	0.000000e+00
9	1.527778e-01	4.822531e-03	0.000000e+00	0.000000e+00	0.000000e+00	0.000000e+00	0.000000e+00
10	1.600000e-01	6.400000e-03	1.152000e-03	1.280000e-04	4.915200e-08	1.024000e-05	-2.171812e-20
11	1.600000e-01	6.400000e-03	1.152000e-03	1.280000e-04	4.915200e-08	1.024000e-05	-2.171812e-20
12	1.600000e-01	6.400000e-03	1.152000e-03	1.280000e-04	4.915200e-08	1.024000e-05	1.824943e-20
13	1.600000e-01	6.400000e-03	1.152000e-03	1.280000e-04	4.915200e-08	1.024000e-05	1.824943e-20
14	1.600000e-01	6.400000e-03	1.152000e-03	1.280000e-04	4.915200e-08	1.024000e-05	1.824943e-20
15	1.898148e-01	1.339592e-02	8.255855e-04	2.159224e-04	7.469275e-08	1.787593e-05	5.226879e-08
16	1.898148e-01	1.339592e-02	8.255855e-04	2.159224e-04	7.469275e-08	1.787593e-05	5.226879e-08
17	1.898148e-01	1.339592e-02	8.255855e-04	2.159224e-04	7.469275e-08	1.787593e-05	5.226879e-08
18	1.898148e-01	1.339592e-02	8.255855e-04	2.159224e-04	7.469275e-08	1.787593e-05	5.226879e-08
19	1.898148e-01	1.339592e-02	8.255855e-04	2.159224e-04	7.469275e-08	1.787593e-05	5.226879e-08
20	1.712963e-01	5.358368e-04	3.175329e-03	1.270132e-04	-8.066171e-08	-2.940119e-06	5.626725e-21
21	1.712963e-01	5.358368e-04	3.175329e-03	1.270132e-04	-8.066171e-08	-2.940119e-06	5.626725e-21
22	1.749271e-01	3.943935e-03	4.460568e-04	5.749176e-05	-4.397900e-09	-1.724695e-06	-8.088363e-09
23	1.749271e-01	3.943935e-03	4.460568e-04	5.749176e-05	-4.397900e-09	-1.724695e-06	-8.088363e-09
24	1.749271e-01	3.943935e-03	4.460568e-04	5.749176e-05	-4.397900e-09	-1.724695e-06	-8.088363e-09
25	1.574074e-01	2.143347e-03	3.175329e-04	1.270132e-05	-8.066171e-10	5.880239e-07	-4.328115e-23
26	1.574074e-01	2.143347e-03	3.175329e-04	1.270132e-05	-8.066171e-10	5.880239e-07	-4.328115e-23
27	1.632653e-01	6.663890e-03	0.000000e+00	0.000000e+00	0.000000e+00	0.000000e+00	0.000000e+00
28	1.898148e-01	1.339592e-02	8.255855e-04	2.159224e-04	7.469275e-08	1.787593e-05	5.226879e-08
29	1.898148e-01	1.339592e-02	8.255855e-04	2.159224e-04	7.469275e-08	1.787593e-05	5.226879e-08
30	1.920000e-01	7.424000e-03	3.068928e-03	1.198080e-04	-6.803266e-08	-7.225344e-06	2.548040e-08
31	1.920000e-01	7.424000e-03	3.068928e-03	1.198080e-04	-6.803266e-08	-7.225344e-06	2.548040e-08
32	2.083333e-01	1.253858e-02	0.000000e+00	0.000000e+00	0.000000e+00	0.000000e+00	0.000000e+00
33	2.083333e-01	1.253858e-02	0.000000e+00	0.000000e+00	0.000000e+00	0.000000e+00	0.000000e+00
34	2.083333e-01	1.253858e-02	0.000000e+00	0.000000e+00	0.000000e+00	0.000000e+00	0.000000e+00
35	2.083333e-01	1.253858e-02	0.000000e+00	0.000000e+00	0.000000e+00	0.000000e+00	0.000000e+00
36	1.920000e-01	7.424000e-03	3.068928e-03	1.198080e-04	-6.803266e-08	-7.225344e-06	2.548040e-08
37	1.920000e-01	7.424000e-03	3.068928e-03	1.198080e-04	-6.803266e-08	-7.225344e-06	2.548040e-08
38	1.632653e-01	6.663890e-03	0.000000e+00	0.000000e+00	0.000000e+00	0.000000e+00	0.000000e+00
39	1.574074e-01	2.143347e-03	3.175329e-04	1.270132e-05	-8.066171e-10	5.880239e-07	-4.673952e-22
40	1.574074e-01	2.143347e-03	3.175329e-04	1.270132e-05	-8.066171e-10	5.880239e-07	-4.673952e-22
41	1.574074e-01	2.143347e-03	3.175329e-04	1.270132e-05	-8.066171e-10	5.880239e-07	-4.673952e-22
42	1.574074e-01	2.143347e-03	3.175329e-04	1.270132e-05	-8.066171e-10	5.880239e-07	-4.673952e-22
43	1.574074e-01	2.143347e-03	3.175329e-04	1.270132e-05	-8.066171e-10	5.880239e-07	-4.673952e-22
44	1.574074e-01	2.143347e-03	3.175329e-04	1.270132e-05	-8.066171e-10	5.880239e-07	-4.673952e-22
45	1.574074e-01	2.143347e-03	3.175329e-04	1.270132e-05	-8.066171e-10	5.880239e-07	-4.673952e-22
46	1.875000e-01	8.789063e-03	0.000000e+00	0.000000e+00	0.000000e+00	0.000000e+00	0.000000e+00
47	1.865889e-01	9.825838e-03	1.304716e-03	8.073628e-05	9.111678e-09	4.486577e-06	-2.456840e-08
48	1.574074e-01	2.143347e-03	3.175329e-04	1.270132e-05	-8.066171e-10	5.880239e-07	-1.232736e-22
49	1.574074e-01	2.143347e-03	3.175329e-04	1.270132e-05	-8.066171e-10	5.880239e-07	-1.232736e-22
50	1.574074e-01	2.143347e-03	3.175329e-04	1.270132e-05	-8.066171e-10	5.880239e-07	-1.232736e-22
51	1.574074e-01	2.143347e-03	3.175329e-04	1.270132e-05	-8.066171e-10	5.880239e-07	-1.232736e-22
52	1.574074e-01	2.143347e-03	3.175329e-04	1.270132e-05	-8.066171e-10	5.880239e-07	-1.232736e-22
53	1.920000e-01	7.424000e-03	3.068928e-03	1.198080e-04	-6.803266e-08	-7.225344e-06	-2.548040e-08
54	1.898148e-01	1.339592e-02	8.255855e-04	2.159224e-04	7.469275e-08	1.787593e-05	-5.226879e-08
55	1.898148e-01	1.339592e-02	8.255855e-04	2.159224e-04	7.469275e-08	1.787593e-05	-5.226879e-08
56	1.600000e-01	6.400000e-03	1.152000e-03	1.280000e-04	4.915200e-08	1.024000e-05	1.135043e-20
57	1.600000e-01	6.400000e-03	1.152000e-03	1.280000e-04	4.915200e-08	1.024000e-05	1.135043e-20
58	1.600000e-01	6.400000e-03	1.152000e-03	1.280000e-04	4.915200e-08	1.024000e-05	1.135043e-20
59	1.600000e-01	6.400000e-03	1.152000e-03	1.280000e-04	4.915200e-08	1.024000e-05	1.135043e-20
60	1.690962e-01	3.603941e-03	1.304716e-03	8.073628e-05	9.111678e-09	-1.896066e-06	-2.456840e-08
61	1.690962e-01	3.603941e-03	1.304716e-03	8.073628e-05	9.111678e-09	-1.896066e-06	-2.456840e-08
62	1.712963e-01	5.358368e-04	3.175329e-03	1.270132e-04	-8.066171e-08	-2.940119e-06	-2.290680e-20
63	1.712963e-01	5.358368e-04	3.175329e-03	1.270132e-04	-8.066171e-08	-2.940119e-06	-2.290680e-20
64	2.083333e-01	1.253858e-02	0.000000e+00	0.000000e+00	0.000000e+00	0.000000e+00	0.000000e+00
65	2.083333e-01	1.253858e-02	0.000000e+00	0.000000e+00	0.000000e+00	0.000000e+00	0.000000e+00
66	2.083333e-01	1.253858e-02	0.000000e+00	0.000000e+00	0.000000e+00	0.000000e+00	0.000000e+00
67	1.920000e-01	7.424000e-03	3.068928e-03	1.198080e-04	-6.803266e-08	-7.225344e-06	-2.548040e-08
68	1.920000e-01	7.424000e-03	3.068928e-03	1.198080e-04	-6.803266e-08	-7.225344e-06	-2.548040e-08
69	1.898148e-01	1.339592e-02	8.255855e-04	2.159224e-04	7.469275e-08	1.787593e-05	-5.226879e-08
70	1.898148e-01	1.339592e-02	8.255855e-04	2.159224e-04	7.469275e-08	1.787593e-05	-5.226879e-08
71	1.898148e-01	1.339592e-02	8.255855e-04	2.159224e-04	7.469275e-08	1.787593e-05	-5.226879e-08
72	1.898148e-01	1.339592e-02	8.255855e-04	2.159224e-04	7.469275e-08	1.787593e-05	-5.226879e-08
73	1.527778e-01	4.822531e-03	0.000000e+00	0.000000e+00	0.000000e+00	0.000000e+00	0.000000e+00
74	1.527778e-01	4.822531e-03	0.000000e+00	0.000000e+00	0.000000e+00	0.000000e+00	0.000000e+00
75	1.527778e-01	4.822531e-03	0.000000e+00	0.000000e+00	0.000000e+00	0.000000e+00	0.000000e+00
76	1.527778e-01	4.822531e-03	0.000000e+00	0.000000e+00	0.000000e+00	0.000000e+00	0.000000e+00
77	1.944444e-01	1.929012e-02	0.000000e+00	0.000000e+00	0.000000e+00	0.000000e+00	0.000000e+00
78	1.944444e-01	1.929012e-02	0.000000e+00	0.000000e+00	0.000000e+00	0.000000e+00	0.000000e+00
79	1.865889e-01	1.482376e-02	7.582965e-04	1.365925e-04	4.054616e-08	1.313866e-05	1.698556e-08
80	1.527778e-01	4.822531e-03	0.000000e+00	0.000000e+00	0.000000e+00	0.000000e+00	0.000000e+00
81	1.527778e-01	4.822531e-03	0.000000e+00	0.000000e+00	0.000000e+00	0.000000e+00	0.000000e+00
82	1.527778e-01	4.822531e-03	0.000000e+00	0.000000e+00	0.000000e+00	0.000000e+00	0.000000e+00
83	1.527778e-01	4.822531e-03	0.000000e+00	0.000000e+00	0.000000e+00	0.000000e+00	0.000000e+00
84	1.527778e-01	4.822531e-03	0.000000e+00	0.000000e+00	0.000000e+00	0.000000e+00	0.000000e+00
85	1.527778e-01	4.822531e-03	0.000000e+00	0.000000e+00	0.000000e+00	0.000000e+00	0.000000e+00
86	1.527778e-01	4.822531e-03	0.000000e+00	0.000000e+00	0.000000e+00	0.000000e+00	0.000000e+00
87	1.527778e-01	4.822531e-03	0.000000e+00	0.000000e+00	0.000000e+00	0.000000e+00	0.000000e+00
88	1.527778e-01	4.822531e-03	0.000000e+00	0.000000e+00	0.000000e+00	0.000000e+00	0.000000e+00
89	1.527778e-01	4.822531e-03	0.000000e+00	0.000000e+00	0.000000e+00	0.000000e+00	0.000000e+00
90	1.250000e-01	1.562500e-02	0.000000e+00	0.000000e+00	0.000000e+00	0.000000e+00	0.000000e+00
91	1.600000e-01	6.400000e-03	1.152000e-03	1.280000e-04	4.915200e-08	1.024000e-05	-3.532140e-20
92	1.600000e-01	6.400000e-03	1.152000e-03	1.280000e-04	4.915200e-08	1.024000e-05	-3.532140e-20
93	1.600000e-01	6.400000e-03	1.152000e-03	1.280000e-04	4.915200e-08	1.024000e-05	-3.532140e-20
94	1.600000e-01	6.400000e-03	1.152000e-03	1.280000e-04	4.915200e-08	1.024000e-05	-3.532140e-20
95	1.527778e-01	4.822531e-03	0.000000e+00	0.000000e+00	0.000000e+00	0.000000e+00	0.000000e+00
96	1.527778e-01	4.822531e-03	0.000000e+00	0.000000e+00	0.000000e+00	0.000000e+00	0.000000e+00
97	1.527778e-01	4.822531e-03	0.000000e+00	0.000000e+00	0.000000e+00	0.000000e+00	0.000000e+00
98	1.527778e-01	4.822531e-03	0.000000e+00	0.000000e+00	0.000000e+00	0.000000e+00	0.000000e+00
99	1.527778e-01	4.822531e-03	0.000000e+00	0.000000e+00	0.000000e+00	0.000000e+00	0.000000e+00
100	1.600000e-01	6.400000e-03	1.152000e-03	1.280000e-04	4.915200e-08	1.024000e-05	1.250391e-20
101	1.600000e-01	6.400000e-03	1.152000e-03	1.280000e-04	4.915200e-08	1.024000e-05	1.250391e-20
102	1.600000e-01	6.400000e-03	1.152000e-03	1.280000e-04	4.915200e-08	1.024000e-05	-4.118793e-20
103	1.600000e-01	6.400000e-03	1.152000e-03	1.280000e-04	4.915200e-08	1.024000e-05	-4.118793e-20
104	1.600000e-01	6.400000e-03	1.152000e-03	1.280000e-04	4.915200e-08	1.024000e-05	-4.118793e-20
105	1.898148e-01	1.339592e-02	8.255855e-04	2.159224e-04	7.469275e-08	1.787593e-05	5.226879e-08
106	1.898148e-01	1.339592e-02	8.255855e-04	2.159224e-04	7.469275e-08	1.787593e-05	5.226879e-08
107	1.898148e-01	1.339592e-02	8.255855e-04	2.159224e-04	7.469275e-08	1.787593e-05	5.226879e-08
108	1.898148e-01	1.339592e-02	8.255855e-04	2.159224e-04	7.469275e-08	1.787593e-05	5.226879e-08
109	1.898148e-01	1.339592e-02	8.255855e-04	2.159224e-04	7.469275e-08	1.787593e-05	5.226879e-08
110	1.712963e-01	5.358368e-04	3.175329e-03	1.270132e-04	-8.066171e-08	-2.940119e-06	3.081056e-21
111	1.712963e-01	5.358368e-04	3.175329e-03	1.270132e-04	-8.066171e-08	-2.940119e-06	3.081056e-21
112	1.749271e-01	3.943935e-03	4.460568e-04	5.749176e-05	-4.397900e-09	-1.724695e-06	-8.088363e-09
113	1.749271e-01	3.943935e-03	4.460568e-04	5.749176e-05	-4.397900e-09	-1.724695e-06	-8.088363e-09
114	1.749271e-01	3.943935e-03	4.460568e-04	5.749176e-05	-4.397900e-09	-1.724695e-06	-8.088363e-09
115	1.574074e-01	2.143347e-03	3.175329e-04	1.270132e-05	-8.066171e-10	5.880239e-07	9.664533e-22
116	1.574074e-01	2.143347e-03	3.175329e-04	1.270132e-05	-8.066171e-10	5.880239e-07	9.664533e-22
117	1.632653e-01	6.663890e-03	0.000000e+00	0.000000e+00	0.000000e+00	0.000000e+00	0.000000e+00
118	1.898148e-01	1.339592e-02	8.255855e-04	2.159224e-04	7.469275e-08	1.787593e-05	5.226879e-08
119	1.898148e-01	1.339592e-02	8.255855e-04	2.159224e-04	7.469275e-08	1.787593e-05	5.226879e-08
120	1.920000e-01	7.424000e-03	3.068928e-03	1.198080e-04	-6.803266e-08	-7.225344e-06	2.548040e-08
121	1.920000e-01	7.424000e-03	3.068928e-03	1.198080e-04	-6.803266e-08	-7.225344e-06	2.548040e-08
122	2.083333e-01	1.253858e-02	0.000000e+00	0.000000e+00	0.000000e+00	0.000000e+00	0.000000e+00
123	2.083333e-01	1.253858e-02	0.000000e+00	0.000000e+00	0.000000e+00	0.000000e+00	0.000000e+00
124	2.083333e-01	1.253858e-02	0.000000e+00	0.000000e+00	0.000000e+00	0.000000e+00	0.000000e+00
125	2.083333e-01	1.253858e-02	0.000000e+00	0.000000e+00	0.000000e+00	0.000000e+00	0.000000e+00
126	1.920000e-01	7.424000e-03	3.068928e-03	1.198080e-04	-6.803266e-08	-7.225344e-06	2.548040e-08
127	1.920000e-01	7.424000e-03	3.068928e-03	1.198080e-04	-6.803266e-08	-7.225344e-06	2.548040e-08
128	1.632653e-01	6.663890e-03	0.000000e+00	0.000000e+00	0.000000e+00	0.000000e+00	0.000000e+00
129	1.574074e-01	2.143347e-03	3.175329e-04	1.270132e-05	-8.066171e-10	5.880239e-07	-1.456982e-21
130	1.574074e-01	2.143347e-03	3.175329e-04	1.270132e-05	-8.066171e-10	5.880239e-07	-1.456982e-21
131	1.574074e-01	2.143347e-03	3.175329e-04	1.270132e-05	-8.066171e-10	5.880239e-07	-1.456982e-21
132	1.574074e-01	2.143347e-03	3.175329e-04	1.270132e-05	-8.066171e-10	5.880239e-07	-1.456982e-21
133	1.574074e-01	2.143347e-03	3.175329e-04	1.270132e-05	-8.066171e-10	5.880239e-07	-1.456982e-21
134	1.574074e-01	2.143347e-03	3.175329e-04	1.270132e-05	-8.066171e-10	5.880239e-07	-1.456982e-21
135	1.574074e-01	2.143347e-03	3.175329e-04	1.270132e-05	-8.066171e-10	5.880239e-07	-1.456982e-21
136	1.875000e-01	8.789063e-03	0.000000e+00	0.000000e+00	0.000000e+00	0.000000e+00	0.000000e+00
137	1.865889e-01	9.825838e-03	1.304716e-03	8.073628e-05	9.111678e-09	4.486577e-06	-2.456840e-08
138	1.574074e-01	2.143347e-03	3.175329e-04	1.270132e-05	-8.066171e-10	5.880239e-07	1.467341e-21
139	1.574074e-01	2.143347e-03	3.175329e-04	1.270132e-05	-8.066171e-10	5.880239e-07	1.467341e-21
140	1.574074e-01	2.143347e-03	3.175329e-04	1.270132e-05	-8.066171e-10	5.880239e-07	1.467341e-21
141	1.574074e-01	2.143347e-03	3.175329e-04	1.270132e-05	-8.066171e-10	5.880239e-07	1.467341e-21
142	1.574074e-01	2.143347e-03	3.175329e-04	1.270132e-05	-8.066171e-10	5.880239e-07	1.467341e-21
143	1.920000e-01	7.424000e-03	3.068928e-03	1.198080e-04	-6.803266e-08	-7.225344e-06	-2.548040e-08
144	1.898148e-01	1.339592e-02	8.255855e-04	2.159224e-04	7.469275e-08	1.787593e-05	-5.226879e-08
145	1.898148e-01	1.339592e-02	8.255855e-04	2.159224e-04	7.469275e-08	1.787593e-05	-5.226879e-08
146	1.600000e-01	6.400000e-03	1.152000e-03	1.280000e-04	4.915200e-08	1.024000e-05	1.304437e-20
147	1.600000e-01	6.400000e-03	1.152000e-03	1.280000e-04	4.915200e-08	1.024000e-05	1.304437e-20
148	1.600000e-01	6.400000e-03	1.152000e-03	1.280000e-04	4.915200e-08	1.024000e-05	1.304437e-20
149	1.600000e-01	6.400000e-03	1.152000e-03	1.280000e-04	4.915200e-08	1.024000e-05	1.304437e-20
150	1.690962e-01	3.603941e-03	1.304716e-03	8.073628e-05	9.111678e-09	-1.896066e-06	-2.456840e-08
151	1.690962e-01	3.603941e-03	1.304716e-03	8.073628e-05	9.111678e-09	-1.896066e-06	-2.456840e-08
152	1.712963e-01	5.358368e-04	3.175329e-03	1.270132e-04	-8.066171e-08	-2.940119e-06	2.201993e-20
153	1.712963e-01	5.358368e-04	3.175329e-03	1.270132e-04	-8.066171e-08	-2.940119e-06	2.201993e-20
154	2.083333e-01	1.253858e-02	0.000000e+00	0.000000e+00	0.000000e+00	-0.000000e+00	0.000000e+00
155	2.083333e-01	1.253858e-02	0.000000e+00	0.000000e+00	0.000000e+00	-0.000000e+00	0.000000e+00
156	2.083333e-01	1.253858e-02	0.000000e+00	0.000000e+00	0.000000e+00	-0.000000e+00	0.000000e+00
157	1.920000e-01	7.424000e-03	3.068928e-03	1.198080e-04	-6.803266e-08	-7.225344e-06	-2.548040e-08
158	1.920000e-01	7.424000e-03	3.068928e-03	1.198080e-04	-6.803266e-08	-7.225344e-06	-2.548040e-08
159	1.898148e-01	1.339592e-02	8.255855e-04	2.159224e-04	7.469275e-08	1.787593e-05	-5.226879e-08
160	1.898148e-01	1.339592e-02	8.255855e-04	2.159224e-04	7.469275e-08	1.787593e-05	-5.226879e-08
161	1.898148e-01	1.339592e-02	8.255855e-04	2.159224e-04	7.469275e-08	1.787593e-05	-5.226879e-08
162	1.898148e-01	1.339592e-02	8.255855e-04	2.159224e-04	7.469275e-08	1.787593e-05	-5.226879e-08
163	1.527778e-01	4.822531e-03	0.000000e+00	0.000000e+00	0.000000e+00	0.000000e+00	0.000000e+00
164	1.527778e-01	4.822531e-03	0.000000e+00	0.000000e+00	0.000000e+00	0.000000e+00	0.000000e+00
165	1.527778e-01	4.822531e-03	0.000000e+00	0.000000e+00	0.000000e+00	0.000000e+00	0.000000e+00
166	1.527778e-01	4.822531e-03	0.000000e+00	0.000000e+00	0.000000e+00	0.000000e+00	0.000000e+00
167	1.944444e-01	1.929012e-02	0.000000e+00	0.000000e+00	0.000000e+00	0.000000e+00	0.000000e+00
168	1.944444e-01	1.929012e-02	0.000000e+00	0.000000e+00	0.000000e+00	0.000000e+00	0.000000e+00
169	1.865889e-01	1.482376e-02	7.582965e-04	1.365925e-04	4.054616e-08	1.313866e-05	1.698556e-08
170	1.527778e-01	4.822531e-03	0.000000e+00	0.000000e+00	0.000000e+00	0.000000e+00	0.000000e+00
171	1.527778e-01	4.822531e-03	0.000000e+00	0.000000e+00	0.000000e+00	0.000000e+00	0.000000e+00
172	1.527778e-01	4.822531e-03	0.000000e+00	0.000000e+00	0.000000e+00	0.000000e+00	0.000000e+00
173	1.527778e-01	4.822531e-03	0.000000e+00	0.000000e+00	0.000000e+00	0.000000e+00	0.000000e+00
174	1.527778e-01	4.822531e-03	0.000000e+00	0.000000e+00	0.000000e+00	0.000000e+00	0.000000e+00
175	1.527778e-01	4.822531e-03	0.000000e+00	0.000000e+00	0.000000e+00	0.000000e+00	0.000000e+00
176	1.527778e-01	4.822531e-03	0.000000e+00	0.000000e+00	0.000000e+00	0.000000e+00	0.000000e+00
177	1.527778e-01	4.822531e-03	0.000000e+00	0.000000e+00	0.000000e+00	0.000000e+00	0.000000e+00
178	1.527778e-01	4.822531e-03	0.000000e+00	0.000000e+00	0.000000e+00	0.000000e+00	0.000000e+00
179	1.527778e-01	4.822531e-03	0.000000e+00	0.000000e+00	0.000000e+00	0.000000e+00	0.000000e+00
180	1.250000e-01	1.562500e-02	0.000000e+00	0.000000e+00	0.000000e+00	0.000000e+00	0.000000e+00
181	1.600000e-01	6.400000e-03	1.152000e-03	1.280000e-04	4.915200e-08	1.024000e-05	-1.558294e-20
182	1.600000e-01	6.400000e-03	1.152000e-03	1.280000e-04	4.915200e-08	1.024000e-05	-1.558294e-20
183	1.600000e-01	6.400000e-03	1.152000e-03	1.280000e-04	4.915200e-08	1.024000e-05	-1.558294e-20
184	1.600000e-01	6.400000e-03	1.152000e-03	1.280000e-04	4.915200e-08	1.024000e-05	-1.558294e-20
185	1.527778e-01	4.822531e-03	0.000000e+00	0.000000e+00	0.000000e+00	0.000000e+00	0.000000e+00
186	1.527778e-01	4.822531e-03	0.000000e+00	0.000000e+00	0.000000e+00	0.000000e+00	0.000000e+00
187	1.527778e-01	4.822531e-03	0.000000e+00	0.000000e+00	0.000000e+00	0.000000e+00	0.000000e+00
188	1.527778e-01	4.822531e-03	0.000000e+00	0.000000e+00	0.000000e+00	0.000000e+00	0.000000e+00
189	1.527778e-01	4.822531e-03	0.000000e+00	0.000000e+00	0.000000e+00	0.000000e+00	0.000000e+00
190	1.600000e-01	6.400000e-03	1.152000e-03	1.280000e-04	4.915200e-08	1.024000e-05	1.465096e-20
191	1.600000e-01	6.400000e-03	1.152000e-03	1.280000e-04	4.915200e-08	1.024000e-05	1.465096e-20
192	1.600000e-01	6.400000e-03	1.152000e-03	1.280000e-04	4.915200e-08	1.024000e-05	-1.411553e-20
193	1.600000e-01	6.400000e-03	1.152000e-03	1.280000e-04	4.915200e-08	1.024000e-05	-1.411553e-20
194	1.600000e-01	6.400000e-03	1.152000e-03	1.280000e-04	4.915200e-08	1.024000e-05	-1.411553e-20
195	1.898148e-01	1.339592e-02	8.255855e-04	2.159224e-04	7.469275e-08	1.787593e-05	5.226879e-08
196	1.898148e-01	1.339592e-02	8.255855e-04	2.159224e-04	7.469275e-08	1.787593e-05	5.226879e-08
197	1.898148e-01	1.339592e-02	8.255855e-04	2.159224e-04	7.469275e-08	1.787593e-05	5.226879e-08
198	1.898148e-01	1.339592e-02	8.255855e-04	2.159224e-04	7.469275e-08	1.787593e-05	5.226879e-08
199	1.898148e-01	1.339592e-02	8.255855e-04	2.159224e-04	7.469275e-08	1.787593e-05	5.226879e-08
200	1.712963e-01	5.358368e-04	3.175329e-03	1.270132e-04	-8.066171e-08	-2.940119e-06	-4.363862e-20
201	1.712963e-01	5.358368e-04	3.175329e-03	1.270132e-04	-8.066171e-08	-2.940119e-06	-4.363862e-20
202	1.749271e-01	3.943935e-03	4.460568e-04	5.749176e-05	-4.397900e-09	-1.724695e-06	-8.088363e-09
203	1.749271e-01	3.943935e-03	4.460568e-04	5.749176e-05	-4.397900e-09	-1.724695e-06	-8.088363e-09
204	1.749271e-01	3.943935e-03	4.460568e-04	5.749176e-05	-4.397900e-09	-1.724695e-06	-8.088363e-09
205	1.574074e-01	2.143347e-03	3.175329e-04	1.270132e-05	-8.066171e-10	5.880239e-07	4.151623e-22
206	1.574074e-01	2.143347e-03	3.175329e-04	1.270132e-05	-8.066171e-10	5.880239e-07	4.151623e-22
207	1.632653e-01	6.663890e-03	0.000000e+00	0.000000e+00	0.000000e+00	0.000000e+00	0.000000e+00
208	1.898148e-01	1.339592e-02	8.255855e-04	2.159224e-04	7.469275e-08	1.787593e-05	5.226879e-08
209	1.898148e-01	1.339592e-02	8.255855e-04	2.159224e-04	7.469275e-08	1.787593e-05	5.226879e-08
210	1.920000e-01	7.424000e-03	3.068928e-03	1.198080e-04	-6.803266e-08	-7.225344e-06	2.548040e-08
211	1.920000e-01	7.424000e-03	3.068928e-03	1.198080e-04	-6.803266e-08	-7.225344e-06	2.548040e-08
212	2.083333e-01	1.253858e-02	0.000000e+00	0.000000e+00	0.000000e+00	0.000000e+00	0.000000e+00
213	2.083333e-01	1.253858e-02	0.000000e+00	0.000000e+00	0.000000e+00	0.000000e+00	0.000000e+00
214	2.083333e-01	1.253858e-02	0.000000e+00	0.000000e+00	0.000000e+00	0.000000e+00	0.000000e+00
215	2.083333e-01	1.253858e-02	0.000000e+00	0.000000e+00	0.000000e+00	0.000000e+00	0.000000e+00
216	1.920000e-01	7.424000e-03	3.068928e-03	1.198080e-04	-6.803266e-08	-7.225344e-06	2.548040e-08
217	1.920000e-01	7.424000e-03	3.068928e-03	1.198080e-04	-6.803266e-08	-7.225344e-06	2.548040e-08
218	1.632653e-01	6.663890e-03	0.000000e+00	0.000000e+00	0.000000e+00	0.000000e+00	0.000000e+00
219	1.574074e-01	2.143347e-03	3.175329e-04	1.270132e-05	-8.066171e-10	5.880239e-07	1.831513e-22
220	1.574074e-01	2.143347e-03	3.175329e-04	1.270132e-05	-8.066171e-10	5.880239e-07	1.831513e-22
221	1.574074e-01	2.143347e-03	3.175329e-04	1.270132e-05	-8.066171e-10	5.880239e-07	1.831513e-22
222	1.574074e-01	2.143347e-03	3.175329e-04	1.270132e-05	-8.066171e-10	5.880239e-07	1.831513e-22
223	1.574074e-01	2.143347e-03	3.175329e-04	1.270132e-05	-8.066171e-10	5.880239e-07	1.831513e-22
224	1.574074e-01	2.143347e-03	3.175329e-04	1.270132e-05	-8.066171e-10	5.880239e-07	1.831513e-22
225	1.574074e-01	2.143347e-03	3.175329e-04	1.270132e-05	-8.066171e-10	5.880239e-07	1.831513e-22
226	1.875000e-01	8.789063e-03	0.000000e+00	0.000000e+00	0.000000e+00	0.000000e+00	0.000000e+00
227	1.865889e-01	9.825838e-03	1.304716e-03	8.073628e-05	9.111678e-09	4.486577e-06	-2.456840e-08
228	1.574074e-01	2.143347e-03	3.175329e-04	1.270132e-05	-8.066171e-10	5.880239e-07	3.841798e-22
229	1.574074e-01	2.143347e-03	3.175329e-04	1.270132e-05	-8.066171e-10	5.880239e-07	3.841798e-22
230	1.574074e-01	2.143347e-03	3.175329e-04	1.270132e-05	-8.066171e-10	5.880239e-07	3.841798e-22
231	1.574074e-01	2.143347e-03	3.175329e-04	1.270132e-05	-8.066171e-10	5.880239e-07	3.841798e-22
232	1.574074e-01	2.143347e-03	3.175329e-04	1.270132e-05	-8.066171e-10	5.880239e-07	3.841798e-22
233	1.920000e-01	7.424000e-03	3.068928e-03	1.198080e-04	-6.803266e-08	-7.225344e-06	-2.548040e-08
234	1.898148e-01	1.339592e-02	8.255855e-04	2.159224e-04	7.469275e-08	1.787593e-05	-5.226879e-08
235	1.898148e-01	1.339592e-02	8.255855e-04	2.159224e-04	7.469275e-08	1.787593e-05	-5.226879e-08
236	1.600000e-01	6.400000e-03	1.152000e-03	1.280000e-04	4.915200e-08	1.024000e-05	-2.293213e-20
237	1.600000e-01	6.400000e-03	1.152000e-03	1.280000e-04	4.915200e-08	1.024000e-05	-2.293213e-20
238	1.600000e-01	6.400000e-03	1.152000e-03	1.280000e-04	4.915200e-08	1.024000e-05	-2.293213e-20
239	1.600000e-01	6.400000e-03	1.152000e-03	1.280000e-04	4.915200e-08	1.024000e-05	-2.293213e-20
240	1.690962e-01	3.603941e-03	1.304716e-03	8.073628e-05	9.111678e-09	-1.896066e-06	-2.456840e-08
241	1.690962e-01	3.603941e-03	1.304716e-03	8.073628e-05	9.111678e-09	-1.896066e-06	-2.456840e-08
242	1.712963e-01	5.358368e-04	3.175329e-03	1.270132e-04	-8.066171e-08	-2.940119e-06	2.244901e-20
243	1.712963e-01	5.358368e-04	3.175329e-03	1.270132e-04	-8.066171e-08	-2.940119e-06	2.244901e-20
244	2.083333e-01	1.253858e-02	0.000000e+00	0.000000e+00	0.000000e+00	0.000000e+00	0.000000e+00
245	2.083333e-01	1.253858e-02	0.000000e+00	0.000000e+00	0.000000e+00	0.000000e+00	0.000000e+00
246	2.083333e-01	1.253858e-02	0.000000e+00	0.000000e+00	0.000000e+00	0.000000e+00	0.000000e+00
247	1.920000e-01	7.424000e-03	3.068928e-03	1.198080e-04	-6.803266e-08	-7.225344e-06	-2.548040e-08
248	1.920000e-01	7.424000e-03	3.068928e-03	1.198080e-04	-6.803266e-08	-7.225344e-06	-2.548040e-08
249	1.898148e-01	1.339592e-02	8.255855e-04	2.159224e-04	7.469275e-08	1.787593e-05	-5.226879e-08
250	1.898148e-01	1.339592e-02	8.255855e-04	2.159224e-04	7.469275e-08	1.787593e-05	-5.226879e-08
251	1.898148e-01	1.339592e-02	8.255855e-04	2.159224e-04	7.469275e-08	1.787593e-05	-5.226879e-08
252	1.898148e-01	1.339592e-02	8.255855e-04	2.159224e-04	7.469275e-08	1.787593e-05	-5.226879e-08
253	1.527778e-01	4.822531e-03	0.000000e+00	0.000000e+00	0.000000e+00	0.000000e+00	0.000000e+00
254	1.527778e-01	4.822531e-03	0.000000e+00	0.000000e+00	0.000000e+00	0.000000e+00	0.000000e+00
255	1.527778e-01	4.822531e-03	0.000000e+00	0.000000e+00	0.000000e+00	0.000000e+00	0.000000e+00
256	1.527778e-01	4.822531e-03	0.000000e+00	0.000000e+00	0.000000e+00	0.000000e+00	0.000000e+00
257	1.944444e-01	1.929012e-02	0.000000e+00	0.000000e+00	0.000000e+00	0.000000e+00	0.000000e+00
258	1.944444e-01	1.929012e-02	0.000000e+00	0.000000e+00	0.000000e+00	0.000000e+00	0.000000e+00
259	1.865889e-01	1.482376e-02	7.582965e-04	1.365925e-04	4.054616e-08	1.313866e-05	1.698556e-08
260	1.527778e-01	4.822531e-03	0.000000e+00	0.000000e+00	0.000000e+00	0.000000e+00	0.000000e+00
261	1.527778e-01	4.822531e-03	0.000000e+00	0.000000e+00	0.000000e+00	0.000000e+00	0.000000e+00
262	1.527778e-01	4.822531e-03	0.000000e+00	0.000000e+00	0.000000e+00	0.000000e+00	0.000000e+00
263	1.527778e-01	4.822531e-03	0.000000e+00	0.000000e+00	0.000000e+00	0.000000e+00	0.000000e+00
264	1.527778e-01	4.822531e-03	0.000000e+00	0.000000e+00	0.000000e+00	0.000000e+00	0.000000e+00
265	1.527778e-01	4.822531e-03	0.000000e+00	0.000000e+00	0.000000e+00	0.000000e+00	0.000000e+00
266	1.527778e-01	4.822531e-03	0.000000e+00	0.000000e+00	0.000000e+00	0.000000e+00	0.000000e+00
267	1.527778e-01	4.822531e-03	0.000000e+00	0.000000e+00	0.000000e+00	0.000000e+00	0.000000e+00
268	1.527778e-01	4.822531e-03	0.000000e+00	0.000000e+00	0.000000e+00	0.000000e+00	0.000000e+00
269	1.527778e-01	4.822531e-03	0.000000e+00	0.000000e+00	0.000000e+00	0.000000e+00	0.000000e+00
270	1.250000e-01	1.562500e-02	0.000000e+00	0.000000e+00	0.000000e+00	0.000000e+00	0.000000e+00
271	1.600000e-01	6.400000e-03	1.152000e-03	1.280000e-04	4.915200e-08	1.024000e-05	1.861586e-20
272	1.600000e-01	6.400000e-03	1.152000e-03	1.280000e-04	4.915200e-08	1.024000e-05	1.861586e-20
273	1.600000e-01	6.400000e-03	1.152000e-03	1.280000e-04	4.915200e-08	1.024000e-05	1.861586e-20
274	1.600000e-01	6.400000e-03	1.152000e-03	1.280000e-04	4.915200e-08	1.024000e-05	1.861586e-20
275	1.527778e-01	4.822531e-03	0.000000e+00	0.000000e+00	0.000000e+00	0.000000e+00	0.000000e+00
276	1.527778e-01	4.822531e-03	0.000000e+00	0.000000e+00	0.000000e+00	0.000000e+00	0.000000e+00
277	1.527778e-01	4.822531e-03	0.000000e+00	0.000000e+00	0.000000e+00	0.000000e+00	0.000000e+00
278	1.527778e-01	4.822531e-03	0.000000e+00	0.000000e+00	0.000000e+00	0.000000e+00	0.000000e+00
279	1.527778e-01	4.822531e-03	0.000000e+00	0.000000e+00	0.000000e+00	0.000000e+00	0.000000e+00
280	1.600000e-01	6.400000e-03	1.152000e-03	1.280000e-04	4.915200e-08	1.024000e-05	-2.178449e-20
281	1.600000e-01	6.400000e-03	1.152000e-03	1.280000e-04	4.915200e-08	1.024000e-05	-2.178449e-20
282	1.600000e-01	6.400000e-03	1.152000e-03	1.280000e-04	4.915200e-08	1.024000e-05	2.057137e-20
283	1.600000e-01	6.400000e-03	1.152000e-03	1.280000e-04	4.915200e-08	1.024000e-05	2.057137e-20
284	1.600000e-01	6.400000e-03	1.152000e-03	1.280000e-04	4.915200e-08	1.024000e-05	2.057137e-20
285	1.898148e-01	1.339592e-02	8.255855e-04	2.159224e-04	7.469275e-08	1.787593e-05	5.226879e-08
286	1.898148e-01	1.339592e-02	8.255855e-04	2.159224e-04	7.469275e-08	1.787593e-05	5.226879e-08
287	1.898148e-01	1.339592e-02	8.255855e-04	2.159224e-04	7.469275e-08	1.787593e-05	5.226879e-08
288	1.898148e-01	1.339592e-02	8.255855e-04	2.159224e-04	7.469275e-08	1.787593e-05	5.226879e-08
289	1.898148e-01	1.339592e-02	8.255855e-04	2.159224e-04	7.469275e-08	1.787593e-05	5.226879e-08
290	1.712963e-01	5.358368e-04	3.175329e-03	1.270132e-04	-8.066171e-08	-2.940119e-06	-1.987261e-22
291	1.712963e-01	5.358368e-04	3.175329e-03	1.270132e-04	-8.066171e-08	-2.940119e-06	-1.987261e-22
292	1.749271e-01	3.943935e-03	4.460568e-04	5.749176e-05	-4.397900e-09	-1.724695e-06	-8.088363e-09
293	1.749271e-01	3.943935e-03	4.460568e-04	5.749176e-05	-4.397900e-09	-1.724695e-06	-8.088363e-09
294	1.749271e-01	3.943935e-03	4.460568e-04	5.749176e-05	-4.397900e-09	-1.724695e-06	-8.088363e-09
295	1.574074e-01	2.143347e-03	3.175329e-04	1.270132e-05	-8.066171e-10	5.880239e-07	-7.276822e-23
296	1.574074e-01	2.143347e-03	3.175329e-04	1.270132e-05	-8.066171e-10	5.880239e-07	-7.276822e-23
297	1.632653e-01	6.663890e-03	0.000000e+00	0.000000e+00	0.000000e+00	0.000000e+00	0.000000e+00
298	1.898148e-01	1.339592e-02	8.255855e-04	2.159224e-04	7.469275e-08	1.787593e-05	5.226879e-08
299	1.898148e-01	1.339592e-02	8.255855e-04	2.159224e-04	7.469275e-08	1.787593e-05	5.226879e-08
300	1.920000e-01	7.424000e-03	3.068928e-03	1.198080e-04	-6.803266e-08	-7.225344e-06	2.548040e-08
301	1.920000e-01	7.424000e-03	3.068928e-03	1.198080e-04	-6.803266e-08	-7.225344e-06	2.548040e-08
302	2.083333e-01	1.253858e-02	0.000000e+00	0.000000e+00	0.000000e+00	0.000000e+00	0.000000e+00
303	2.083333e-01	1.253858e-02	0.000000e+00	0.000000e+00	0.000000e+00	0.000000e+00	0.000000e+00
304	2.083333e-01	1.253858e-02	0.000000e+00	0.000000e+00	0.000000e+00	0.000000e+00	0.000000e+00
305	2.083333e-01	1.253858e-02	0.000000e+00	0.000000e+00	0.000000e+00	0.000000e+00	0.000000e+00
306	1.920000e-01	7.424000e-03	3.068928e-03	1.198080e-04	-6.803266e-08	-7.225344e-06	2.548040e-08
307	1.920000e-01	7.424000e-03	3.068928e-03	1.198080e-04	-6.803266e-08	-7.225344e-06	2.548040e-08
308	1.632653e-01	6.663890e-03	0.000000e+00	0.000000e+00	0.000000e+00	0.000000e+00	0.000000e+00
309	1.574074e-01	2.143347e-03	3.175329e-04	1.270132e-05	-8.066171e-10	5.880239e-07	2.520857e-22
310	1.574074e-01	2.143347e-03	3.175329e-04	1.270132e-05	-8.066171e-10	5.880239e-07	2.520857e-22
311	1.574074e-01	2.143347e-03	3.175329e-04	1.270132e-05	-8.066171e-10	5.880239e-07	2.520857e-22
312	1.574074e-01	2.143347e-03	3.175329e-04	1.270132e-05	-8.066171e-10	5.880239e-07	2.520857e-22
313	1.574074e-01	2.143347e-03	3.175329e-04	1.270132e-05	-8.066171e-10	5.880239e-07	2.520857e-22
314	1.574074e-01	2.143347e-03	3.175329e-04	1.270132e-05	-8.066171e-10	5.880239e-07	2.520857e-22
315	1.574074e-01	2.143347e-03	3.175329e-04	1.270132e-05	-8.066171e-10	5.880239e-07	2.520857e-22
316	1.875000e-01	8.789063e-03	0.000000e+00	0.000000e+00	0.000000e+00	0.000000e+00	0.000000e+00
317	1.865889e-01	9.825838e-03	1.304716e-03	8.073628e-05	9.111678e-09	4.486577e-06	-2.456840e-08
318	1.574074e-01	2.143347e-03	3.175329e-04	1.270132e-05	-8.066171e-10	5.880239e-07	-2.391486e-22
319	1.574074e-01	2.143347e-03	3.175329e-04	1.270132e-05	-8.066171e-10	5.880239e-07	-2.391486e-22
320	1.574074e-01	2.143347e-03	3.175329e-04	1.270132e-05	-8.066171e-10	5.880239e-07	-2.391486e-22
321	1.574074e-01	2.143347e-03	3.175329e-04	1.270132e-05	-8.066171e-10	5.880239e-07	-2.391486e-22
322	1.574074e-01	2.143347e-03	3.175329e-04	1.270132e-05	-8.066171e-10	5.880239e-07	-2.391486e-22
323	1.920000e-01	7.424000e-03	3.068928e-03	1.198080e-04	-6.803266e-08	-7.225344e-06	-2.548040e-08
324	1.898148e-01	1.339592e-02	8.255855e-04	2.159224e-04	7.469275e-08	1.787593e-05	-5.226879e-08
325	1.898148e-01	1.339592e-02	8.255855e-04	2.159224e-04	7.469275e-08	1.787593e-05	-5.226879e-08
326	1.600000e-01	6.400000e-03	1.152000e-03	1.280000e-04	4.915200e-08	1.024000e-05	-2.081365e-20
327	1.600000e-01	6.400000e-03	1.152000e-03	1.280000e-04	4.915200e-08	1.024000e-05	-2.081365e-20
328	1.600000e-01	6.400000e-03	1.152000e-03	1.280000e-04	4.915200e-08	1.024000e-05	-2.081365e-20
329	1.600000e-01	6.400000e-03	1.152000e-03	1.280000e-04	4.915200e-08	1.024000e-05	-2.081365e-20
330	1.690962e-01	3.603941e-03	1.304716e-03	8.073628e-05	9.111678e-09	-1.896066e-06	-2.456840e-08
331	1.690962e-01	3.603941e-03	1.304716e-03	8.073628e-05	9.111678e-09	-1.896066e-06	-2.456840e-08
332	1.712963e-01	5.358368e-04	3.175329e-03	1.270132e-04	-8.066171e-08	-2.940119e-06	-7.918291e-21
333	1.712963e-01	5.358368e-04	3.175329e-03	1.270132e-04	-8.066171e-08	-2.940119e-06	-7.918291e-21
334	2.083333e-01	1.253858e-02	0.000000e+00	0.000000e+00	0.000000e+00	-0.000000e+00	0.000000e+00
335	2.083333e-01	1.253858e-02	0.000000e+00	0.000000e+00	0.000000e+00	-0.000000e+00	0.000000e+00
336	2.083333e-01	1.253858e-02	0.000000e+00	0.000000e+00	0.000000e+00	-0.000000e+00	0.000000e+00
337	1.920000e-01	7.424000e-03	3.068928e-03	1.198080e-04	-6.803266e-08	-7.225344e-06	-2.548040e-08
338	1.920000e-01	7.424000e-03	3.068928e-03	1.198080e-04	-6.803266e-08	-7.225344e-06	-2.548040e-08
339	1.898148e-01	1.339592e-02	8.255855e-04	2.159224e-04	7.469275e-08	1.787593e-05	-5.226879e-08
340	1.898148e-01	1.339592e-02	8.255855e-04	2.159224e-04	7.469275e-08	1.787593e-05	-5.226879e-08
341	1.898148e-01	1.339592e-02	8.255855e-04	2.159224e-04	7.469275e-08	1.787593e-05	-5.226879e-08
342	1.898148e-01	1.339592e-02	8.255855e-04	2.159224e-04	7.469275e-08	1.787593e-05	-5.226879e-08
343	1.527778e-01	4.822531e-03	0.000000e+00	0.000000e+00	0.000000e+00	0.000000e+00	0.000000e+00
344	1.527778e-01	4.822531e-03	0.000000e+00	0.000000e+00	0.000000e+00	0.000000e+00	0.000000e+00
345	1.527778e-01	4.822531e-03	0.000000e+00	0.000000e+00	0.000000e+00	0.000000e+00	0.000000e+00
346	1.527778e-01	4.822531e-03	0.000000e+00	0.000000e+00	0.000000e+00	0.000000e+00	0.000000e+00
347	1.944444e-01	1.929012e-02	0.000000e+00	0.000000e+00	0.000000e+00	0.000000e+00	0.000000e+00
348	1.944444e-01	1.929012e-02	0.000000e+00	0.000000e+00	0.000000e+00	0.000000e+00	0.000000e+00
349	1.865889e-01	1.482376e-02	7.582965e-04	1.365925e-04	4.054616e-08	1.313866e-05	1.698556e-08
350	1.527778e-01	4.822531e-03	0.000000e+00	0.000000e+00	0.000000e+00	0.000000e+00	0.000000e+00
351	1.527778e-01	4.822531e-03	0.000000e+00	0.000000e+00	0.000000e+00	0.000000e+00	0.000000e+00
352	1.527778e-01	4.822531e-03	0.000000e+00	0.000000e+00	0.000000e+00	0.000000e+00	0.000000e+00
353	1.527778e-01	4.822531e-03	0.000000e+00	0.000000e+00	0.000000e+00	0.000000e+00	0.000000e+00
354	1.527778e-01	4.822531e-03	0.000000e+00	0.000000e+00	0.000000e+00	0.000000e+00	0.000000e+00
355	1.527778e-01	4.822531e-03	0.000000e+00	0.000000e+00	0.000000e+00	0.000000e+00	0.000000e+00
356	1.527778e-01	4.822531e-03	0.000000e+00	0.000000e+00	0.000000e+00	0.000000e+00	0.000000e+00
357	1.527778e-01	4.822531e-03	0.000000e+00	0.000000e+00	0.000000e+00	0.000000e+00	0.000000e+00
358	1.527778e-01	4.822531e-03	0.000000e+00	0.000000e+00	0.000000e+00	0.000000e+00	0.000000e+00
359	1.527778e-01	4.822531e-03	0.000000e+00	0.000000e+00	0.000000e+00	0.000000e+00	0.000000e+00
