0	2.222222e-01	4.938272e-02	0.000000e+00	0.000000e+00	0.000000e+00	0.000000e+00	0.000000e+00
1	2.268519e-01	2.882802e-02	4.318447e-03	1.270132e-03	2.945120e-06	2.126294e-04	-4.181503e-07
2	2.565598e-01	3.916735e-02	1.289104e-03	6.285436e-04	5.481200e-07	1.122069e-04	1.402522e-07
3	2.565598e-01	3.916735e-02	1.289104e-03	6.285436e-04	5.481200e-07	1.122069e-04	1.402522e-07
4	2.565598e-01	3.916735e-02	1.289104e-03	6.285436e-04	5.481200e-07	1.122069e-04	1.402522e-07
5	2.109375e-01	1.910400e-02	1.459122e-03	2.994537e-04	1.175540e-07	7.137656e-06	1.592562e-07
6	2.109375e-01	1.910400e-02	1.459122e-03	2.994537e-04	1.175540e-07	7.137656e-06	1.592562e-07
7	2.109375e-01	1.910400e-02	1.459122e-03	2.994537e-04	1.175540e-07	7.137656e-06	1.592562e-07
8	2.109375e-01	1.910400e-02	1.459122e-03	2.994537e-04	1.175540e-07	7.137656e-06	1.592562e-07
9	2.109375e-01	1.910400e-02	1.459122e-03	2.994537e-04	1.175540e-07	7.137656e-06	1.592562e-07
10	2.099125e-01	1.359978e-02	4.036814e-03	3.343443e-04	-3.253769e-07	-3.343966e-05	2.121462e-07
11	2.099125e-01	1.359978e-02	4.036814e-03	3.343443e-04	-3.253769e-07	-3.343966e-05	2.121462e-07
12	2.099125e-01	1.740771e-02	2.899369e-04	9.565440e-05	1.372354e-08	9.996758e-06	8.088363e-09
13	2.099125e-01	1.740771e-02	2.899369e-04	9.565440e-05	1.372354e-08	9.996758e-06	8.088363e-09
14	2.187500e-01	2.441406e-02	0.000000e+00	0.000000e+00	0.000000e+00	0.000000e+00	0.000000e+00
15	2.187500e-01	2.441406e-02	0.000000e+00	0.000000e+00	0.000000e+00	0.000000e+00	0.000000e+00
16	2.187500e-01	2.441406e-02	0.000000e+00	0.000000e+00	0.000000e+00	0.000000e+00	0.000000e+00
17	2.187500e-01	2.441406e-02	0.000000e+00	0.000000e+00	0.000000e+00	0.000000e+00	0.000000e+00
18	2.187500e-01	2.441406e-02	0.000000e+00	0.000000e+00	0.000000e+00	0.000000e+00	0.000000e+00
19	2.187500e-01	2.441406e-02	0.000000e+00	0.000000e+00	0.000000e+00	0.000000e+00	0.000000e+00
20	1.796875e-01	6.896973e-03	1.115799e-03	7.820129e-05	1.517037e-09	-3.829598e-06	-2.305023e-08
21	1.796875e-01	6.896973e-03	1.115799e-03	7.820129e-05	1.517037e-09	-3.829598e-06	-2.305023e-08
22	1.975309e-01	1.219326e-02	0.000000e+00	0.000000e+00	0.000000e+00	0.000000e+00	0.000000e+00
23	1.975309e-01	1.219326e-02	0.000000e+00	0.000000e+00	0.000000e+00	0.000000e+00	0.000000e+00
24	1.975309e-01	1.219326e-02	0.000000e+00	0.000000e+00	0.000000e+00	0.000000e+00	0.000000e+00
25	1.796875e-01	6.896973e-03	1.115799e-03	7.820129e-05	1.517037e-09	-3.829598e-06	-2.305023e-08
26	1.865569e-01	1.204273e-02	3.729798e-04	2.730883e-05	-2.756114e-09	-2.996854e-06	8.686161e-22
27	1.865569e-01	1.204273e-02	3.729798e-04	2.730883e-05	-2.756114e-09	-2.996854e-06	8.686161e-22
28	2.187500e-01	2.441406e-02	0.000000e+00	0.000000e+00	0.000000e+00	0.000000e+00	0.000000e+00
29	2.187500e-01	2.441406e-02	0.000000e+00	0.000000e+00	0.000000e+00	0.000000e+00	0.000000e+00
30	2.099125e-01	1.740771e-02	2.899369e-04	9.565440e-05	1.372354e-08	9.996758e-06	8.088363e-09
31	2.099125e-01	1.740771e-02	2.899369e-04	9.565440e-05	1.372354e-08	9.996758e-06	8.088363e-09
32	2.304688e-01	2.088928e-02	2.413988e-03	2.167225e-04	-1.133353e-07	-2.703164e-05	-1.082935e-07
33	2.304688e-01	2.088928e-02	2.413988e-03	2.167225e-04	-1.133353e-07	-2.703164e-05	-1.082935e-07
34	2.304688e-01	2.088928e-02	2.413988e-03	2.167225e-04	-1.133353e-07	-2.703164e-05	-1.082935e-07
35	2.359396e-01	2.559080e-02	5.123632e-04	1.666923e-04	3.704457e-08	1.513128e-05	-3.163614e-08
36	2.167969e-01	2.063370e-02	1.508743e-03	2.041161e-04	1.105716e-07	2.835965e-05	2.458705e-08
37	2.167969e-01	2.063370e-02	1.508743e-03	2.041161e-04	1.105716e-07	2.835965e-05	2.458705e-08
38	1.975309e-01	1.524158e-02	9.408382e-05	3.763353e-06	-7.081412e-11	4.646115e-07	2.414479e-23
39	1.875000e-01	8.789063e-03	0.000000e+00	0.000000e+00	0.000000e+00	0.000000e+00	0.000000e+00
40	1.875000e-01	8.789063e-03	0.000000e+00	0.000000e+00	0.000000e+00	0.000000e+00	0.000000e+00
41	1.875000e-01	8.789063e-03	0.000000e+00	0.000000e+00	0.000000e+00	0.000000e+00	0.000000e+00
42	1.975309e-01	1.524158e-02	9.408382e-05	3.763353e-06	-7.081412e-11	4.646115e-07	-1.917111e-23
43	1.975309e-01	1.524158e-02	9.408382e-05	3.763353e-06	-7.081412e-11	4.646115e-07	-1.917111e-23
44	1.975309e-01	1.524158e-02	9.408382e-05	3.763353e-06	-7.081412e-11	4.646115e-07	-1.917111e-23
45	1.975309e-01	1.524158e-02	9.408382e-05	3.763353e-06	-7.081412e-11	4.646115e-07	-1.917111e-23
46	1.975309e-01	1.524158e-02	9.408382e-05	3.763353e-06	-7.081412e-11	4.646115e-07	-1.917111e-23
47	1.933594e-01	1.541519e-02	7.845461e-04	1.322329e-04	3.571403e-08	9.374635e-06	-2.320576e-08
48	1.632653e-01	6.663890e-03	0.000000e+00	0.000000e+00	0.000000e+00	0.000000e+00	0.000000e+00
49	1.632653e-01	6.663890e-03	0.000000e+00	0.000000e+00	0.000000e+00	0.000000e+00	0.000000e+00
50	1.933594e-01	1.541519e-02	7.845461e-04	1.322329e-04	3.571403e-08	9.374635e-06	-2.320576e-08
51	1.975309e-01	1.524158e-02	9.408382e-05	3.763353e-06	-7.081412e-11	4.646115e-07	2.414479e-23
52	1.975309e-01	1.524158e-02	9.408382e-05	3.763353e-06	-7.081412e-11	4.646115e-07	2.414479e-23
53	2.167969e-01	2.063370e-02	1.508743e-03	2.041161e-04	1.105716e-07	2.835965e-05	-2.458705e-08
54	2.167969e-01	2.063370e-02	1.508743e-03	2.041161e-04	1.105716e-07	2.835965e-05	-2.458705e-08
55	2.167969e-01	2.063370e-02	1.508743e-03	2.041161e-04	1.105716e-07	2.835965e-05	-2.458705e-08
56	1.865889e-01	9.825838e-03	1.304716e-03	8.073628e-05	9.111678e-09	4.486577e-06	2.456840e-08
57	1.865889e-01	9.825838e-03	1.304716e-03	8.073628e-05	9.111678e-09	4.486577e-06	2.456840e-08
58	1.933594e-01	1.541519e-02	7.845461e-04	1.322329e-04	3.571403e-08	9.374635e-06	2.320576e-08
59	1.933594e-01	1.541519e-02	7.845461e-04	1.322329e-04	3.571403e-08	9.374635e-06	2.320576e-08
60	1.865569e-01	1.204273e-02	3.729798e-04	2.730883e-05	-2.756114e-09	-2.996854e-06	-3.782461e-22
61	1.865569e-01	1.204273e-02	3.729798e-04	2.730883e-05	-2.756114e-09	-2.996854e-06	-3.782461e-22
62	1.796875e-01	6.896973e-03	1.115799e-03	7.820129e-05	1.517037e-09	-3.829598e-06	2.305023e-08
63	1.796875e-01	6.896973e-03	1.115799e-03	7.820129e-05	1.517037e-09	-3.829598e-06	2.305023e-08
64	2.324219e-01	2.423477e-02	6.611645e-04	8.514524e-05	-6.559204e-09	-6.924442e-06	-1.910757e-08
65	2.324219e-01	2.423477e-02	6.611645e-04	8.514524e-05	-6.559204e-09	-6.924442e-06	-1.910757e-08
66	2.324219e-01	2.423477e-02	6.611645e-04	8.514524e-05	-6.559204e-09	-6.924442e-06	-1.910757e-08
67	2.099125e-01	1.359978e-02	4.036814e-03	3.343443e-04	-3.253769e-07	-3.343966e-05	-2.121462e-07
68	2.109375e-01	1.910400e-02	1.459122e-03	2.994537e-04	1.175540e-07	7.137656e-06	-1.592562e-07
69	2.109375e-01	1.910400e-02	1.459122e-03	2.994537e-04	1.175540e-07	7.137656e-06	-1.592562e-07
70	2.109375e-01	1.910400e-02	1.459122e-03	2.994537e-04	1.175540e-07	7.137656e-06	-1.592562e-07
71	2.109375e-01	1.910400e-02	1.459122e-03	2.994537e-04	1.175540e-07	7.137656e-06	-1.592562e-07
72	2.109375e-01	1.910400e-02	1.459122e-03	2.994537e-04	1.175540e-07	7.137656e-06	-1.592562e-07
73	1.875000e-01	1.562500e-02	0.000000e+00	0.000000e+00	0.000000e+00	0.000000e+00	0.000000e+00
74	1.875000e-01	1.562500e-02	0.000000e+00	0.000000e+00	0.000000e+00	0.000000e+00	0.000000e+00
75	1.875000e-01	1.562500e-02	0.000000e+00	0.000000e+00	0.000000e+00	0.000000e+00	0.000000e+00
76	1.875000e-01	1.562500e-02	0.000000e+00	0.000000e+00	0.000000e+00	0.000000e+00	0.000000e+00
77	1.865889e-01	1.482376e-02	7.582965e-04	1.365925e-04	4.054616e-08	1.313866e-05	1.698556e-08
78	1.865889e-01	1.482376e-02	7.582965e-04	1.365925e-04	4.054616e-08	1.313866e-05	1.698556e-08
79	2.167969e-01	2.502823e-02	1.937896e-03	1.259148e-04	-6.219858e-08	-1.992012e-05	0.000000e+00
80	1.865889e-01	1.482376e-02	7.582965e-04	1.365925e-04	4.054616e-08	1.313866e-05	-1.698556e-08
81	2.109375e-01	1.910400e-02	1.459122e-03	2.994537e-04	1.175540e-07	7.137656e-06	-1.592562e-07
82	2.109375e-01	1.910400e-02	1.459122e-03	2.994537e-04	1.175540e-07	7.137656e-06	-1.592562e-07
83	2.109375e-01	1.910400e-02	1.459122e-03	2.994537e-04	1.175540e-07	7.137656e-06	-1.592562e-07
84	2.109375e-01	1.910400e-02	1.459122e-03	2.994537e-04	1.175540e-07	7.137656e-06	-1.592562e-07
85	2.109375e-01	1.910400e-02	1.459122e-03	2.994537e-04	1.175540e-07	7.137656e-06	-1.592562e-07
86	1.865889e-01	1.482376e-02	7.582965e-04	1.365925e-04	4.054616e-08	1.313866e-05	-1.698556e-08
87	1.865889e-01	1.482376e-02	7.582965e-04	1.365925e-04	4.054616e-08	1.313866e-05	-1.698556e-08
88	1.865889e-01	1.482376e-02	7.582965e-04	1.365925e-04	4.054616e-08	1.313866e-05	-1.698556e-08
89	1.865889e-01	1.482376e-02	7.582965e-04	1.365925e-04	4.054616e-08	1.313866e-05	-1.698556e-08
90	2.222222e-01	4.938272e-02	0.000000e+00	0.000000e+00	0.000000e+00	0.000000e+00	0.000000e+00
91	2.268519e-01	2.882802e-02	4.318447e-03	1.270132e-03	2.945120e-06	2.126294e-04	-4.181503e-07
92	2.565598e-01	3.916735e-02	1.289104e-03	6.285436e-04	5.481200e-07	1.122069e-04	1.402522e-07
93	2.565598e-01	3.916735e-02	1.289104e-03	6.285436e-04	5.481200e-07	1.122069e-04	1.402522e-07
94	2.565598e-01	3.916735e-02	1.289104e-03	6.285436e-04	5.481200e-07	1.122069e-04	1.402522e-07
95	2.109375e-01	1.910400e-02	1.459122e-03	2.994537e-04	1.175540e-07	7.137656e-06	1.592562e-07
96	2.109375e-01	1.910400e-02	1.459122e-03	2.994537e-04	1.175540e-07	7.137656e-06	1.592562e-07
97	2.109375e-01	1.910400e-02	1.459122e-03	2.994537e-04	1.175540e-07	7.137656e-06	1.592562e-07
98	2.109375e-01	1.910400e-02	1.459122e-03	2.994537e-04	1.175540e-07	7.137656e-06	1.592562e-07
99	2.109375e-01	1.910400e-02	1.459122e-03	2.994537e-04	1.175540e-07	7.137656e-06	1.592562e-07
100	2.099125e-01	1.359978e-02	4.036814e-03	3.343443e-04	-3.253769e-07	-3.343966e-05	2.121462e-07
101	2.099125e-01	1.359978e-02	4.036814e-03	3.343443e-04	-3.253769e-07	-3.343966e-05	2.121462e-07
102	2.099125e-01	1.740771e-02	2.899369e-04	9.565440e-05	1.372354e-08	9.996758e-06	8.088363e-09
103	2.099125e-01	1.740771e-02	2.899369e-04	9.565440e-05	1.372354e-08	9.996758e-06	8.088363e-09
104	2.187500e-01	2.441406e-02	0.000000e+00	0.000000e+00	0.000000e+00	0.000000e+00	0.000000e+00
105	2.187500e-01	2.441406e-02	0.000000e+00	0.000000e+00	0.000000e+00	0.000000e+00	0.000000e+00
106	2.187500e-01	2.441406e-02	0.000000e+00	0.000000e+00	0.000000e+00	0.000000e+00	0.000000e+00
107	2.187500e-01	2.441406e-02	0.000000e+00	0.000000e+00	0.000000e+00	0.000000e+00	0.000000e+00
108	2.187500e-01	2.441406e-02	0.000000e+00	0.000000e+00	0.000000e+00	0.000000e+00	0.000000e+00
109	2.187500e-01	2.441406e-02	0.000000e+00	0.000000e+00	0.000000e+00	0.000000e+00	0.000000e+00
110	1.796875e-01	6.896973e-03	1.115799e-03	7.820129e-05	1.517037e-09	-3.829598e-06	-2.305023e-08
111	1.796875e-01	6.896973e-03	1.115799e-03	7.820129e-05	1.517037e-09	-3.829598e-06	-2.305023e-08
112	1.975309e-01	1.219326e-02	0.000000e+00	0.000000e+00	0.000000e+00	0.000000e+00	0.000000e+00
113	1.975309e-01	1.219326e-02	0.000000e+00	0.000000e+00	0.000000e+00	0.000000e+00	0.000000e+00
114	1.975309e-01	1.219326e-02	0.000000e+00	0.000000e+00	0.000000e+00	0.000000e+00	0.000000e+00
115	1.796875e-01	6.896973e-03	1.115799e-03	7.820129e-05	1.517037e-09	-3.829598e-06	-2.305023e-08
116	1.865569e-01	1.204273e-02	3.729798e-04	2.730883e-05	-2.756114e-09	-2.996854e-06	7.026526e-22
117	1.865569e-01	1.204273e-02	3.729798e-04	2.730883e-05	-2.756114e-09	-2.996854e-06	7.026526e-22
118	2.187500e-01	2.441406e-02	0.000000e+00	0.000000e+00	0.000000e+00	0.000000e+00	0.000000e+00
119	2.187500e-01	2.441406e-02	0.000000e+00	0.000000e+00	0.000000e+00	0.000000e+00	0.000000e+00
120	2.099125e-01	1.740771e-02	2.899369e-04	9.565440e-05	1.372354e-08	9.996758e-06	8.088363e-09
121	2.099125e-01	1.740771e-02	2.899369e-04	9.565440e-05	1.372354e-08	9.996758e-06	8.088363e-09
122	2.304688e-01	2.088928e-02	2.413988e-03	2.167225e-04	-1.133353e-07	-2.703164e-05	-1.082935e-07
123	2.304688e-01	2.088928e-02	2.413988e-03	2.167225e-04	-1.133353e-07	-2.703164e-05	-1.082935e-07
124	2.304688e-01	2.088928e-02	2.413988e-03	2.167225e-04	-1.133353e-07	-2.703164e-05	-1.082935e-07
125	2.359396e-01	2.559080e-02	5.123632e-04	1.666923e-04	3.704457e-08	1.513128e-05	-3.163614e-08
126	2.167969e-01	2.063370e-02	1.508743e-03	2.041161e-04	1.105716e-07	2.835965e-05	2.458705e-08
127	2.167969e-01	2.063370e-02	1.508743e-03	2.041161e-04	1.105716e-07	2.835965e-05	2.458705e-08
128	1.975309e-01	1.524158e-02	9.408382e-05	3.763353e-06	-7.081412e-11	4.646115e-07	-1.159219e-22
129	1.875000e-01	8.789063e-03	0.000000e+00	0.000000e+00	0.000000e+00	0.000000e+00	0.000000e+00
130	1.875000e-01	8.789063e-03	0.000000e+00	0.000000e+00	0.000000e+00	0.000000e+00	0.000000e+00
131	1.875000e-01	8.789063e-03	0.000000e+00	0.000000e+00	0.000000e+00	0.000000e+00	0.000000e+00
132	1.975309e-01	1.524158e-02	9.408382e-05	3.763353e-06	-7.081412e-11	4.646115e-07	-3.773745e-23
133	1.975309e-01	1.524158e-02	9.408382e-05	3.763353e-06	-7.081412e-11	4.646115e-07	-3.773745e-23
134	1.975309e-01	1.524158e-02	9.408382e-05	3.763353e-06	-7.081412e-11	4.646115e-07	-3.773745e-23
135	1.975309e-01	1.524158e-02	9.408382e-05	3.763353e-06	-7.081412e-11	4.646115e-07	-3.773745e-23
136	1.975309e-01	1.524158e-02	9.408382e-05	3.763353e-06	-7.081412e-11	4.646115e-07	-3.773745e-23
137	1.933594e-01	1.541519e-02	7.845461e-04	1.322329e-04	3.571403e-08	9.374635e-06	-2.320576e-08
138	1.632653e-01	6.663890e-03	0.000000e+00	0.000000e+00	0.000000e+00	0.000000e+00	0.000000e+00
139	1.632653e-01	6.663890e-03	0.000000e+00	0.000000e+00	0.000000e+00	0.000000e+00	0.000000e+00
140	1.933594e-01	1.541519e-02	7.845461e-04	1.322329e-04	3.571403e-08	9.374635e-06	-2.320576e-08
141	1.975309e-01	1.524158e-02	9.408382e-05	3.763353e-06	-7.081412e-11	4.646115e-07	-7.727834e-23
142	1.975309e-01	1.524158e-02	9.408382e-05	3.763353e-06	-7.081412e-11	4.646115e-07	-7.727834e-23
143	2.167969e-01	2.063370e-02	1.508743e-03	2.041161e-04	1.105716e-07	2.835965e-05	-2.458705e-08
144	2.167969e-01	2.063370e-02	1.508743e-03	2.041161e-04	1.105716e-07	2.835965e-05	-2.458705e-08
145	2.167969e-01	2.063370e-02	1.508743e-03	2.041161e-04	1.105716e-07	2.835965e-05	-2.458705e-08
146	1.865889e-01	9.825838e-03	1.304716e-03	8.073628e-05	9.111678e-09	4.486577e-06	2.456840e-08
147	1.865889e-01	9.825838e-03	1.304716e-03	8.073628e-05	9.111678e-09	4.486577e-06	2.456840e-08
148	1.933594e-01	1.541519e-02	7.845461e-04	1.322329e-04	3.571403e-08	9.374635e-06	2.320576e-08
149	1.933594e-01	1.541519e-02	7.845461e-04	1.322329e-04	3.571403e-08	9.374635e-06	2.320576e-08
150	1.865569e-01	1.204273e-02	3.729798e-04	2.730883e-05	-2.756114e-09	-2.996854e-06	-3.818733e-22
151	1.865569e-01	1.204273e-02	3.729798e-04	2.730883e-05	-2.756114e-09	-2.996854e-06	-3.818733e-22
152	1.796875e-01	6.896973e-03	1.115799e-03	7.820129e-05	1.517037e-09	-3.829598e-06	2.305023e-08
153	1.796875e-01	6.896973e-03	1.115799e-03	7.820129e-05	1.517037e-09	-3.829598e-06	2.305023e-08
154	2.324219e-01	2.423477e-02	6.611645e-04	8.514524e-05	-6.559204e-09	-6.924442e-06	-1.910757e-08
155	2.324219e-01	2.423477e-02	6.611645e-04	8.514524e-05	-6.559204e-09	-6.924442e-06	-1.910757e-08
156	2.324219e-01	2.423477e-02	6.611645e-04	8.514524e-05	-6.559204e-09	-6.924442e-06	-1.910757e-08
157	2.099125e-01	1.359978e-02	4.036814e-03	3.343443e-04	-3.253769e-07	-3.343966e-05	-2.121462e-07
158	2.109375e-01	1.910400e-02	1.459122e-03	2.994537e-04	1.175540e-07	7.137656e-06	-1.592562e-07
159	2.109375e-01	1.910400e-02	1.459122e-03	2.994537e-04	1.175540e-07	7.137656e-06	-1.592562e-07
160	2.109375e-01	1.910400e-02	1.459122e-03	2.994537e-04	1.175540e-07	7.137656e-06	-1.592562e-07
161	2.109375e-01	1.910400e-02	1.459122e-03	2.994537e-04	1.175540e-07	7.137656e-06	-1.592562e-07
162	2.109375e-01	1.910400e-02	1.459122e-03	2.994537e-04	1.175540e-07	7.137656e-06	-1.592562e-07
163	1.875000e-01	1.562500e-02	0.000000e+00	0.000000e+00	0.000000e+00	0.000000e+00	0.000000e+00
164	1.875000e-01	1.562500e-02	0.000000e+00	0.000000e+00	0.000000e+00	0.000000e+00	0.000000e+00
165	1.875000e-01	1.562500e-02	0.000000e+00	0.000000e+00	0.000000e+00	0.000000e+00	0.000000e+00
166	1.875000e-01	1.562500e-02	0.000000e+00	0.000000e+00	0.000000e+00	0.000000e+00	0.000000e+00
167	1.865889e-01	1.482376e-02	7.582965e-04	1.365925e-04	4.054616e-08	1.313866e-05	1.698556e-08
168	1.865889e-01	1.482376e-02	7.582965e-04	1.365925e-04	4.054616e-08	1.313866e-05	1.698556e-08
169	2.167969e-01	2.502823e-02	1.937896e-03	1.259148e-04	-6.219858e-08	-1.992012e-05	0.000000e+00
170	1.865889e-01	1.482376e-02	7.582965e-04	1.365925e-04	4.054616e-08	1.313866e-05	-1.698556e-08
171	2.109375e-01	1.910400e-02	1.459122e-03	2.994537e-04	1.175540e-07	7.137656e-06	-1.592562e-07
172	2.109375e-01	1.910400e-02	1.459122e-03	2.994537e-04	1.175540e-07	7.137656e-06	-1.592562e-07
173	2.109375e-01	1.910400e-02	1.459122e-03	2.994537e-04	1.175540e-07	7.137656e-06	-1.592562e-07
174	2.109375e-01	1.910400e-02	1.459122e-03	2.994537e-04	1.175540e-07	7.137656e-06	-1.592562e-07
175	2.109375e-01	1.910400e-02	1.459122e-03	2.994537e-04	1.175540e-07	7.137656e-06	-1.592562e-07
176	1.865889e-01	1.482376e-02	7.582965e-04	1.365925e-04	4.054616e-08	1.313866e-05	-1.698556e-08
177	1.865889e-01	1.482376e-02	7.582965e-04	1.365925e-04	4.054616e-08	1.313866e-05	-1.698556e-08
178	1.865889e-01	1.482376e-02	7.582965e-04	1.365925e-04	4.054616e-08	1.313866e-05	-1.698556e-08
179	1.865889e-01	1.482376e-02	7.582965e-04	1.365925e-04	4.054616e-08	1.313866e-05	-1.698556e-08
180	2.222222e-01	4.938272e-02	0.000000e+00	0.000000e+00	0.000000e+00	0.000000e+00	0.000000e+00
181	2.268519e-01	2.882802e-02	4.318447e-03	1.270132e-03	2.945120e-06	2.126294e-04	-4.181503e-07
182	2.565598e-01	3.916735e-02	1.289104e-03	6.285436e-04	5.481200e-07	1.122069e-04	1.402522e-07
183	2.565598e-01	3.916735e-02	1.289104e-03	6.285436e-04	5.481200e-07	1.122069e-04	1.402522e-07
184	2.565598e-01	3.916735e-02	1.289104e-03	6.285436e-04	5.481200e-07	1.122069e-04	1.402522e-07
185	2.109375e-01	1.910400e-02	1.459122e-03	2.994537e-04	1.175540e-07	7.137656e-06	1.592562e-07
186	2.109375e-01	1.910400e-02	1.459122e-03	2.994537e-04	1.175540e-07	7.137656e-06	1.592562e-07
187	2.109375e-01	1.910400e-02	1.459122e-03	2.994537e-04	1.175540e-07	7.137656e-06	1.592562e-07
188	2.109375e-01	1.910400e-02	1.459122e-03	2.994537e-04	1.175540e-07	7.137656e-06	1.592562e-07
189	2.109375e-01	1.910400e-02	1.459122e-03	2.994537e-04	1.175540e-07	7.137656e-06	1.592562e-07
190	2.099125e-01	1.359978e-02	4.036814e-03	3.343443e-04	-3.253769e-07	-3.343966e-05	2.121462e-07
191	2.099125e-01	1.359978e-02	4.036814e-03	3.343443e-04	-3.253769e-07	-3.343966e-05	2.121462e-07
192	2.099125e-01	1.740771e-02	2.899369e-04	9.565440e-05	1.372354e-08	9.996758e-06	8.088363e-09
193	2.099125e-01	1.740771e-02	2.899369e-04	9.565440e-05	1.372354e-08	9.996758e-06	8.088363e-09
194	2.187500e-01	2.441406e-02	0.000000e+00	0.000000e+00	0.000000e+00	0.000000e+00	0.000000e+00
195	2.187500e-01	2.441406e-02	0.000000e+00	0.000000e+00	0.000000e+00	0.000000e+00	0.000000e+00
196	2.187500e-01	2.441406e-02	0.000000e+00	0.000000e+00	0.000000e+00	0.000000e+00	0.000000e+00
197	2.187500e-01	2.441406e-02	0.000000e+00	0.000000e+00	0.000000e+00	0.000000e+00	0.000000e+00
198	2.187500e-01	2.441406e-02	0.000000e+00	0.000000e+00	0.000000e+00	0.000000e+00	0.000000e+00
199	2.187500e-01	2.441406e-02	0.000000e+00	0.000000e+00	0.000000e+00	0.000000e+00	0.000000e+00
200	1.796875e-01	6.896973e-03	1.115799e-03	7.820129e-05	1.517037e-09	-3.829598e-06	-2.305023e-08
201	1.796875e-01	6.896973e-03	1.115799e-03	7.820129e-05	1.517037e-09	-3.829598e-06	-2.305023e-08
202	1.975309e-01	1.219326e-02	0.000000e+00	0.000000e+00	0.000000e+00	0.000000e+00	0.000000e+00
203	1.975309e-01	1.219326e-02	0.000000e+00	0.000000e+00	0.000000e+00	0.000000e+00	0.000000e+00
204	1.975309e-01	1.219326e-02	0.000000e+00	0.000000e+00	0.000000e+00	0.000000e+00	0.000000e+00
205	1.796875e-01	6.896973e-03	1.115799e-03	7.820129e-05	1.517037e-09	-3.829598e-06	-2.305023e-08
206	1.865569e-01	1.204273e-02	3.729798e-04	2.730883e-05	-2.756114e-09	-2.996854e-06	3.413186e-22
207	1.865569e-01	1.204273e-02	3.729798e-04	2.730883e-05	-2.756114e-09	-2.996854e-06	3.413186e-22
208	2.187500e-01	2.441406e-02	0.000000e+00	0.000000e+00	0.000000e+00	0.000000e+00	0.000000e+00
209	2.187500e-01	2.441406e-02	0.000000e+00	0.000000e+00	0.000000e+00	0.000000e+00	0.000000e+00
210	2.099125e-01	1.740771e-02	2.899369e-04	9.565440e-05	1.372354e-08	9.996758e-06	8.088363e-09
211	2.099125e-01	1.740771e-02	2.899369e-04	9.565440e-05	1.372354e-08	9.996758e-06	8.088363e-09
212	2.304688e-01	2.088928e-02	2.413988e-03	2.167225e-04	-1.133353e-07	-2.703164e-05	-1.082935e-07
213	2.304688e-01	2.088928e-02	2.413988e-03	2.167225e-04	-1.133353e-07	-2.703164e-05	-1.082935e-07
214	2.304688e-01	2.088928e-02	2.413988e-03	2.167225e-04	-1.133353e-07	-2.703164e-05	-1.082935e-07
215	2.359396e-01	2.559080e-02	5.123632e-04	1.666923e-04	3.704457e-08	1.513128e-05	-3.163614e-08
216	2.167969e-01	2.063370e-02	1.508743e-03	2.041161e-04	1.105716e-07	2.835965e-05	2.458705e-08
217	2.167969e-01	2.063370e-02	1.508743e-03	2.041161e-04	1.105716e-07	2.835965e-05	2.458705e-08
218	1.975309e-01	1.524158e-02	9.408382e-05	3.763353e-06	-7.081412e-11	4.646115e-07	-2.145657e-23
219	1.875000e-01	8.789063e-03	0.000000e+00	0.000000e+00	0.000000e+00	0.000000e+00	0.000000e+00
220	1.875000e-01	8.789063e-03	0.000000e+00	0.000000e+00	0.000000e+00	0.000000e+00	0.000000e+00
221	1.875000e-01	8.789063e-03	0.000000e+00	0.000000e+00	0.000000e+00	0.000000e+00	0.000000e+00
222	1.975309e-01	1.524158e-02	9.408382e-05	3.763353e-06	-7.081412e-11	4.646115e-07	-1.448338e-23
223	1.975309e-01	1.524158e-02	9.408382e-05	3.763353e-06	-7.081412e-11	4.646115e-07	-1.448338e-23
224	1.975309e-01	1.524158e-02	9.408382e-05	3.763353e-06	-7.081412e-11	4.646115e-07	-1.448338e-23
225	1.975309e-01	1.524158e-02	9.408382e-05	3.763353e-06	-7.081412e-11	4.646115e-07	-1.448338e-23
226	1.975309e-01	1.524158e-02	9.408382e-05	3.763353e-06	-7.081412e-11	4.646115e-07	-1.448338e-23
227	1.933594e-01	1.541519e-02	7.845461e-04	1.322329e-04	3.571403e-08	9.374635e-06	-2.320576e-08
228	1.632653e-01	6.663890e-03	0.000000e+00	0.000000e+00	0.000000e+00	0.000000e+00	0.000000e+00
229	1.632653e-01	6.663890e-03	0.000000e+00	0.000000e+00	0.000000e+00	0.000000e+00	0.000000e+00
230	1.933594e-01	1.541519e-02	7.845461e-04	1.322329e-04	3.571403e-08	9.374635e-06	-2.320576e-08
231	1.975309e-01	1.524158e-02	9.408382e-05	3.763353e-06	-7.081412e-11	4.646115e-07	1.673905e-23
232	1.975309e-01	1.524158e-02	9.408382e-05	3.763353e-06	-7.081412e-11	4.646115e-07	1.673905e-23
233	2.167969e-01	2.063370e-02	1.508743e-03	2.041161e-04	1.105716e-07	2.835965e-05	-2.458705e-08
234	2.167969e-01	2.063370e-02	1.508743e-03	2.041161e-04	1.105716e-07	2.835965e-05	-2.458705e-08
235	2.167969e-01	2.063370e-02	1.508743e-03	2.041161e-04	1.105716e-07	2.835965e-05	-2.458705e-08
236	1.865889e-01	9.825838e-03	1.304716e-03	8.073628e-05	9.111678e-09	4.486577e-06	2.456840e-08
237	1.865889e-01	9.825838e-03	1.304716e-03	8.073628e-05	9.111678e-09	4.486577e-06	2.456840e-08
238	1.933594e-01	1.541519e-02	7.845461e-04	1.322329e-04	3.571403e-08	9.374635e-06	2.320576e-08
239	1.933594e-01	1.541519e-02	7.845461e-04	1.322329e-04	3.571403e-08	9.374635e-06	2.320576e-08
240	1.865569e-01	1.204273e-02	3.729798e-04	2.730883e-05	-2.756114e-09	-2.996854e-06	-8.403174e-22
241	1.865569e-01	1.204273e-02	3.729798e-04	2.730883e-05	-2.756114e-09	-2.996854e-06	-8.403174e-22
242	1.796875e-01	6.896973e-03	1.115799e-03	7.820129e-05	1.517037e-09	-3.829598e-06	2.305023e-08
243	1.796875e-01	6.896973e-03	1.115799e-03	7.820129e-05	1.517037e-09	-3.829598e-06	2.305023e-08
244	2.324219e-01	2.423477e-02	6.611645e-04	8.514524e-05	-6.559204e-09	-6.924442e-06	-1.910757e-08
245	2.324219e-01	2.423477e-02	6.611645e-04	8.514524e-05	-6.559204e-09	-6.924442e-06	-1.910757e-08
246	2.324219e-01	2.423477e-02	6.611645e-04	8.514524e-05	-6.559204e-09	-6.924442e-06	-1.910757e-08
247	2.099125e-01	1.359978e-02	4.036814e-03	3.343443e-04	-3.253769e-07	-3.343966e-05	-2.121462e-07
248	2.109375e-01	1.910400e-02	1.459122e-03	2.994537e-04	1.175540e-07	7.137656e-06	-1.592562e-07
249	2.109375e-01	1.910400e-02	1.459122e-03	2.994537e-04	1.175540e-07	7.137656e-06	-1.592562e-07
250	2.109375e-01	1.910400e-02	1.459122e-03	2.994537e-04	1.175540e-07	7.137656e-06	-1.592562e-07
251	2.109375e-01	1.910400e-02	1.459122e-03	2.994537e-04	1.175540e-07	7.137656e-06	-1.592562e-07
252	2.109375e-01	1.910400e-02	1.459122e-03	2.994537e-04	1.175540e-07	7.137656e-06	-1.592562e-07
253	1.875000e-01	1.562500e-02	0.000000e+00	0.000000e+00	0.000000e+00	0.000000e+00	0.000000e+00
254	1.875000e-01	1.562500e-02	0.000000e+00	0.000000e+00	0.000000e+00	0.000000e+00	0.000000e+00
255	1.875000e-01	1.562500e-02	0.000000e+00	0.000000e+00	0.000000e+00	0.000000e+00	0.000000e+00
256	1.875000e-01	1.562500e-02	0.000000e+00	0.000000e+00	0.000000e+00	0.000000e+00	0.000000e+00
257	1.865889e-01	1.482376e-02	7.582965e-04	1.365925e-04	4.054616e-08	1.313866e-05	1.698556e-08
258	1.865889e-01	1.482376e-02	7.582965e-04	1.365925e-04	4.054616e-08	1.313866e-05	1.698556e-08
259	2.167969e-01	2.502823e-02	1.937896e-03	1.259148e-04	-6.219858e-08	-1.992012e-05	0.000000e+00
260	1.865889e-01	1.482376e-02	7.582965e-04	1.365925e-04	4.054616e-08	1.313866e-05	-1.698556e-08
261	2.109375e-01	1.910400e-02	1.459122e-03	2.994537e-04	1.175540e-07	7.137656e-06	-1.592562e-07
262	2.109375e-01	1.910400e-02	1.459122e-03	2.994537e-04	1.175540e-07	7.137656e-06	-1.592562e-07
263	2.109375e-01	1.910400e-02	1.459122e-03	2.994537e-04	1.175540e-07	7.137656e-06	-1.592562e-07
264	2.109375e-01	1.910400e-02	1.459122e-03	2.994537e-04	1.175540e-07	7.137656e-06	-1.592562e-07
265	2.109375e-01	1.910400e-02	1.459122e-03	2.994537e-04	1.175540e-07	7.137656e-06	-1.592562e-07
266	1.865889e-01	1.482376e-02	7.582965e-04	1.365925e-04	4.054616e-08	1.313866e-05	-1.698556e-08
267	1.865889e-01	1.482376e-02	7.582965e-04	1.365925e-04	4.054616e-08	1.313866e-05	-1.698556e-08
268	1.865889e-01	1.482376e-02	7.582965e-04	1.365925e-04	4.054616e-08	1.313866e-05	-1.698556e-08
269	1.865889e-01	1.482376e-02	7.582965e-04	1.365925e-04	4.054616e-08	1.313866e-05	-1.698556e-08
270	2.222222e-01	4.938272e-02	0.000000e+00	0.000000e+00	0.000000e+00	0.000000e+00	0.000000e+00
271	2.268519e-01	2.882802e-02	4.318447e-03	1.270132e-03	2.945120e-06	2.126294e-04	-4.181503e-07
272	2.565598e-01	3.916735e-02	1.289104e-03	6.285436e-04	5.481200e-07	1.122069e-04	1.402522e-07
273	2.565598e-01	3.916735e-02	1.289104e-03	6.285436e-04	5.481200e-07	1.122069e-04	1.402522e-07
274	2.565598e-01	3.916735e-02	1.289104e-03	6.285436e-04	5.481200e-07	1.122069e-04	1.402522e-07
275	2.109375e-01	1.910400e-02	1.459122e-03	2.994537e-04	1.175540e-07	7.137656e-06	1.592562e-07
276	2.109375e-01	1.910400e-02	1.459122e-03	2.994537e-04	1.175540e-07	7.137656e-06	1.592562e-07
277	2.109375e-01	1.910400e-02	1.459122e-03	2.994537e-04	1.175540e-07	7.137656e-06	1.592562e-07
278	2.109375e-01	1.910400e-02	1.459122e-03	2.994537e-04	1.175540e-07	7.137656e-06	1.592562e-07
279	2.109375e-01	1.910400e-02	1.459122e-03	2.994537e-04	1.175540e-07	7.137656e-06	1.592562e-07
280	2.099125e-01	1.359978e-02	4.036814e-03	3.343443e-04	-3.253769e-07	-3.343966e-05	2.121462e-07
281	2.099125e-01	1.359978e-02	4.036814e-03	3.343443e-04	-3.253769e-07	-3.343966e-05	2.121462e-07
282	2.099125e-01	1.740771e-02	2.899369e-04	9.565440e-05	1.372354e-08	9.996758e-06	8.088363e-09
283	2.099125e-01	1.740771e-02	2.899369e-04	9.565440e-05	1.372354e-08	9.996758e-06	8.088363e-09
284	2.187500e-01	2.441406e-02	0.000000e+00	0.000000e+00	0.000000e+00	0.000000e+00	0.000000e+00
285	2.187500e-01	2.441406e-02	0.000000e+00	0.000000e+00	0.000000e+00	0.000000e+00	0.000000e+00
286	2.187500e-01	2.441406e-02	0.000000e+00	0.000000e+00	0.000000e+00	0.000000e+00	0.000000e+00
287	2.187500e-01	2.441406e-02	0.000000e+00	0.000000e+00	0.000000e+00	0.000000e+00	0.000000e+00
288	2.187500e-01	2.441406e-02	0.000000e+00	0.000000e+00	0.000000e+00	0.000000e+00	0.000000e+00
289	2.187500e-01	2.441406e-02	0.000000e+00	0.000000e+00	0.000000e+00	0.000000e+00	0.000000e+00
290	1.796875e-01	6.896973e-03	1.115799e-03	7.820129e-05	1.517037e-09	-3.829598e-06	-2.305023e-08
291	1.796875e-01	6.896973e-03	1.115799e-03	7.820129e-05	1.517037e-09	-3.829598e-06	-2.305023e-08
292	1.975309e-01	1.219326e-02	0.000000e+00	0.000000e+00	0.000000e+00	0.000000e+00	0.000000e+00
293	1.975309e-01	1.219326e-02	0.000000e+00	0.000000e+00	0.000000e+00	0.000000e+00	0.000000e+00
294	1.975309e-01	1.219326e-02	0.000000e+00	0.000000e+00	0.000000e+00	0.000000e+00	0.000000e+00
295	1.796875e-01	6.896973e-03	1.115799e-03	7.820129e-05	1.517037e-09	-3.829598e-06	-2.305023e-08
296	1.865569e-01	1.204273e-02	3.729798e-04	2.730883e-05	-2.756114e-09	-2.996854e-06	6.426929e-22
297	1.865569e-01	1.204273e-02	3.729798e-04	2.730883e-05	-2.756114e-09	-2.996854e-06	6.426929e-22
298	2.187500e-01	2.441406e-02	0.000000e+00	0.000000e+00	0.000000e+00	0.000000e+00	0.000000e+00
299	2.187500e-01	2.441406e-02	0.000000e+00	0.000000e+00	0.000000e+00	0.000000e+00	0.000000e+00
300	2.099125e-01	1.740771e-02	2.899369e-04	9.565440e-05	1.372354e-08	9.996758e-06	8.088363e-09
301	2.099125e-01	1.740771e-02	2.899369e-04	9.565440e-05	1.372354e-08	9.996758e-06	8.088363e-09
302	2.304688e-01	2.088928e-02	2.413988e-03	2.167225e-04	-1.133353e-07	-2.703164e-05	-1.082935e-07
303	2.304688e-01	2.088928e-02	2.413988e-03	2.167225e-04	-1.133353e-07	-2.703164e-05	-1.082935e-07
304	2.304688e-01	2.088928e-02	2.413988e-03	2.167225e-04	-1.133353e-07	-2.703164e-05	-1.082935e-07
305	2.359396e-01	2.559080e-02	5.123632e-04	1.666923e-04	3.704457e-08	1.513128e-05	-3.163614e-08
306	2.167969e-01	2.063370e-02	1.508743e-03	2.041161e-04	1.105716e-07	2.835965e-05	2.458705e-08
307	2.167969e-01	2.063370e-02	1.508743e-03	2.041161e-04	1.105716e-07	2.835965e-05	2.458705e-08
308	1.975309e-01	1.524158e-02	9.408382e-05	3.763353e-06	-7.081412e-11	4.646115e-07	1.130413e-23
309	1.875000e-01	8.789063e-03	0.000000e+00	0.000000e+00	0.000000e+00	0.000000e+00	0.000000e+00
310	1.875000e-01	8.789063e-03	0.000000e+00	0.000000e+00	0.000000e+00	0.000000e+00	0.000000e+00
311	1.875000e-01	8.789063e-03	0.000000e+00	0.000000e+00	0.000000e+00	0.000000e+00	0.000000e+00
312	1.975309e-01	1.524158e-02	9.408382e-05	3.763353e-06	-7.081412e-11	4.646115e-07	-1.014127e-22
313	1.975309e-01	1.524158e-02	9.408382e-05	3.763353e-06	-7.081412e-11	4.646115e-07	-1.014127e-22
314	1.975309e-01	1.524158e-02	9.408382e-05	3.763353e-06	-7.081412e-11	4.646115e-07	-1.014127e-22
315	1.975309e-01	1.524158e-02	9.408382e-05	3.763353e-06	-7.081412e-11	4.646115e-07	-1.014127e-22
316	1.975309e-01	1.524158e-02	9.408382e-05	3.763353e-06	-7.081412e-11	4.646115e-07	-1.014127e-22
317	1.933594e-01	1.541519e-02	7.845461e-04	1.322329e-04	3.571403e-08	9.374635e-06	-2.320576e-08
318	1.632653e-01	6.663890e-03	0.000000e+00	0.000000e+00	0.000000e+00	0.000000e+00	0.000000e+00
319	1.632653e-01	6.663890e-03	0.000000e+00	0.000000e+00	0.000000e+00	0.000000e+00	0.000000e+00
320	1.933594e-01	1.541519e-02	7.845461e-04	1.322329e-04	3.571403e-08	9.374635e-06	-2.320576e-08
321	1.975309e-01	1.524158e-02	9.408382e-05	3.763353e-06	-7.081412e-11	4.646115e-07	1.175937e-23
322	1.975309e-01	1.524158e-02	9.408382e-05	3.763353e-06	-7.081412e-11	4.646115e-07	1.175937e-23
323	2.167969e-01	2.063370e-02	1.508743e-03	2.041161e-04	1.105716e-07	2.835965e-05	-2.458705e-08
324	2.167969e-01	2.063370e-02	1.508743e-03	2.041161e-04	1.105716e-07	2.835965e-05	-2.458705e-08
325	2.167969e-01	2.063370e-02	1.508743e-03	2.041161e-04	1.105716e-07	2.835965e-05	-2.458705e-08
326	1.865889e-01	9.825838e-03	1.304716e-03	8.073628e-05	9.111678e-09	4.486577e-06	2.456840e-08
327	1.865889e-01	9.825838e-03	1.304716e-03	8.073628e-05	9.111678e-09	4.486577e-06	2.456840e-08
328	1.933594e-01	1.541519e-02	7.845461e-04	1.322329e-04	3.571403e-08	9.374635e-06	2.320576e-08
329	1.933594e-01	1.541519e-02	7.845461e-04	1.322329e-04	3.571403e-08	9.374635e-06	2.320576e-08
330	1.865569e-01	1.204273e-02	3.729798e-04	2.730883e-05	-2.756114e-09	-2.996854e-06	-4.048167e-23
331	1.865569e-01	1.204273e-02	3.729798e-04	2.730883e-05	-2.756114e-09	-2.996854e-06	-4.048167e-23
332	1.796875e-01	6.896973e-03	1.115799e-03	7.820129e-05	1.517037e-09	-3.829598e-06	2.305023e-08
333	1.796875e-01	6.896973e-03	1.115799e-03	7.820129e-05	1.517037e-09	-3.829598e-06	2.305023e-08
334	2.324219e-01	2.423477e-02	6.611645e-04	8.514524e-05	-6.559204e-09	-6.924442e-06	-1.910757e-08
335	2.324219e-01	2.423477e-02	6.611645e-04	8.514524e-05	-6.559204e-09	-6.924442e-06	-1.910757e-08
336	2.324219e-01	2.423477e-02	6.611645e-04	8.514524e-05	-6.559204e-09	-6.924442e-06	-1.910757e-08
337	2.099125e-01	1.359978e-02	4.036814e-03	3.343443e-04	-3.253769e-07	-3.343966e-05	-2.121462e-07
338	2.109375e-01	1.910400e-02	1.459122e-03	2.994537e-04	1.175540e-07	7.137656e-06	-1.592562e-07
339	2.109375e-01	1.910400e-02	1.459122e-03	2.994537e-04	1.175540e-07	7.137656e-06	-1.592562e-07
340	2.109375e-01	1.910400e-02	1.459122e-03	2.994537e-04	1.175540e-07	7.137656e-06	-1.592562e-07
341	2.109375e-01	1.910400e-02	1.459122e-03	2.994537e-04	1.175540e-07	7.137656e-06	-1.592562e-07
342	2.109375e-01	1.910400e-02	1.459122e-03	2.994537e-04	1.175540e-07	7.137656e-06	-1.592562e-07
343	1.875000e-01	1.562500e-02	0.000000e+00	0.000000e+00	0.000000e+00	0.000000e+00	0.000000e+00
344	1.875000e-01	1.562500e-02	0.000000e+00	0.000000e+00	0.000000e+00	0.000000e+00	0.000000e+00
345	1.875000e-01	1.562500e-02	0.000000e+00	0.000000e+00	0.000000e+00	0.000000e+00	0.000000e+00
346	1.875000e-01	1.562500e-02	0.000000e+00	0.000000e+00	0.000000e+00	0.000000e+00	0.000000e+00
347	1.865889e-01	1.482376e-02	7.582965e-04	1.365925e-04	4.054616e-08	1.313866e-05	1.698556e-08
348	1.865889e-01	1.482376e-02	7.582965e-04	1.365925e-04	4.054616e-08	1.313866e-05	1.698556e-08
349	2.167969e-01	2.502823e-02	1.937896e-03	1.259148e-04	-6.219858e-08	-1.992012e-05	-0.000000e+00
350	1.865889e-01	1.482376e-02	7.582965e-04	1.365925e-04	4.054616e-08	1.313866e-05	-1.698556e-08
351	2.109375e-01	1.910400e-02	1.459122e-03	2.994537e-04	1.175540e-07	7.137656e-06	-1.592562e-07
352	2.109375e-01	1.910400e-02	1.459122e-03	2.994537e-04	1.175540e-07	7.137656e-06	-1.592562e-07
353	2.109375e-01	1.910400e-02	1.459122e-03	2.994537e-04	1.175540e-07	7.137656e-06	-1.592562e-07
354	2.109375e-01	1.910400e-02	1.459122e-03	2.994537e-04	1.175540e-07	7.137656e-06	-1.592562e-07
355	2.109375e-01	1.910400e-02	1.459122e-03	2.994537e-04	1.175540e-07	7.137656e-06	-1.592562e-07
356	1.865889e-01	1.482376e-02	7.582965e-04	1.365925e-04	4.054616e-08	1.313866e-05	-1.698556e-08
357	1.865889e-01	1.482376e-02	7.582965e-04	1.365925e-04	4.054616e-08	1.313866e-05	-1.698556e-08
358	1.865889e-01	1.482376e-02	7.582965e-04	1.365925e-04	4.054616e-08	1.313866e-05	-1.698556e-08
359	1.865889e-01	1.482376e-02	7.582965e-04	1.365925e-04	4.054616e-08	1.313866e-05	-1.698556e-08
