0	3.125000e-01	9.765625e-02	0.000000e+00	0.000000e+00	0.000000e+00	0.000000e+00	0.000000e+00
1	2.194787e-01	2.784881e-02	5.704396e-04	1.244126e-04	2.884767e-08	1.315726e-05	1.631930e-08
2	2.194787e-01	2.784881e-02	5.704396e-04	1.244126e-04	2.884767e-08	1.315726e-05	1.631930e-08
3	2.250000e-01	3.062500e-02	0.000000e+00	0.000000e+00	0.000000e+00	0.000000e+00	0.000000e+00
4	2.250000e-01	3.062500e-02	0.000000e+00	0.000000e+00	0.000000e+00	0.000000e+00	0.000000e+00
5	2.250000e-01	3.062500e-02	0.000000e+00	0.000000e+00	0.000000e+00	0.000000e+00	0.000000e+00
6	2.250000e-01	3.062500e-02	0.000000e+00	0.000000e+00	0.000000e+00	0.000000e+00	0.000000e+00
7	2.250000e-01	3.062500e-02	0.000000e+00	0.000000e+00	0.000000e+00	0.000000e+00	0.000000e+00
8	2.250000e-01	3.062500e-02	0.000000e+00	0.000000e+00	0.000000e+00	0.000000e+00	0.000000e+00
9	2.250000e-01	3.062500e-02	0.000000e+00	0.000000e+00	0.000000e+00	0.000000e+00	0.000000e+00
10	2.250000e-01	3.062500e-02	0.000000e+00	0.000000e+00	0.000000e+00	0.000000e+00	0.000000e+00
11	2.250000e-01	3.062500e-02	0.000000e+00	0.000000e+00	0.000000e+00	0.000000e+00	0.000000e+00
12	2.410000e-01	3.168100e-02	1.737216e-03	3.036160e-04	7.748950e-08	-1.091174e-05	2.064384e-07
13	2.410000e-01	3.168100e-02	1.737216e-03	3.036160e-04	7.748950e-08	-1.091174e-05	2.064384e-07
14	2.490000e-01	3.720100e-02	4.343040e-04	7.590400e-05	4.843094e-09	2.969600e-08	1.290240e-08
15	2.490000e-01	3.720100e-02	4.343040e-04	7.590400e-05	4.843094e-09	2.969600e-08	1.290240e-08
16	2.490000e-01	3.720100e-02	4.343040e-04	7.590400e-05	4.843094e-09	2.969600e-08	1.290240e-08
17	2.490000e-01	3.720100e-02	4.343040e-04	7.590400e-05	4.843094e-09	2.969600e-08	1.290240e-08
18	2.148760e-01	2.322246e-02	0.000000e+00	0.000000e+00	0.000000e+00	0.000000e+00	0.000000e+00
19	2.490000e-01	3.720100e-02	4.343040e-04	7.590400e-05	4.843094e-09	2.969600e-08	1.290240e-08
20	2.490000e-01	3.720100e-02	4.343040e-04	7.590400e-05	4.843094e-09	2.969600e-08	1.290240e-08
21	2.490000e-01	3.720100e-02	4.343040e-04	7.590400e-05	4.843094e-09	2.969600e-08	1.290240e-08
22	2.524005e-01	4.094528e-02	4.027149e-04	8.380558e-05	1.438790e-08	1.445605e-05	-5.479556e-09
23	2.170000e-01	2.356900e-02	1.202688e-03	1.889280e-04	6.669494e-08	1.470874e-05	-6.051594e-08
24	2.170000e-01	2.356900e-02	1.202688e-03	1.889280e-04	6.669494e-08	1.470874e-05	-6.051594e-08
25	2.163787e-01	2.195804e-02	1.383618e-04	6.993370e-06	7.165817e-11	-6.188384e-07	-2.053984e-10
26	2.163787e-01	2.195804e-02	1.383618e-04	6.993370e-06	7.165817e-11	-6.188384e-07	-2.053984e-10
27	2.688615e-01	4.410650e-02	1.440192e-03	1.236692e-04	-4.690501e-08	-2.191408e-05	2.288909e-08
28	2.688615e-01	4.410650e-02	1.440192e-03	1.236692e-04	-4.690501e-08	-2.191408e-05	2.288909e-08
29	2.688615e-01	4.410650e-02	1.440192e-03	1.236692e-04	-4.690501e-08	-2.191408e-05	2.288909e-08
30	2.370000e-01	2.752900e-02	2.890368e-03	3.764480e-04	1.664885e-07	1.884570e-05	3.556344e-07
31	2.450000e-01	3.282500e-02	7.200000e-04	2.720000e-04	1.159680e-07	2.752000e-05	-3.225600e-08
32	2.450000e-01	3.282500e-02	7.200000e-04	2.720000e-04	1.159680e-07	2.752000e-05	-3.225600e-08
33	2.163787e-01	2.195804e-02	1.383618e-04	6.993370e-06	7.165817e-11	-6.188384e-07	-2.053984e-10
34	2.500000e-01	3.530000e-02	3.600000e-04	4.000000e-05	1.344000e-09	3.520000e-06	-4.608000e-09
35	2.500000e-01	3.530000e-02	3.600000e-04	4.000000e-05	1.344000e-09	3.520000e-06	-4.608000e-09
36	2.500000e-01	3.530000e-02	3.600000e-04	4.000000e-05	1.344000e-09	3.520000e-06	-4.608000e-09
37	2.578875e-01	3.947757e-02	2.919954e-03	6.898190e-04	9.702152e-07	1.355319e-04	-1.309916e-07
38	2.250000e-01	2.542500e-02	8.100000e-04	9.000000e-05	6.804000e-09	2.970000e-06	-2.332800e-08
39	2.250000e-01	2.542500e-02	8.100000e-04	9.000000e-05	6.804000e-09	2.970000e-06	-2.332800e-08
40	2.314050e-01	2.732054e-02	0.000000e+00	0.000000e+00	0.000000e+00	0.000000e+00	0.000000e+00
41	2.314050e-01	2.732054e-02	0.000000e+00	0.000000e+00	0.000000e+00	0.000000e+00	0.000000e+00
42	2.314050e-01	2.732054e-02	0.000000e+00	0.000000e+00	0.000000e+00	0.000000e+00	0.000000e+00
43	2.314050e-01	2.732054e-02	0.000000e+00	0.000000e+00	0.000000e+00	0.000000e+00	0.000000e+00
44	2.314050e-01	2.732054e-02	0.000000e+00	0.000000e+00	0.000000e+00	0.000000e+00	0.000000e+00
45	3.032070e-01	7.194281e-02	1.115142e-03	1.048729e-04	-3.586411e-08	-2.812918e-05	8.382700e-21
46	3.032070e-01	7.194281e-02	1.115142e-03	1.048729e-04	-3.586411e-08	-2.812918e-05	8.382700e-21
47	2.734375e-01	4.937744e-02	2.145767e-03	7.419586e-04	8.473035e-07	1.277775e-04	-3.981404e-07
48	2.249657e-01	2.784881e-02	6.840113e-04	2.937377e-04	1.312759e-07	4.899544e-05	-1.011797e-08
49	2.100000e-01	2.250000e-02	0.000000e+00	0.000000e+00	0.000000e+00	0.000000e+00	0.000000e+00
50	2.100000e-01	2.250000e-02	0.000000e+00	0.000000e+00	0.000000e+00	0.000000e+00	0.000000e+00
51	2.100000e-01	2.250000e-02	0.000000e+00	0.000000e+00	0.000000e+00	0.000000e+00	0.000000e+00
52	2.100000e-01	2.250000e-02	0.000000e+00	0.000000e+00	0.000000e+00	0.000000e+00	0.000000e+00
53	2.249657e-01	2.784881e-02	6.840113e-04	2.937377e-04	1.312759e-07	4.899544e-05	-1.011797e-08
54	2.249657e-01	2.784881e-02	6.840113e-04	2.937377e-04	1.312759e-07	4.899544e-05	-1.011797e-08
55	2.249657e-01	2.784881e-02	6.840113e-04	2.937377e-04	1.312759e-07	4.899544e-05	-1.011797e-08
56	2.283997e-01	2.511909e-02	3.101214e-04	4.738443e-05	3.244392e-11	-1.993641e-06	-5.743973e-09
57	2.650000e-01	4.062500e-02	0.000000e+00	0.000000e+00	0.000000e+00	0.000000e+00	0.000000e+00
58	2.650000e-01	4.062500e-02	0.000000e+00	0.000000e+00	0.000000e+00	0.000000e+00	0.000000e+00
59	2.414266e-01	3.010682e-02	1.322852e-03	1.148623e-04	-2.678703e-08	-1.757040e-05	-3.587657e-08
60	2.414266e-01	3.010682e-02	1.322852e-03	1.148623e-04	-2.678703e-08	-1.757040e-05	-3.587657e-08
61	2.050000e-01	1.722500e-02	1.440000e-04	1.600000e-05	7.680000e-10	6.400000e-07	2.168992e-22
62	2.208866e-01	2.037751e-02	1.192775e-03	1.007741e-04	-3.493835e-08	-1.438548e-05	-2.649327e-21
63	2.208866e-01	2.037751e-02	1.192775e-03	1.007741e-04	-3.493835e-08	-1.438548e-05	-2.649327e-21
64	2.688615e-01	4.410650e-02	1.440192e-03	1.236692e-04	-4.690501e-08	-2.191408e-05	-2.288909e-08
65	2.688615e-01	4.410650e-02	1.440192e-03	1.236692e-04	-4.690501e-08	-2.191408e-05	-2.288909e-08
66	2.688615e-01	4.410650e-02	1.440192e-03	1.236692e-04	-4.690501e-08	-2.191408e-05	-2.288909e-08
67	2.340000e-01	2.771600e-02	1.004544e-03	2.263040e-04	1.013145e-07	3.152282e-05	-3.711959e-08
68	2.340000e-01	2.771600e-02	1.004544e-03	2.263040e-04	1.013145e-07	3.152282e-05	-3.711959e-08
69	2.414266e-01	3.362932e-02	1.315883e-03	1.175570e-04	-3.374343e-08	-2.045418e-05	-3.160951e-08
70	2.170000e-01	2.356900e-02	1.202688e-03	1.889280e-04	6.669494e-08	1.470874e-05	6.051594e-08
71	2.100000e-01	1.690000e-02	2.088000e-03	2.320000e-04	-7.872000e-09	-1.216000e-05	1.612800e-07
72	2.414266e-01	3.010682e-02	1.322852e-03	1.148623e-04	-2.678703e-08	-1.757040e-05	3.587657e-08
73	2.414266e-01	3.010682e-02	1.322852e-03	1.148623e-04	-2.678703e-08	-1.757040e-05	3.587657e-08
74	2.414266e-01	3.010682e-02	1.322852e-03	1.148623e-04	-2.678703e-08	-1.757040e-05	3.587657e-08
75	2.414266e-01	3.010682e-02	1.322852e-03	1.148623e-04	-2.678703e-08	-1.757040e-05	3.587657e-08
76	2.359396e-01	2.965522e-02	1.652984e-04	1.898299e-04	3.235607e-08	2.922029e-05	-9.155596e-09
77	2.359396e-01	2.965522e-02	1.652984e-04	1.898299e-04	3.235607e-08	2.922029e-05	-9.155596e-09
78	2.359396e-01	2.965522e-02	1.652984e-04	1.898299e-04	3.235607e-08	2.922029e-05	-9.155596e-09
79	2.194787e-01	2.784881e-02	5.704396e-04	1.244126e-04	2.884767e-08	1.315726e-05	-1.631930e-08
80	2.194787e-01	2.784881e-02	5.704396e-04	1.244126e-04	2.884767e-08	1.315726e-05	-1.631930e-08
81	2.250000e-01	3.062500e-02	0.000000e+00	0.000000e+00	0.000000e+00	0.000000e+00	0.000000e+00
82	2.250000e-01	3.062500e-02	0.000000e+00	0.000000e+00	0.000000e+00	0.000000e+00	0.000000e+00
83	2.250000e-01	3.062500e-02	0.000000e+00	0.000000e+00	0.000000e+00	0.000000e+00	0.000000e+00
84	2.250000e-01	3.062500e-02	0.000000e+00	0.000000e+00	0.000000e+00	0.000000e+00	0.000000e+00
85	2.250000e-01	3.062500e-02	0.000000e+00	0.000000e+00	0.000000e+00	0.000000e+00	0.000000e+00
86	2.194787e-01	2.784881e-02	5.704396e-04	1.244126e-04	2.884767e-08	1.315726e-05	1.631930e-08
87	2.194787e-01	2.784881e-02	5.704396e-04	1.244126e-04	2.884767e-08	1.315726e-05	1.631930e-08
88	2.194787e-01	2.784881e-02	5.704396e-04	1.244126e-04	2.884767e-08	1.315726e-05	1.631930e-08
89	2.194787e-01	2.784881e-02	5.704396e-04	1.244126e-04	2.884767e-08	1.315726e-05	1.631930e-08
90	3.125000e-01	9.765625e-02	0.000000e+00	0.000000e+00	0.000000e+00	0.000000e+00	0.000000e+00
91	2.194787e-01	2.784881e-02	5.704396e-04	1.244126e-04	2.884767e-08	1.315726e-05	1.631930e-08
92	2.194787e-01	2.784881e-02	5.704396e-04	1.244126e-04	2.884767e-08	1.315726e-05	1.631930e-08
93	2.250000e-01	3.062500e-02	0.000000e+00	0.000000e+00	0.000000e+00	0.000000e+00	0.000000e+00
94	2.250000e-01	3.062500e-02	0.000000e+00	0.000000e+00	0.000000e+00	0.000000e+00	0.000000e+00
95	2.250000e-01	3.062500e-02	0.000000e+00	0.000000e+00	0.000000e+00	0.000000e+00	0.000000e+00
96	2.250000e-01	3.062500e-02	0.000000e+00	0.000000e+00	0.000000e+00	0.000000e+00	0.000000e+00
97	2.250000e-01	3.062500e-02	0.000000e+00	0.000000e+00	0.000000e+00	0.000000e+00	0.000000e+00
98	2.250000e-01	3.062500e-02	0.000000e+00	0.000000e+00	0.000000e+00	0.000000e+00	0.000000e+00
99	2.250000e-01	3.062500e-02	0.000000e+00	0.000000e+00	0.000000e+00	0.000000e+00	0.000000e+00
100	2.250000e-01	3.062500e-02	0.000000e+00	0.000000e+00	0.000000e+00	0.000000e+00	0.000000e+00
101	2.250000e-01	3.062500e-02	0.000000e+00	0.000000e+00	0.000000e+00	0.000000e+00	0.000000e+00
102	2.410000e-01	3.168100e-02	1.737216e-03	3.036160e-04	7.748950e-08	-1.091174e-05	2.064384e-07
103	2.410000e-01	3.168100e-02	1.737216e-03	3.036160e-04	7.748950e-08	-1.091174e-05	2.064384e-07
104	2.490000e-01	3.720100e-02	4.343040e-04	7.590400e-05	4.843094e-09	2.969600e-08	1.290240e-08
105	2.490000e-01	3.720100e-02	4.343040e-04	7.590400e-05	4.843094e-09	2.969600e-08	1.290240e-08
106	2.490000e-01	3.720100e-02	4.343040e-04	7.590400e-05	4.843094e-09	2.969600e-08	1.290240e-08
107	2.490000e-01	3.720100e-02	4.343040e-04	7.590400e-05	4.843094e-09	2.969600e-08	1.290240e-08
108	2.148760e-01	2.322246e-02	0.000000e+00	0.000000e+00	0.000000e+00	0.000000e+00	0.000000e+00
109	2.490000e-01	3.720100e-02	4.343040e-04	7.590400e-05	4.843094e-09	2.969600e-08	1.290240e-08
110	2.490000e-01	3.720100e-02	4.343040e-04	7.590400e-05	4.843094e-09	2.969600e-08	1.290240e-08
111	2.490000e-01	3.720100e-02	4.343040e-04	7.590400e-05	4.843094e-09	2.969600e-08	1.290240e-08
112	2.524005e-01	4.094528e-02	4.027149e-04	8.380558e-05	1.438790e-08	1.445605e-05	-5.479556e-09
113	2.170000e-01	2.356900e-02	1.202688e-03	1.889280e-04	6.669494e-08	1.470874e-05	-6.051594e-08
114	2.170000e-01	2.356900e-02	1.202688e-03	1.889280e-04	6.669494e-08	1.470874e-05	-6.051594e-08
115	2.163787e-01	2.195804e-02	1.383618e-04	6.993370e-06	7.165817e-11	-6.188384e-07	-2.053984e-10
116	2.163787e-01	2.195804e-02	1.383618e-04	6.993370e-06	7.165817e-11	-6.188384e-07	-2.053984e-10
117	2.688615e-01	4.410650e-02	1.440192e-03	1.236692e-04	-4.690501e-08	-2.191408e-05	2.288909e-08
118	2.688615e-01	4.410650e-02	1.440192e-03	1.236692e-04	-4.690501e-08	-2.191408e-05	2.288909e-08
119	2.688615e-01	4.410650e-02	1.440192e-03	1.236692e-04	-4.690501e-08	-2.191408e-05	2.288909e-08
120	2.370000e-01	2.752900e-02	2.890368e-03	3.764480e-04	1.664885e-07	1.884570e-05	3.556344e-07
121	2.450000e-01	3.282500e-02	7.200000e-04	2.720000e-04	1.159680e-07	2.752000e-05	-3.225600e-08
122	2.450000e-01	3.282500e-02	7.200000e-04	2.720000e-04	1.159680e-07	2.752000e-05	-3.225600e-08
123	2.163787e-01	2.195804e-02	1.383618e-04	6.993370e-06	7.165817e-11	-6.188384e-07	-2.053984e-10
124	2.500000e-01	3.530000e-02	3.600000e-04	4.000000e-05	1.344000e-09	3.520000e-06	-4.608000e-09
125	2.500000e-01	3.530000e-02	3.600000e-04	4.000000e-05	1.344000e-09	3.520000e-06	-4.608000e-09
126	2.500000e-01	3.530000e-02	3.600000e-04	4.000000e-05	1.344000e-09	3.520000e-06	-4.608000e-09
127	2.578875e-01	3.947757e-02	2.919954e-03	6.898190e-04	9.702152e-07	1.355319e-04	-1.309916e-07
128	2.250000e-01	2.542500e-02	8.100000e-04	9.000000e-05	6.804000e-09	2.970000e-06	-2.332800e-08
129	2.250000e-01	2.542500e-02	8.100000e-04	9.000000e-05	6.804000e-09	2.970000e-06	-2.332800e-08
130	2.314050e-01	2.732054e-02	0.000000e+00	0.000000e+00	0.000000e+00	0.000000e+00	0.000000e+00
131	2.314050e-01	2.732054e-02	0.000000e+00	0.000000e+00	0.000000e+00	0.000000e+00	0.000000e+00
132	2.314050e-01	2.732054e-02	0.000000e+00	0.000000e+00	0.000000e+00	0.000000e+00	0.000000e+00
133	2.314050e-01	2.732054e-02	0.000000e+00	0.000000e+00	0.000000e+00	0.000000e+00	0.000000e+00
134	2.314050e-01	2.732054e-02	0.000000e+00	0.000000e+00	0.000000e+00	0.000000e+00	0.000000e+00
135	3.032070e-01	7.194281e-02	1.115142e-03	1.048729e-04	-3.586411e-08	-2.812918e-05	-6.900043e-22
136	3.032070e-01	7.194281e-02	1.115142e-03	1.048729e-04	-3.586411e-08	-2.812918e-05	-6.900043e-22
137	2.734375e-01	4.937744e-02	2.145767e-03	7.419586e-04	8.473035e-07	1.277775e-04	-3.981404e-07
138	2.249657e-01	2.784881e-02	6.840113e-04	2.937377e-04	1.312759e-07	4.899544e-05	-1.011797e-08
139	2.100000e-01	2.250000e-02	0.000000e+00	0.000000e+00	0.000000e+00	0.000000e+00	0.000000e+00
140	2.100000e-01	2.250000e-02	0.000000e+00	0.000000e+00	0.000000e+00	0.000000e+00	0.000000e+00
141	2.100000e-01	2.250000e-02	0.000000e+00	0.000000e+00	0.000000e+00	0.000000e+00	0.000000e+00
142	2.100000e-01	2.250000e-02	0.000000e+00	0.000000e+00	0.000000e+00	0.000000e+00	0.000000e+00
143	2.249657e-01	2.784881e-02	6.840113e-04	2.937377e-04	1.312759e-07	4.899544e-05	-1.011797e-08
144	2.249657e-01	2.784881e-02	6.840113e-04	2.937377e-04	1.312759e-07	4.899544e-05	-1.011797e-08
145	2.249657e-01	2.784881e-02	6.840113e-04	2.937377e-04	1.312759e-07	4.899544e-05	-1.011797e-08
146	2.283997e-01	2.511909e-02	3.101214e-04	4.738443e-05	3.244392e-11	-1.993641e-06	-5.743973e-09
147	2.650000e-01	4.062500e-02	0.000000e+00	0.000000e+00	0.000000e+00	-0.000000e+00	0.000000e+00
148	2.650000e-01	4.062500e-02	0.000000e+00	0.000000e+00	0.000000e+00	-0.000000e+00	0.000000e+00
149	2.414266e-01	3.010682e-02	1.322852e-03	1.148623e-04	-2.678703e-08	-1.757040e-05	-3.587657e-08
150	2.414266e-01	3.010682e-02	1.322852e-03	1.148623e-04	-2.678703e-08	-1.757040e-05	-3.587657e-08
151	2.050000e-01	1.722500e-02	1.440000e-04	1.600000e-05	7.680000e-10	6.400000e-07	-7.063386e-22
152	2.208866e-01	2.037751e-02	1.192775e-03	1.007741e-04	-3.493835e-08	-1.438548e-05	-2.326195e-21
153	2.208866e-01	2.037751e-02	1.192775e-03	1.007741e-04	-3.493835e-08	-1.438548e-05	-2.326195e-21
154	2.688615e-01	4.410650e-02	1.440192e-03	1.236692e-04	-4.690501e-08	-2.191408e-05	-2.288909e-08
155	2.688615e-01	4.410650e-02	1.440192e-03	1.236692e-04	-4.690501e-08	-2.191408e-05	-2.288909e-08
156	2.688615e-01	4.410650e-02	1.440192e-03	1.236692e-04	-4.690501e-08	-2.191408e-05	-2.288909e-08
157	2.340000e-01	2.771600e-02	1.004544e-03	2.263040e-04	1.013145e-07	3.152282e-05	-3.711959e-08
158	2.340000e-01	2.771600e-02	1.004544e-03	2.263040e-04	1.013145e-07	3.152282e-05	-3.711959e-08
159	2.414266e-01	3.362932e-02	1.315883e-03	1.175570e-04	-3.374343e-08	-2.045418e-05	-3.160951e-08
160	2.170000e-01	2.356900e-02	1.202688e-03	1.889280e-04	6.669494e-08	1.470874e-05	6.051594e-08
161	2.100000e-01	1.690000e-02	2.088000e-03	2.320000e-04	-7.872000e-09	-1.216000e-05	1.612800e-07
162	2.414266e-01	3.010682e-02	1.322852e-03	1.148623e-04	-2.678703e-08	-1.757040e-05	3.587657e-08
163	2.414266e-01	3.010682e-02	1.322852e-03	1.148623e-04	-2.678703e-08	-1.757040e-05	3.587657e-08
164	2.414266e-01	3.010682e-02	1.322852e-03	1.148623e-04	-2.678703e-08	-1.757040e-05	3.587657e-08
165	2.414266e-01	3.010682e-02	1.322852e-03	1.148623e-04	-2.678703e-08	-1.757040e-05	3.587657e-08
166	2.359396e-01	2.965522e-02	1.652984e-04	1.898299e-04	3.235607e-08	2.922029e-05	-9.155596e-09
167	2.359396e-01	2.965522e-02	1.652984e-04	1.898299e-04	3.235607e-08	2.922029e-05	-9.155596e-09
168	2.359396e-01	2.965522e-02	1.652984e-04	1.898299e-04	3.235607e-08	2.922029e-05	-9.155596e-09
169	2.194787e-01	2.784881e-02	5.704396e-04	1.244126e-04	2.884767e-08	1.315726e-05	-1.631930e-08
170	2.194787e-01	2.784881e-02	5.704396e-04	1.244126e-04	2.884767e-08	1.315726e-05	-1.631930e-08
171	2.250000e-01	3.062500e-02	0.000000e+00	0.000000e+00	0.000000e+00	0.000000e+00	0.000000e+00
172	2.250000e-01	3.062500e-02	0.000000e+00	0.000000e+00	0.000000e+00	0.000000e+00	0.000000e+00
173	2.250000e-01	3.062500e-02	0.000000e+00	0.000000e+00	0.000000e+00	0.000000e+00	0.000000e+00
174	2.250000e-01	3.062500e-02	0.000000e+00	0.000000e+00	0.000000e+00	0.000000e+00	0.000000e+00
175	2.250000e-01	3.062500e-02	0.000000e+00	0.000000e+00	0.000000e+00	0.000000e+00	0.000000e+00
176	2.194787e-01	2.784881e-02	5.704396e-04	1.244126e-04	2.884767e-08	1.315726e-05	1.631930e-08
177	2.194787e-01	2.784881e-02	5.704396e-04	1.244126e-04	2.884767e-08	1.315726e-05	1.631930e-08
178	2.194787e-01	2.784881e-02	5.704396e-04	1.244126e-04	2.884767e-08	1.315726e-05	1.631930e-08
179	2.194787e-01	2.784881e-02	5.704396e-04	1.244126e-04	2.884767e-08	1.315726e-05	1.631930e-08
180	3.125000e-01	9.765625e-02	0.000000e+00	0.000000e+00	0.000000e+00	0.000000e+00	0.000000e+00
181	2.194787e-01	2.784881e-02	5.704396e-04	1.244126e-04	2.884767e-08	1.315726e-05	1.631930e-08
182	2.194787e-01	2.784881e-02	5.704396e-04	1.244126e-04	2.884767e-08	1.315726e-05	1.631930e-08
183	2.250000e-01	3.062500e-02	0.000000e+00	0.000000e+00	0.000000e+00	0.000000e+00	0.000000e+00
184	2.250000e-01	3.062500e-02	0.000000e+00	0.000000e+00	0.000000e+00	0.000000e+00	0.000000e+00
185	2.250000e-01	3.062500e-02	0.000000e+00	0.000000e+00	0.000000e+00	0.000000e+00	0.000000e+00
186	2.250000e-01	3.062500e-02	0.000000e+00	0.000000e+00	0.000000e+00	0.000000e+00	0.000000e+00
187	2.250000e-01	3.062500e-02	0.000000e+00	0.000000e+00	0.000000e+00	0.000000e+00	0.000000e+00
188	2.250000e-01	3.062500e-02	0.000000e+00	0.000000e+00	0.000000e+00	0.000000e+00	0.000000e+00
189	2.250000e-01	3.062500e-02	0.000000e+00	0.000000e+00	0.000000e+00	0.000000e+00	0.000000e+00
190	2.250000e-01	3.062500e-02	0.000000e+00	0.000000e+00	0.000000e+00	0.000000e+00	0.000000e+00
191	2.250000e-01	3.062500e-02	0.000000e+00	0.000000e+00	0.000000e+00	0.000000e+00	0.000000e+00
192	2.410000e-01	3.168100e-02	1.737216e-03	3.036160e-04	7.748950e-08	-1.091174e-05	2.064384e-07
193	2.410000e-01	3.168100e-02	1.737216e-03	3.036160e-04	7.748950e-08	-1.091174e-05	2.064384e-07
194	2.490000e-01	3.720100e-02	4.343040e-04	7.590400e-05	4.843094e-09	2.969600e-08	1.290240e-08
195	2.490000e-01	3.720100e-02	4.343040e-04	7.590400e-05	4.843094e-09	2.969600e-08	1.290240e-08
196	2.490000e-01	3.720100e-02	4.343040e-04	7.590400e-05	4.843094e-09	2.969600e-08	1.290240e-08
197	2.490000e-01	3.720100e-02	4.343040e-04	7.590400e-05	4.843094e-09	2.969600e-08	1.290240e-08
198	2.148760e-01	2.322246e-02	0.000000e+00	0.000000e+00	0.000000e+00	0.000000e+00	0.000000e+00
199	2.490000e-01	3.720100e-02	4.343040e-04	7.590400e-05	4.843094e-09	2.969600e-08	1.290240e-08
200	2.490000e-01	3.720100e-02	4.343040e-04	7.590400e-05	4.843094e-09	2.969600e-08	1.290240e-08
201	2.490000e-01	3.720100e-02	4.343040e-04	7.590400e-05	4.843094e-09	2.969600e-08	1.290240e-08
202	2.524005e-01	4.094528e-02	4.027149e-04	8.380558e-05	1.438790e-08	1.445605e-05	-5.479556e-09
203	2.170000e-01	2.356900e-02	1.202688e-03	1.889280e-04	6.669494e-08	1.470874e-05	-6.051594e-08
204	2.170000e-01	2.356900e-02	1.202688e-03	1.889280e-04	6.669494e-08	1.470874e-05	-6.051594e-08
205	2.163787e-01	2.195804e-02	1.383618e-04	6.993370e-06	7.165817e-11	-6.188384e-07	-2.053984e-10
206	2.163787e-01	2.195804e-02	1.383618e-04	6.993370e-06	7.165817e-11	-6.188384e-07	-2.053984e-10
207	2.688615e-01	4.410650e-02	1.440192e-03	1.236692e-04	-4.690501e-08	-2.191408e-05	2.288909e-08
208	2.688615e-01	4.410650e-02	1.440192e-03	1.236692e-04	-4.690501e-08	-2.191408e-05	2.288909e-08
209	2.688615e-01	4.410650e-02	1.440192e-03	1.236692e-04	-4.690501e-08	-2.191408e-05	2.288909e-08
210	2.370000e-01	2.752900e-02	2.890368e-03	3.764480e-04	1.664885e-07	1.884570e-05	3.556344e-07
211	2.450000e-01	3.282500e-02	7.200000e-04	2.720000e-04	1.159680e-07	2.752000e-05	-3.225600e-08
212	2.450000e-01	3.282500e-02	7.200000e-04	2.720000e-04	1.159680e-07	2.752000e-05	-3.225600e-08
213	2.163787e-01	2.195804e-02	1.383618e-04	6.993370e-06	7.165817e-11	-6.188384e-07	-2.053984e-10
214	2.500000e-01	3.530000e-02	3.600000e-04	4.000000e-05	1.344000e-09	3.520000e-06	-4.608000e-09
215	2.500000e-01	3.530000e-02	3.600000e-04	4.000000e-05	1.344000e-09	3.520000e-06	-4.608000e-09
216	2.500000e-01	3.530000e-02	3.600000e-04	4.000000e-05	1.344000e-09	3.520000e-06	-4.608000e-09
217	2.578875e-01	3.947757e-02	2.919954e-03	6.898190e-04	9.702152e-07	1.355319e-04	-1.309916e-07
218	2.250000e-01	2.542500e-02	8.100000e-04	9.000000e-05	6.804000e-09	2.970000e-06	-2.332800e-08
219	2.250000e-01	2.542500e-02	8.100000e-04	9.000000e-05	6.804000e-09	2.970000e-06	-2.332800e-08
220	2.314050e-01	2.732054e-02	0.000000e+00	0.000000e+00	0.000000e+00	0.000000e+00	0.000000e+00
221	2.314050e-01	2.732054e-02	0.000000e+00	0.000000e+00	0.000000e+00	0.000000e+00	0.000000e+00
222	2.314050e-01	2.732054e-02	0.000000e+00	0.000000e+00	0.000000e+00	0.000000e+00	0.000000e+00
223	2.314050e-01	2.732054e-02	0.000000e+00	0.000000e+00	0.000000e+00	0.000000e+00	0.000000e+00
224	2.314050e-01	2.732054e-02	0.000000e+00	0.000000e+00	0.000000e+00	0.000000e+00	0.000000e+00
225	3.032070e-01	7.194281e-02	1.115142e-03	1.048729e-04	-3.586411e-08	-2.812918e-05	9.938867e-21
226	3.032070e-01	7.194281e-02	1.115142e-03	1.048729e-04	-3.586411e-08	-2.812918e-05	9.938867e-21
227	2.734375e-01	4.937744e-02	2.145767e-03	7.419586e-04	8.473035e-07	1.277775e-04	-3.981404e-07
228	2.249657e-01	2.784881e-02	6.840113e-04	2.937377e-04	1.312759e-07	4.899544e-05	-1.011797e-08
229	2.100000e-01	2.250000e-02	0.000000e+00	0.000000e+00	0.000000e+00	0.000000e+00	0.000000e+00
230	2.100000e-01	2.250000e-02	0.000000e+00	0.000000e+00	0.000000e+00	0.000000e+00	0.000000e+00
231	2.100000e-01	2.250000e-02	0.000000e+00	0.000000e+00	0.000000e+00	0.000000e+00	0.000000e+00
232	2.100000e-01	2.250000e-02	0.000000e+00	0.000000e+00	0.000000e+00	0.000000e+00	0.000000e+00
233	2.249657e-01	2.784881e-02	6.840113e-04	2.937377e-04	1.312759e-07	4.899544e-05	-1.011797e-08
234	2.249657e-01	2.784881e-02	6.840113e-04	2.937377e-04	1.312759e-07	4.899544e-05	-1.011797e-08
235	2.249657e-01	2.784881e-02	6.840113e-04	2.937377e-04	1.312759e-07	4.899544e-05	-1.011797e-08
236	2.283997e-01	2.511909e-02	3.101214e-04	4.738443e-05	3.244392e-11	-1.993641e-06	-5.743973e-09
237	2.650000e-01	4.062500e-02	0.000000e+00	0.000000e+00	0.000000e+00	0.000000e+00	0.000000e+00
238	2.650000e-01	4.062500e-02	0.000000e+00	0.000000e+00	0.000000e+00	0.000000e+00	0.000000e+00
239	2.414266e-01	3.010682e-02	1.322852e-03	1.148623e-04	-2.678703e-08	-1.757040e-05	-3.587657e-08
240	2.414266e-01	3.010682e-02	1.322852e-03	1.148623e-04	-2.678703e-08	-1.757040e-05	-3.587657e-08
241	2.050000e-01	1.722500e-02	1.440000e-04	1.600000e-05	7.680000e-10	6.400000e-07	-9.235224e-23
242	2.208866e-01	2.037751e-02	1.192775e-03	1.007741e-04	-3.493835e-08	-1.438548e-05	1.774463e-21
243	2.208866e-01	2.037751e-02	1.192775e-03	1.007741e-04	-3.493835e-08	-1.438548e-05	1.774463e-21
244	2.688615e-01	4.410650e-02	1.440192e-03	1.236692e-04	-4.690501e-08	-2.191408e-05	-2.288909e-08
245	2.688615e-01	4.410650e-02	1.440192e-03	1.236692e-04	-4.690501e-08	-2.191408e-05	-2.288909e-08
246	2.688615e-01	4.410650e-02	1.440192e-03	1.236692e-04	-4.690501e-08	-2.191408e-05	-2.288909e-08
247	2.340000e-01	2.771600e-02	1.004544e-03	2.263040e-04	1.013145e-07	3.152282e-05	-3.711959e-08
248	2.340000e-01	2.771600e-02	1.004544e-03	2.263040e-04	1.013145e-07	3.152282e-05	-3.711959e-08
249	2.414266e-01	3.362932e-02	1.315883e-03	1.175570e-04	-3.374343e-08	-2.045418e-05	-3.160951e-08
250	2.170000e-01	2.356900e-02	1.202688e-03	1.889280e-04	6.669494e-08	1.470874e-05	6.051594e-08
251	2.100000e-01	1.690000e-02	2.088000e-03	2.320000e-04	-7.872000e-09	-1.216000e-05	1.612800e-07
252	2.414266e-01	3.010682e-02	1.322852e-03	1.148623e-04	-2.678703e-08	-1.757040e-05	3.587657e-08
253	2.414266e-01	3.010682e-02	1.322852e-03	1.148623e-04	-2.678703e-08	-1.757040e-05	3.587657e-08
254	2.414266e-01	3.010682e-02	1.322852e-03	1.148623e-04	-2.678703e-08	-1.757040e-05	3.587657e-08
255	2.414266e-01	3.010682e-02	1.322852e-03	1.148623e-04	-2.678703e-08	-1.757040e-05	3.587657e-08
256	2.359396e-01	2.965522e-02	1.652984e-04	1.898299e-04	3.235607e-08	2.922029e-05	-9.155596e-09
257	2.359396e-01	2.965522e-02	1.652984e-04	1.898299e-04	3.235607e-08	2.922029e-05	-9.155596e-09
258	2.359396e-01	2.965522e-02	1.652984e-04	1.898299e-04	3.235607e-08	2.922029e-05	-9.155596e-09
259	2.194787e-01	2.784881e-02	5.704396e-04	1.244126e-04	2.884767e-08	1.315726e-05	-1.631930e-08
260	2.194787e-01	2.784881e-02	5.704396e-04	1.244126e-04	2.884767e-08	1.315726e-05	-1.631930e-08
261	2.250000e-01	3.062500e-02	0.000000e+00	0.000000e+00	0.000000e+00	0.000000e+00	0.000000e+00
262	2.250000e-01	3.062500e-02	0.000000e+00	0.000000e+00	0.000000e+00	0.000000e+00	0.000000e+00
263	2.250000e-01	3.062500e-02	0.000000e+00	0.000000e+00	0.000000e+00	0.000000e+00	0.000000e+00
264	2.250000e-01	3.062500e-02	0.000000e+00	0.000000e+00	0.000000e+00	0.000000e+00	0.000000e+00
265	2.250000e-01	3.062500e-02	0.000000e+00	0.000000e+00	0.000000e+00	0.000000e+00	0.000000e+00
266	2.194787e-01	2.784881e-02	5.704396e-04	1.244126e-04	2.884767e-08	1.315726e-05	1.631930e-08
267	2.194787e-01	2.784881e-02	5.704396e-04	1.244126e-04	2.884767e-08	1.315726e-05	1.631930e-08
268	2.194787e-01	2.784881e-02	5.704396e-04	1.244126e-04	2.884767e-08	1.315726e-05	1.631930e-08
269	2.194787e-01	2.784881e-02	5.704396e-04	1.244126e-04	2.884767e-08	1.315726e-05	1.631930e-08
270	3.125000e-01	9.765625e-02	0.000000e+00	0.000000e+00	0.000000e+00	0.000000e+00	0.000000e+00
271	2.194787e-01	2.784881e-02	5.704396e-04	1.244126e-04	2.884767e-08	1.315726e-05	1.631930e-08
272	2.194787e-01	2.784881e-02	5.704396e-04	1.244126e-04	2.884767e-08	1.315726e-05	1.631930e-08
273	2.250000e-01	3.062500e-02	0.000000e+00	0.000000e+00	0.000000e+00	0.000000e+00	0.000000e+00
274	2.250000e-01	3.062500e-02	0.000000e+00	0.000000e+00	0.000000e+00	0.000000e+00	0.000000e+00
275	2.250000e-01	3.062500e-02	0.000000e+00	0.000000e+00	0.000000e+00	0.000000e+00	0.000000e+00
276	2.250000e-01	3.062500e-02	0.000000e+00	0.000000e+00	0.000000e+00	0.000000e+00	0.000000e+00
277	2.250000e-01	3.062500e-02	0.000000e+00	0.000000e+00	0.000000e+00	0.000000e+00	0.000000e+00
278	2.250000e-01	3.062500e-02	0.000000e+00	0.000000e+00	0.000000e+00	0.000000e+00	0.000000e+00
279	2.250000e-01	3.062500e-02	0.000000e+00	0.000000e+00	0.000000e+00	0.000000e+00	0.000000e+00
280	2.250000e-01	3.062500e-02	0.000000e+00	0.000000e+00	0.000000e+00	0.000000e+00	0.000000e+00
281	2.250000e-01	3.062500e-02	0.000000e+00	0.000000e+00	0.000000e+00	0.000000e+00	0.000000e+00
282	2.410000e-01	3.168100e-02	1.737216e-03	3.036160e-04	7.748950e-08	-1.091174e-05	2.064384e-07
283	2.410000e-01	3.168100e-02	1.737216e-03	3.036160e-04	7.748950e-08	-1.091174e-05	2.064384e-07
284	2.490000e-01	3.720100e-02	4.343040e-04	7.590400e-05	4.843094e-09	2.969600e-08	1.290240e-08
285	2.490000e-01	3.720100e-02	4.343040e-04	7.590400e-05	4.843094e-09	2.969600e-08	1.290240e-08
286	2.490000e-01	3.720100e-02	4.343040e-04	7.590400e-05	4.843094e-09	2.969600e-08	1.290240e-08
287	2.490000e-01	3.720100e-02	4.343040e-04	7.590400e-05	4.843094e-09	2.969600e-08	1.290240e-08
288	2.148760e-01	2.322246e-02	0.000000e+00	0.000000e+00	0.000000e+00	0.000000e+00	0.000000e+00
289	2.490000e-01	3.720100e-02	4.343040e-04	7.590400e-05	4.843094e-09	2.969600e-08	1.290240e-08
290	2.490000e-01	3.720100e-02	4.343040e-04	7.590400e-05	4.843094e-09	2.969600e-08	1.290240e-08
291	2.490000e-01	3.720100e-02	4.343040e-04	7.590400e-05	4.843094e-09	2.969600e-08	1.290240e-08
292	2.524005e-01	4.094528e-02	4.027149e-04	8.380558e-05	1.438790e-08	1.445605e-05	-5.479556e-09
293	2.170000e-01	2.356900e-02	1.202688e-03	1.889280e-04	6.669494e-08	1.470874e-05	-6.051594e-08
294	2.170000e-01	2.356900e-02	1.202688e-03	1.889280e-04	6.669494e-08	1.470874e-05	-6.051594e-08
295	2.163787e-01	2.195804e-02	1.383618e-04	6.993370e-06	7.165817e-11	-6.188384e-07	-2.053984e-10
296	2.163787e-01	2.195804e-02	1.383618e-04	6.993370e-06	7.165817e-11	-6.188384e-07	-2.053984e-10
297	2.688615e-01	4.410650e-02	1.440192e-03	1.236692e-04	-4.690501e-08	-2.191408e-05	2.288909e-08
298	2.688615e-01	4.410650e-02	1.440192e-03	1.236692e-04	-4.690501e-08	-2.191408e-05	2.288909e-08
299	2.688615e-01	4.410650e-02	1.440192e-03	1.236692e-04	-4.690501e-08	-2.191408e-05	2.288909e-08
300	2.370000e-01	2.752900e-02	2.890368e-03	3.764480e-04	1.664885e-07	1.884570e-05	3.556344e-07
301	2.450000e-01	3.282500e-02	7.200000e-04	2.720000e-04	1.159680e-07	2.752000e-05	-3.225600e-08
302	2.450000e-01	3.282500e-02	7.200000e-04	2.720000e-04	1.159680e-07	2.752000e-05	-3.225600e-08
303	2.163787e-01	2.195804e-02	1.383618e-04	6.993370e-06	7.165817e-11	-6.188384e-07	-2.053984e-10
304	2.500000e-01	3.530000e-02	3.600000e-04	4.000000e-05	1.344000e-09	3.520000e-06	-4.608000e-09
305	2.500000e-01	3.530000e-02	3.600000e-04	4.000000e-05	1.344000e-09	3.520000e-06	-4.608000e-09
306	2.500000e-01	3.530000e-02	3.600000e-04	4.000000e-05	1.344000e-09	3.520000e-06	-4.608000e-09
307	2.578875e-01	3.947757e-02	2.919954e-03	6.898190e-04	9.702152e-07	1.355319e-04	-1.309916e-07
308	2.250000e-01	2.542500e-02	8.100000e-04	9.000000e-05	6.804000e-09	2.970000e-06	-2.332800e-08
309	2.250000e-01	2.542500e-02	8.100000e-04	9.000000e-05	6.804000e-09	2.970000e-06	-2.332800e-08
310	2.314050e-01	2.732054e-02	0.000000e+00	0.000000e+00	0.000000e+00	0.000000e+00	0.000000e+00
311	2.314050e-01	2.732054e-02	0.000000e+00	0.000000e+00	0.000000e+00	0.000000e+00	0.000000e+00
312	2.314050e-01	2.732054e-02	0.000000e+00	0.000000e+00	0.000000e+00	0.000000e+00	0.000000e+00
313	2.314050e-01	2.732054e-02	0.000000e+00	0.000000e+00	0.000000e+00	0.000000e+00	0.000000e+00
314	2.314050e-01	2.732054e-02	0.000000e+00	0.000000e+00	0.000000e+00	0.000000e+00	0.000000e+00
315	3.032070e-01	7.194281e-02	1.115142e-03	1.048729e-04	-3.586411e-08	-2.812918e-05	1.132365e-23
316	3.032070e-01	7.194281e-02	1.115142e-03	1.048729e-04	-3.586411e-08	-2.812918e-05	1.132365e-23
317	2.734375e-01	4.937744e-02	2.145767e-03	7.419586e-04	8.473035e-07	1.277775e-04	-3.981404e-07
318	2.249657e-01	2.784881e-02	6.840113e-04	2.937377e-04	1.312759e-07	4.899544e-05	-1.011797e-08
319	2.100000e-01	2.250000e-02	0.000000e+00	0.000000e+00	0.000000e+00	0.000000e+00	0.000000e+00
320	2.100000e-01	2.250000e-02	0.000000e+00	0.000000e+00	0.000000e+00	0.000000e+00	0.000000e+00
321	2.100000e-01	2.250000e-02	0.000000e+00	0.000000e+00	0.000000e+00	0.000000e+00	0.000000e+00
322	2.100000e-01	2.250000e-02	0.000000e+00	0.000000e+00	0.000000e+00	0.000000e+00	0.000000e+00
323	2.249657e-01	2.784881e-02	6.840113e-04	2.937377e-04	1.312759e-07	4.899544e-05	-1.011797e-08
324	2.249657e-01	2.784881e-02	6.840113e-04	2.937377e-04	1.312759e-07	4.899544e-05	-1.011797e-08
325	2.249657e-01	2.784881e-02	6.840113e-04	2.937377e-04	1.312759e-07	4.899544e-05	-1.011797e-08
326	2.283997e-01	2.511909e-02	3.101214e-04	4.738443e-05	3.244392e-11	-1.993641e-06	-5.743973e-09
327	2.650000e-01	4.062500e-02	0.000000e+00	0.000000e+00	0.000000e+00	-0.000000e+00	0.000000e+00
328	2.650000e-01	4.062500e-02	0.000000e+00	0.000000e+00	0.000000e+00	-0.000000e+00	0.000000e+00
329	2.414266e-01	3.010682e-02	1.322852e-03	1.148623e-04	-2.678703e-08	-1.757040e-05	-3.587657e-08
330	2.414266e-01	3.010682e-02	1.322852e-03	1.148623e-04	-2.678703e-08	-1.757040e-05	-3.587657e-08
331	2.050000e-01	1.722500e-02	1.440000e-04	1.600000e-05	7.680000e-10	6.400000e-07	4.311269e-22
332	2.208866e-01	2.037751e-02	1.192775e-03	1.007741e-04	-3.493835e-08	-1.438548e-05	3.219954e-21
333	2.208866e-01	2.037751e-02	1.192775e-03	1.007741e-04	-3.493835e-08	-1.438548e-05	3.219954e-21
334	2.688615e-01	4.410650e-02	1.440192e-03	1.236692e-04	-4.690501e-08	-2.191408e-05	-2.288909e-08
335	2.688615e-01	4.410650e-02	1.440192e-03	1.236692e-04	-4.690501e-08	-2.191408e-05	-2.288909e-08
336	2.688615e-01	4.410650e-02	1.440192e-03	1.236692e-04	-4.690501e-08	-2.191408e-05	-2.288909e-08
337	2.340000e-01	2.771600e-02	1.004544e-03	2.263040e-04	1.013145e-07	3.152282e-05	-3.711959e-08
338	2.340000e-01	2.771600e-02	1.004544e-03	2.263040e-04	1.013145e-07	3.152282e-05	-3.711959e-08
339	2.414266e-01	3.362932e-02	1.315883e-03	1.175570e-04	-3.374343e-08	-2.045418e-05	-3.160951e-08
340	2.170000e-01	2.356900e-02	1.202688e-03	1.889280e-04	6.669494e-08	1.470874e-05	6.051594e-08
341	2.100000e-01	1.690000e-02	2.088000e-03	2.320000e-04	-7.872000e-09	-1.216000e-05	1.612800e-07
342	2.414266e-01	3.010682e-02	1.322852e-03	1.148623e-04	-2.678703e-08	-1.757040e-05	3.587657e-08
343	2.414266e-01	3.010682e-02	1.322852e-03	1.148623e-04	-2.678703e-08	-1.757040e-05	3.587657e-08
344	2.414266e-01	3.010682e-02	1.322852e-03	1.148623e-04	-2.678703e-08	-1.757040e-05	3.587657e-08
345	2.414266e-01	3.010682e-02	1.322852e-03	1.148623e-04	-2.678703e-08	-1.757040e-05	3.587657e-08
346	2.359396e-01	2.965522e-02	1.652984e-04	1.898299e-04	3.235607e-08	2.922029e-05	-9.155596e-09
347	2.359396e-01	2.965522e-02	1.652984e-04	1.898299e-04	3.235607e-08	2.922029e-05	-9.155596e-09
348	2.359396e-01	2.965522e-02	1.652984e-04	1.898299e-04	3.235607e-08	2.922029e-05	-9.155596e-09
349	2.194787e-01	2.784881e-02	5.704396e-04	1.244126e-04	2.884767e-08	1.315726e-05	-1.631930e-08
350	2.194787e-01	2.784881e-02	5.704396e-04	1.244126e-04	2.884767e-08	1.315726e-05	-1.631930e-08
351	2.250000e-01	3.062500e-02	0.000000e+00	0.000000e+00	0.000000e+00	0.000000e+00	0.000000e+00
352	2.250000e-01	3.062500e-02	0.000000e+00	0.000000e+00	0.000000e+00	0.000000e+00	0.000000e+00
353	2.250000e-01	3.062500e-02	0.000000e+00	0.000000e+00	0.000000e+00	0.000000e+00	0.000000e+00
354	2.250000e-01	3.062500e-02	0.000000e+00	0.000000e+00	0.000000e+00	0.000000e+00	0.000000e+00
355	2.250000e-01	3.062500e-02	0.000000e+00	0.000000e+00	0.000000e+00	0.000000e+00	0.000000e+00
356	2.194787e-01	2.784881e-02	5.704396e-04	1.244126e-04	2.884767e-08	1.315726e-05	1.631930e-08
357	2.194787e-01	2.784881e-02	5.704396e-04	1.244126e-04	2.884767e-08	1.315726e-05	1.631930e-08
358	2.194787e-01	2.784881e-02	5.704396e-04	1.244126e-04	2.884767e-08	1.315726e-05	1.631930e-08
359	2.194787e-01	2.784881e-02	5.704396e-04	1.244126e-04	2.884767e-08	1.315726e-05	1.631930e-08
