0	2.453704e-01	5.679870e-03	1.540035e-02	4.635980e-04	-7.576151e-07	8.526346e-07	9.800398e-07
1	1.932870e-01	1.898202e-03	3.947114e-03	2.313277e-06	-1.802080e-10	4.340552e-08	1.280081e-10
2	1.948111e-01	1.591942e-03	4.280018e-03	9.412797e-06	-1.885252e-09	-2.876976e-07	1.236110e-10
3	1.869534e-01	2.048599e-03	3.080580e-03	4.491544e-05	1.998590e-09	1.316826e-06	1.658746e-08
4	1.869534e-01	2.048599e-03	3.080580e-03	4.491544e-05	1.998590e-09	1.316826e-06	1.658746e-08
5	1.869534e-01	2.048599e-03	3.080580e-03	4.491544e-05	1.998590e-09	1.316826e-06	1.658746e-08
6	1.869534e-01	2.048599e-03	3.080580e-03	4.491544e-05	1.998590e-09	1.316826e-06	1.658746e-08
7	1.869534e-01	2.048599e-03	3.080580e-03	4.491544e-05	1.998590e-09	1.316826e-06	1.658746e-08
8	1.869534e-01	2.048599e-03	3.080580e-03	4.491544e-05	1.998590e-09	1.316826e-06	1.658746e-08
9	1.869534e-01	2.048599e-03	3.080580e-03	4.491544e-05	1.998590e-09	1.316826e-06	1.658746e-08
10	1.869534e-01	2.048599e-03	3.080580e-03	4.491544e-05	1.998590e-09	1.316826e-06	1.658746e-08
11	1.869534e-01	2.048599e-03	3.080580e-03	4.491544e-05	1.998590e-09	1.316826e-06	1.658746e-08
12	1.840379e-01	1.621481e-03	1.035800e-03	3.802015e-05	-5.251141e-09	1.160622e-06	5.417781e-09
13	1.840379e-01	1.621481e-03	1.035800e-03	3.802015e-05	-5.251141e-09	1.160622e-06	5.417781e-09
14	1.782070e-01	3.317203e-03	1.403573e-03	1.098415e-05	-7.359590e-11	-3.443773e-07	-1.361865e-09
15	1.782070e-01	3.317203e-03	1.403573e-03	1.098415e-05	-7.359590e-11	-3.443773e-07	-1.361865e-09
16	1.942420e-01	3.547762e-03	2.808931e-03	4.491544e-05	-1.561995e-08	-9.838455e-07	3.246674e-09
17	1.942420e-01	3.547762e-03	2.808931e-03	4.491544e-05	-1.561995e-08	-9.838455e-07	3.246674e-09
18	1.942420e-01	3.547762e-03	2.808931e-03	4.491544e-05	-1.561995e-08	-9.838455e-07	3.246674e-09
19	2.130178e-01	6.517764e-03	4.693306e-03	3.955472e-05	1.399335e-08	3.102631e-06	9.728193e-09
20	2.130178e-01	6.517764e-03	4.693306e-03	3.955472e-05	1.399335e-08	3.102631e-06	9.728193e-09
21	2.164723e-01	1.730253e-03	6.351988e-03	6.018359e-05	-3.517202e-08	-6.556561e-07	1.214873e-08
22	1.942420e-01	5.133118e-04	3.886548e-03	1.630895e-04	1.027540e-08	2.830933e-06	1.294365e-07
23	1.942420e-01	5.133118e-04	3.886548e-03	1.630895e-04	1.027540e-08	2.830933e-06	1.294365e-07
24	1.942420e-01	5.133118e-04	3.886548e-03	1.630895e-04	1.027540e-08	2.830933e-06	1.294365e-07
25	1.872593e-01	1.016977e-03	2.214021e-03	4.467060e-05	4.161062e-09	1.419212e-06	1.341790e-08
26	1.873178e-01	4.029465e-03	1.925014e-03	6.857503e-05	2.480127e-08	4.174779e-06	2.380922e-09
27	2.123843e-01	8.938092e-03	4.285396e-03	2.722015e-04	2.073519e-07	1.480348e-05	-2.084101e-07
28	2.175694e-01	2.832513e-03	7.568751e-03	1.586777e-04	1.196053e-07	7.753301e-06	1.262296e-07
29	2.175694e-01	2.832513e-03	7.568751e-03	1.586777e-04	1.196053e-07	7.753301e-06	1.262296e-07
30	1.946064e-01	2.068122e-03	4.750574e-03	3.076708e-05	6.594745e-09	8.052527e-07	-9.739995e-09
31	1.807407e-01	1.272977e-03	1.481582e-03	7.543566e-07	2.475350e-11	-1.788104e-08	4.823086e-12
32	1.807407e-01	1.272977e-03	1.481582e-03	7.543566e-07	2.475350e-11	-1.788104e-08	4.823086e-12
33	1.807407e-01	1.272977e-03	1.481582e-03	7.543566e-07	2.475350e-11	-1.788104e-08	4.823086e-12
34	1.942420e-01	2.372656e-03	2.949585e-03	2.099332e-05	-1.432329e-09	-2.206959e-07	-5.023792e-09
35	1.942420e-01	2.372656e-03	2.949585e-03	2.099332e-05	-1.432329e-09	-2.206959e-07	-5.023792e-09
36	1.942420e-01	2.372656e-03	2.949585e-03	2.099332e-05	-1.432329e-09	-2.206959e-07	-5.023792e-09
37	2.210648e-01	2.444755e-03	4.786145e-03	1.803302e-04	9.187775e-08	8.777369e-06	1.400898e-07
38	1.956997e-01	1.148809e-04	4.621741e-03	1.260498e-05	2.682495e-09	1.171058e-07	1.435408e-09
39	1.956997e-01	1.148809e-04	4.621741e-03	1.260498e-05	2.682495e-09	1.171058e-07	1.435408e-09
40	1.920000e-01	9.133827e-04	2.910018e-03	1.521251e-06	-1.012160e-10	-4.597559e-08	1.035247e-22
41	2.044461e-01	2.186722e-03	3.524302e-03	1.789261e-05	-3.586761e-09	-2.258006e-07	-2.706137e-09
42	2.044461e-01	2.186722e-03	3.524302e-03	1.789261e-05	-3.586761e-09	-2.258006e-07	-2.706137e-09
43	1.896296e-01	2.326475e-03	2.419254e-03	7.143626e-05	1.151568e-08	3.240072e-06	2.737383e-08
44	1.921387e-01	2.218783e-03	2.796478e-03	6.852235e-05	-1.276521e-09	6.256257e-07	2.996818e-08
45	2.008102e-01	4.155749e-03	3.373651e-03	2.669145e-04	9.623793e-08	9.907554e-06	2.342887e-07
46	2.008102e-01	4.155749e-03	3.373651e-03	2.669145e-04	9.623793e-08	9.907554e-06	2.342887e-07
47	1.875284e-01	3.924746e-03	1.776576e-03	4.325900e-05	2.507001e-10	1.399509e-06	1.198979e-08
48	1.875284e-01	3.924746e-03	1.776576e-03	4.325900e-05	2.507001e-10	1.399509e-06	1.198979e-08
49	1.875284e-01	3.924746e-03	1.776576e-03	4.325900e-05	2.507001e-10	1.399509e-06	1.198979e-08
50	1.902332e-01	2.244494e-03	3.056186e-03	6.302101e-05	-2.186535e-08	-1.594911e-06	1.693698e-08
51	1.902332e-01	2.244494e-03	3.056186e-03	6.302101e-05	-2.186535e-08	-1.594911e-06	1.693698e-08
52	1.902332e-01	2.244494e-03	3.056186e-03	6.302101e-05	-2.186535e-08	-1.594911e-06	1.693698e-08
53	2.106481e-01	2.255873e-03	5.883885e-03	3.302342e-04	-3.695920e-07	-6.468263e-06	2.744111e-07
54	2.106481e-01	2.255873e-03	5.883885e-03	3.302342e-04	-3.695920e-07	-6.468263e-06	2.744111e-07
55	2.239417e-01	5.602873e-03	6.602900e-03	3.137070e-04	-4.363964e-07	-2.322702e-05	-1.157871e-07
56	2.002963e-01	3.857207e-03	2.166802e-03	6.065484e-05	-1.804451e-08	-3.664552e-06	-1.256651e-08
57	2.157434e-01	5.312412e-03	4.036814e-03	9.045040e-05	1.018050e-08	3.123264e-06	5.369915e-08
58	2.157434e-01	5.312412e-03	4.036814e-03	9.045040e-05	1.018050e-08	3.123264e-06	5.369915e-08
59	1.793003e-01	1.328103e-03	1.358382e-03	4.454682e-05	-5.059358e-09	-1.112388e-07	9.720253e-09
60	1.793003e-01	1.328103e-03	1.358382e-03	4.454682e-05	-5.059358e-09	-1.112388e-07	9.720253e-09
61	1.793003e-01	1.328103e-03	1.358382e-03	4.454682e-05	-5.059358e-09	-1.112388e-07	9.720253e-09
62	1.837037e-01	1.826063e-03	6.679047e-04	6.015343e-05	-5.078472e-09	7.419092e-07	1.093554e-08
63	1.942420e-01	4.306374e-03	1.163232e-03	1.420350e-04	-3.651401e-08	-1.651010e-06	4.471980e-08
64	2.164352e-01	1.022511e-02	2.060398e-03	3.440829e-04	5.366099e-08	2.057210e-05	2.847015e-07
65	2.166591e-01	3.342167e-03	3.269594e-03	3.231121e-04	-2.397608e-07	1.905088e-06	2.298024e-07
66	2.166591e-01	3.342167e-03	3.269594e-03	3.231121e-04	-2.397608e-07	1.905088e-06	2.298024e-07
67	1.931487e-01	2.529240e-03	1.960336e-03	6.972425e-05	-2.329363e-08	1.402055e-07	1.104024e-08
68	1.872593e-01	3.582244e-03	1.228764e-03	1.127180e-04	2.970894e-09	3.438040e-06	4.184390e-08
69	1.814869e-01	1.641004e-03	1.169672e-03	1.489954e-04	-6.425791e-09	2.855081e-06	6.186731e-08
70	1.838871e-01	5.384095e-03	1.772494e-03	1.948948e-04	6.861802e-08	8.818505e-06	9.172312e-08
71	1.747838e-01	2.549925e-03	5.457542e-04	8.360168e-05	-2.903612e-10	5.704429e-07	1.785516e-08
72	1.886574e-01	5.724076e-03	6.649895e-04	8.822081e-05	1.219954e-08	5.348885e-06	1.754317e-08
73	1.886574e-01	5.724076e-03	6.649895e-04	8.822081e-05	1.219954e-08	5.348885e-06	1.754317e-08
74	2.002731e-01	5.990707e-03	2.183942e-03	1.168283e-04	-5.782944e-08	-8.010346e-06	1.175633e-08
75	2.000729e-01	4.359498e-03	2.578766e-03	1.311531e-04	-7.168747e-08	-7.989119e-06	2.604909e-08
76	2.111971e-01	4.107890e-03	4.859542e-03	2.694390e-04	9.319758e-08	1.770228e-06	2.938871e-07
77	2.111971e-01	4.107890e-03	4.859542e-03	2.694390e-04	9.319758e-08	1.770228e-06	2.938871e-07
78	2.111971e-01	4.107890e-03	4.859542e-03	2.694390e-04	9.319758e-08	1.770228e-06	2.938871e-07
79	1.875284e-01	1.134497e-03	4.329073e-03	9.400859e-05	2.302651e-08	1.509015e-06	5.537530e-08
80	1.875284e-01	1.134497e-03	4.329073e-03	9.400859e-05	2.302651e-08	1.509015e-06	5.537530e-08
81	1.869534e-01	2.048599e-03	3.080580e-03	4.491544e-05	1.998590e-09	1.316826e-06	1.658746e-08
82	1.869534e-01	2.048599e-03	3.080580e-03	4.491544e-05	1.998590e-09	1.316826e-06	1.658746e-08
83	1.869534e-01	2.048599e-03	3.080580e-03	4.491544e-05	1.998590e-09	1.316826e-06	1.658746e-08
84	1.869534e-01	2.048599e-03	3.080580e-03	4.491544e-05	1.998590e-09	1.316826e-06	1.658746e-08
85	1.869534e-01	2.048599e-03	3.080580e-03	4.491544e-05	1.998590e-09	1.316826e-06	1.658746e-08
86	1.802458e-01	3.521996e-04	2.268778e-03	3.617804e-05	-8.075162e-09	2.679834e-07	6.497854e-09
87	1.802458e-01	3.521996e-04	2.268778e-03	3.617804e-05	-8.075162e-09	2.679834e-07	6.497854e-09
88	1.802458e-01	3.521996e-04	2.268778e-03	3.617804e-05	-8.075162e-09	2.679834e-07	6.497854e-09
89	1.802458e-01	3.521996e-04	2.268778e-03	3.617804e-05	-8.075162e-09	2.679834e-07	6.497854e-09
90	2.453704e-01	5.679870e-03	1.540035e-02	4.635980e-04	-7.576151e-07	8.526346e-07	9.800398e-07
91	1.932870e-01	1.898202e-03	3.947114e-03	2.313277e-06	-1.802080e-10	4.340552e-08	1.280081e-10
92	1.948111e-01	1.591942e-03	4.280018e-03	9.412797e-06	-1.885252e-09	-2.876976e-07	1.236110e-10
93	1.869534e-01	2.048599e-03	3.080580e-03	4.491544e-05	1.998590e-09	1.316826e-06	1.658746e-08
94	1.869534e-01	2.048599e-03	3.080580e-03	4.491544e-05	1.998590e-09	1.316826e-06	1.658746e-08
95	1.869534e-01	2.048599e-03	3.080580e-03	4.491544e-05	1.998590e-09	1.316826e-06	1.658746e-08
96	1.869534e-01	2.048599e-03	3.080580e-03	4.491544e-05	1.998590e-09	1.316826e-06	1.658746e-08
97	1.869534e-01	2.048599e-03	3.080580e-03	4.491544e-05	1.998590e-09	1.316826e-06	1.658746e-08
98	1.869534e-01	2.048599e-03	3.080580e-03	4.491544e-05	1.998590e-09	1.316826e-06	1.658746e-08
99	1.869534e-01	2.048599e-03	3.080580e-03	4.491544e-05	1.998590e-09	1.316826e-06	1.658746e-08
100	1.869534e-01	2.048599e-03	3.080580e-03	4.491544e-05	1.998590e-09	1.316826e-06	1.658746e-08
101	1.869534e-01	2.048599e-03	3.080580e-03	4.491544e-05	1.998590e-09	1.316826e-06	1.658746e-08
102	1.840379e-01	1.621481e-03	1.035800e-03	3.802015e-05	-5.251141e-09	1.160622e-06	5.417781e-09
103	1.840379e-01	1.621481e-03	1.035800e-03	3.802015e-05	-5.251141e-09	1.160622e-06	5.417781e-09
104	1.782070e-01	3.317203e-03	1.403573e-03	1.098415e-05	-7.359590e-11	-3.443773e-07	-1.361865e-09
105	1.782070e-01	3.317203e-03	1.403573e-03	1.098415e-05	-7.359590e-11	-3.443773e-07	-1.361865e-09
106	1.942420e-01	3.547762e-03	2.808931e-03	4.491544e-05	-1.561995e-08	-9.838455e-07	3.246674e-09
107	1.942420e-01	3.547762e-03	2.808931e-03	4.491544e-05	-1.561995e-08	-9.838455e-07	3.246674e-09
108	1.942420e-01	3.547762e-03	2.808931e-03	4.491544e-05	-1.561995e-08	-9.838455e-07	3.246674e-09
109	2.130178e-01	6.517764e-03	4.693306e-03	3.955472e-05	1.399335e-08	3.102631e-06	9.728193e-09
110	2.130178e-01	6.517764e-03	4.693306e-03	3.955472e-05	1.399335e-08	3.102631e-06	9.728193e-09
111	2.164723e-01	1.730253e-03	6.351988e-03	6.018359e-05	-3.517202e-08	-6.556561e-07	1.214873e-08
112	1.942420e-01	5.133118e-04	3.886548e-03	1.630895e-04	1.027540e-08	2.830933e-06	1.294365e-07
113	1.942420e-01	5.133118e-04	3.886548e-03	1.630895e-04	1.027540e-08	2.830933e-06	1.294365e-07
114	1.942420e-01	5.133118e-04	3.886548e-03	1.630895e-04	1.027540e-08	2.830933e-06	1.294365e-07
115	1.872593e-01	1.016977e-03	2.214021e-03	4.467060e-05	4.161062e-09	1.419212e-06	1.341790e-08
116	1.873178e-01	4.029465e-03	1.925014e-03	6.857503e-05	2.480127e-08	4.174779e-06	2.380922e-09
117	2.123843e-01	8.938092e-03	4.285396e-03	2.722015e-04	2.073519e-07	1.480348e-05	-2.084101e-07
118	2.175694e-01	2.832513e-03	7.568751e-03	1.586777e-04	1.196053e-07	7.753301e-06	1.262296e-07
119	2.175694e-01	2.832513e-03	7.568751e-03	1.586777e-04	1.196053e-07	7.753301e-06	1.262296e-07
120	1.946064e-01	2.068122e-03	4.750574e-03	3.076708e-05	6.594745e-09	8.052527e-07	-9.739995e-09
121	1.807407e-01	1.272977e-03	1.481582e-03	7.543566e-07	2.475350e-11	-1.788104e-08	4.823086e-12
122	1.807407e-01	1.272977e-03	1.481582e-03	7.543566e-07	2.475350e-11	-1.788104e-08	4.823086e-12
123	1.807407e-01	1.272977e-03	1.481582e-03	7.543566e-07	2.475350e-11	-1.788104e-08	4.823086e-12
124	1.942420e-01	2.372656e-03	2.949585e-03	2.099332e-05	-1.432329e-09	-2.206959e-07	-5.023792e-09
125	1.942420e-01	2.372656e-03	2.949585e-03	2.099332e-05	-1.432329e-09	-2.206959e-07	-5.023792e-09
126	1.942420e-01	2.372656e-03	2.949585e-03	2.099332e-05	-1.432329e-09	-2.206959e-07	-5.023792e-09
127	2.210648e-01	2.444755e-03	4.786145e-03	1.803302e-04	9.187775e-08	8.777369e-06	1.400898e-07
128	1.956997e-01	1.148809e-04	4.621741e-03	1.260498e-05	2.682495e-09	1.171058e-07	1.435408e-09
129	1.956997e-01	1.148809e-04	4.621741e-03	1.260498e-05	2.682495e-09	1.171058e-07	1.435408e-09
130	1.920000e-01	9.133827e-04	2.910018e-03	1.521251e-06	-1.012160e-10	-4.597559e-08	-1.557614e-23
131	2.044461e-01	2.186722e-03	3.524302e-03	1.789261e-05	-3.586761e-09	-2.258006e-07	-2.706137e-09
132	2.044461e-01	2.186722e-03	3.524302e-03	1.789261e-05	-3.586761e-09	-2.258006e-07	-2.706137e-09
133	1.896296e-01	2.326475e-03	2.419254e-03	7.143626e-05	1.151568e-08	3.240072e-06	2.737383e-08
134	1.921387e-01	2.218783e-03	2.796478e-03	6.852235e-05	-1.276521e-09	6.256257e-07	2.996818e-08
135	2.008102e-01	4.155749e-03	3.373651e-03	2.669145e-04	9.623793e-08	9.907554e-06	2.342887e-07
136	2.008102e-01	4.155749e-03	3.373651e-03	2.669145e-04	9.623793e-08	9.907554e-06	2.342887e-07
137	1.875284e-01	3.924746e-03	1.776576e-03	4.325900e-05	2.507001e-10	1.399509e-06	1.198979e-08
138	1.875284e-01	3.924746e-03	1.776576e-03	4.325900e-05	2.507001e-10	1.399509e-06	1.198979e-08
139	1.875284e-01	3.924746e-03	1.776576e-03	4.325900e-05	2.507001e-10	1.399509e-06	1.198979e-08
140	1.902332e-01	2.244494e-03	3.056186e-03	6.302101e-05	-2.186535e-08	-1.594911e-06	1.693698e-08
141	1.902332e-01	2.244494e-03	3.056186e-03	6.302101e-05	-2.186535e-08	-1.594911e-06	1.693698e-08
142	1.902332e-01	2.244494e-03	3.056186e-03	6.302101e-05	-2.186535e-08	-1.594911e-06	1.693698e-08
143	2.106481e-01	2.255873e-03	5.883885e-03	3.302342e-04	-3.695920e-07	-6.468263e-06	2.744111e-07
144	2.106481e-01	2.255873e-03	5.883885e-03	3.302342e-04	-3.695920e-07	-6.468263e-06	2.744111e-07
145	2.239417e-01	5.602873e-03	6.602900e-03	3.137070e-04	-4.363964e-07	-2.322702e-05	-1.157871e-07
146	2.002963e-01	3.857207e-03	2.166802e-03	6.065484e-05	-1.804451e-08	-3.664552e-06	-1.256651e-08
147	2.157434e-01	5.312412e-03	4.036814e-03	9.045040e-05	1.018050e-08	3.123264e-06	5.369915e-08
148	2.157434e-01	5.312412e-03	4.036814e-03	9.045040e-05	1.018050e-08	3.123264e-06	5.369915e-08
149	1.793003e-01	1.328103e-03	1.358382e-03	4.454682e-05	-5.059358e-09	-1.112388e-07	9.720253e-09
150	1.793003e-01	1.328103e-03	1.358382e-03	4.454682e-05	-5.059358e-09	-1.112388e-07	9.720253e-09
151	1.793003e-01	1.328103e-03	1.358382e-03	4.454682e-05	-5.059358e-09	-1.112388e-07	9.720253e-09
152	1.837037e-01	1.826063e-03	6.679047e-04	6.015343e-05	-5.078472e-09	7.419092e-07	1.093554e-08
153	1.942420e-01	4.306374e-03	1.163232e-03	1.420350e-04	-3.651401e-08	-1.651010e-06	4.471980e-08
154	2.164352e-01	1.022511e-02	2.060398e-03	3.440829e-04	5.366099e-08	2.057210e-05	2.847015e-07
155	2.166591e-01	3.342167e-03	3.269594e-03	3.231121e-04	-2.397608e-07	1.905088e-06	2.298024e-07
156	2.166591e-01	3.342167e-03	3.269594e-03	3.231121e-04	-2.397608e-07	1.905088e-06	2.298024e-07
157	1.931487e-01	2.529240e-03	1.960336e-03	6.972425e-05	-2.329363e-08	1.402055e-07	1.104024e-08
158	1.872593e-01	3.582244e-03	1.228764e-03	1.127180e-04	2.970894e-09	3.438040e-06	4.184390e-08
159	1.814869e-01	1.641004e-03	1.169672e-03	1.489954e-04	-6.425791e-09	2.855081e-06	6.186731e-08
160	1.838871e-01	5.384095e-03	1.772494e-03	1.948948e-04	6.861802e-08	8.818505e-06	9.172312e-08
161	1.747838e-01	2.549925e-03	5.457542e-04	8.360168e-05	-2.903612e-10	5.704429e-07	1.785516e-08
162	1.886574e-01	5.724076e-03	6.649895e-04	8.822081e-05	1.219954e-08	5.348885e-06	1.754317e-08
163	1.886574e-01	5.724076e-03	6.649895e-04	8.822081e-05	1.219954e-08	5.348885e-06	1.754317e-08
164	2.002731e-01	5.990707e-03	2.183942e-03	1.168283e-04	-5.782944e-08	-8.010346e-06	1.175633e-08
165	2.000729e-01	4.359498e-03	2.578766e-03	1.311531e-04	-7.168747e-08	-7.989119e-06	2.604909e-08
166	2.111971e-01	4.107890e-03	4.859542e-03	2.694390e-04	9.319758e-08	1.770228e-06	2.938871e-07
167	2.111971e-01	4.107890e-03	4.859542e-03	2.694390e-04	9.319758e-08	1.770228e-06	2.938871e-07
168	2.111971e-01	4.107890e-03	4.859542e-03	2.694390e-04	9.319758e-08	1.770228e-06	2.938871e-07
169	1.875284e-01	1.134497e-03	4.329073e-03	9.400859e-05	2.302651e-08	1.509015e-06	5.537530e-08
170	1.875284e-01	1.134497e-03	4.329073e-03	9.400859e-05	2.302651e-08	1.509015e-06	5.537530e-08
171	1.869534e-01	2.048599e-03	3.080580e-03	4.491544e-05	1.998590e-09	1.316826e-06	1.658746e-08
172	1.869534e-01	2.048599e-03	3.080580e-03	4.491544e-05	1.998590e-09	1.316826e-06	1.658746e-08
173	1.869534e-01	2.048599e-03	3.080580e-03	4.491544e-05	1.998590e-09	1.316826e-06	1.658746e-08
174	1.869534e-01	2.048599e-03	3.080580e-03	4.491544e-05	1.998590e-09	1.316826e-06	1.658746e-08
175	1.869534e-01	2.048599e-03	3.080580e-03	4.491544e-05	1.998590e-09	1.316826e-06	1.658746e-08
176	1.802458e-01	3.521996e-04	2.268778e-03	3.617804e-05	-8.075162e-09	2.679834e-07	6.497854e-09
177	1.802458e-01	3.521996e-04	2.268778e-03	3.617804e-05	-8.075162e-09	2.679834e-07	6.497854e-09
178	1.802458e-01	3.521996e-04	2.268778e-03	3.617804e-05	-8.075162e-09	2.679834e-07	6.497854e-09
179	1.802458e-01	3.521996e-04	2.268778e-03	3.617804e-05	-8.075162e-09	2.679834e-07	6.497854e-09
180	2.453704e-01	5.679870e-03	1.540035e-02	4.635980e-04	-7.576151e-07	8.526346e-07	9.800398e-07
181	1.932870e-01	1.898202e-03	3.947114e-03	2.313277e-06	-1.802080e-10	4.340552e-08	1.280081e-10
182	1.948111e-01	1.591942e-03	4.280018e-03	9.412797e-06	-1.885252e-09	-2.876976e-07	1.236110e-10
183	1.869534e-01	2.048599e-03	3.080580e-03	4.491544e-05	1.998590e-09	1.316826e-06	1.658746e-08
184	1.869534e-01	2.048599e-03	3.080580e-03	4.491544e-05	1.998590e-09	1.316826e-06	1.658746e-08
185	1.869534e-01	2.048599e-03	3.080580e-03	4.491544e-05	1.998590e-09	1.316826e-06	1.658746e-08
186	1.869534e-01	2.048599e-03	3.080580e-03	4.491544e-05	1.998590e-09	1.316826e-06	1.658746e-08
187	1.869534e-01	2.048599e-03	3.080580e-03	4.491544e-05	1.998590e-09	1.316826e-06	1.658746e-08
188	1.869534e-01	2.048599e-03	3.080580e-03	4.491544e-05	1.998590e-09	1.316826e-06	1.658746e-08
189	1.869534e-01	2.048599e-03	3.080580e-03	4.491544e-05	1.998590e-09	1.316826e-06	1.658746e-08
190	1.869534e-01	2.048599e-03	3.080580e-03	4.491544e-05	1.998590e-09	1.316826e-06	1.658746e-08
191	1.869534e-01	2.048599e-03	3.080580e-03	4.491544e-05	1.998590e-09	1.316826e-06	1.658746e-08
192	1.840379e-01	1.621481e-03	1.035800e-03	3.802015e-05	-5.251141e-09	1.160622e-06	5.417781e-09
193	1.840379e-01	1.621481e-03	1.035800e-03	3.802015e-05	-5.251141e-09	1.160622e-06	5.417781e-09
194	1.782070e-01	3.317203e-03	1.403573e-03	1.098415e-05	-7.359590e-11	-3.443773e-07	-1.361865e-09
195	1.782070e-01	3.317203e-03	1.403573e-03	1.098415e-05	-7.359590e-11	-3.443773e-07	-1.361865e-09
196	1.942420e-01	3.547762e-03	2.808931e-03	4.491544e-05	-1.561995e-08	-9.838455e-07	3.246674e-09
197	1.942420e-01	3.547762e-03	2.808931e-03	4.491544e-05	-1.561995e-08	-9.838455e-07	3.246674e-09
198	1.942420e-01	3.547762e-03	2.808931e-03	4.491544e-05	-1.561995e-08	-9.838455e-07	3.246674e-09
199	2.130178e-01	6.517764e-03	4.693306e-03	3.955472e-05	1.399335e-08	3.102631e-06	9.728193e-09
200	2.130178e-01	6.517764e-03	4.693306e-03	3.955472e-05	1.399335e-08	3.102631e-06	9.728193e-09
201	2.164723e-01	1.730253e-03	6.351988e-03	6.018359e-05	-3.517202e-08	-6.556561e-07	1.214873e-08
202	1.942420e-01	5.133118e-04	3.886548e-03	1.630895e-04	1.027540e-08	2.830933e-06	1.294365e-07
203	1.942420e-01	5.133118e-04	3.886548e-03	1.630895e-04	1.027540e-08	2.830933e-06	1.294365e-07
204	1.942420e-01	5.133118e-04	3.886548e-03	1.630895e-04	1.027540e-08	2.830933e-06	1.294365e-07
205	1.872593e-01	1.016977e-03	2.214021e-03	4.467060e-05	4.161062e-09	1.419212e-06	1.341790e-08
206	1.873178e-01	4.029465e-03	1.925014e-03	6.857503e-05	2.480127e-08	4.174779e-06	2.380922e-09
207	2.123843e-01	8.938092e-03	4.285396e-03	2.722015e-04	2.073519e-07	1.480348e-05	-2.084101e-07
208	2.175694e-01	2.832513e-03	7.568751e-03	1.586777e-04	1.196053e-07	7.753301e-06	1.262296e-07
209	2.175694e-01	2.832513e-03	7.568751e-03	1.586777e-04	1.196053e-07	7.753301e-06	1.262296e-07
210	1.946064e-01	2.068122e-03	4.750574e-03	3.076708e-05	6.594745e-09	8.052527e-07	-9.739995e-09
211	1.807407e-01	1.272977e-03	1.481582e-03	7.543566e-07	2.475350e-11	-1.788104e-08	4.823086e-12
212	1.807407e-01	1.272977e-03	1.481582e-03	7.543566e-07	2.475350e-11	-1.788104e-08	4.823086e-12
213	1.807407e-01	1.272977e-03	1.481582e-03	7.543566e-07	2.475350e-11	-1.788104e-08	4.823086e-12
214	1.942420e-01	2.372656e-03	2.949585e-03	2.099332e-05	-1.432329e-09	-2.206959e-07	-5.023792e-09
215	1.942420e-01	2.372656e-03	2.949585e-03	2.099332e-05	-1.432329e-09	-2.206959e-07	-5.023792e-09
216	1.942420e-01	2.372656e-03	2.949585e-03	2.099332e-05	-1.432329e-09	-2.206959e-07	-5.023792e-09
217	2.210648e-01	2.444755e-03	4.786145e-03	1.803302e-04	9.187775e-08	8.777369e-06	1.400898e-07
218	1.956997e-01	1.148809e-04	4.621741e-03	1.260498e-05	2.682495e-09	1.171058e-07	1.435408e-09
219	1.956997e-01	1.148809e-04	4.621741e-03	1.260498e-05	2.682495e-09	1.171058e-07	1.435408e-09
220	1.920000e-01	9.133827e-04	2.910018e-03	1.521251e-06	-1.012160e-10	-4.597559e-08	-8.358975e-23
221	2.044461e-01	2.186722e-03	3.524302e-03	1.789261e-05	-3.586761e-09	-2.258006e-07	-2.706137e-09
222	2.044461e-01	2.186722e-03	3.524302e-03	1.789261e-05	-3.586761e-09	-2.258006e-07	-2.706137e-09
223	1.896296e-01	2.326475e-03	2.419254e-03	7.143626e-05	1.151568e-08	3.240072e-06	2.737383e-08
224	1.921387e-01	2.218783e-03	2.796478e-03	6.852235e-05	-1.276521e-09	6.256257e-07	2.996818e-08
225	2.008102e-01	4.155749e-03	3.373651e-03	2.669145e-04	9.623793e-08	9.907554e-06	2.342887e-07
226	2.008102e-01	4.155749e-03	3.373651e-03	2.669145e-04	9.623793e-08	9.907554e-06	2.342887e-07
227	1.875284e-01	3.924746e-03	1.776576e-03	4.325900e-05	2.507001e-10	1.399509e-06	1.198979e-08
228	1.875284e-01	3.924746e-03	1.776576e-03	4.325900e-05	2.507001e-10	1.399509e-06	1.198979e-08
229	1.875284e-01	3.924746e-03	1.776576e-03	4.325900e-05	2.507001e-10	1.399509e-06	1.198979e-08
230	1.902332e-01	2.244494e-03	3.056186e-03	6.302101e-05	-2.186535e-08	-1.594911e-06	1.693698e-08
231	1.902332e-01	2.244494e-03	3.056186e-03	6.302101e-05	-2.186535e-08	-1.594911e-06	1.693698e-08
232	1.902332e-01	2.244494e-03	3.056186e-03	6.302101e-05	-2.186535e-08	-1.594911e-06	1.693698e-08
233	2.106481e-01	2.255873e-03	5.883885e-03	3.302342e-04	-3.695920e-07	-6.468263e-06	2.744111e-07
234	2.106481e-01	2.255873e-03	5.883885e-03	3.302342e-04	-3.695920e-07	-6.468263e-06	2.744111e-07
235	2.239417e-01	5.602873e-03	6.602900e-03	3.137070e-04	-4.363964e-07	-2.322702e-05	-1.157871e-07
236	2.002963e-01	3.857207e-03	2.166802e-03	6.065484e-05	-1.804451e-08	-3.664552e-06	-1.256651e-08
237	2.157434e-01	5.312412e-03	4.036814e-03	9.045040e-05	1.018050e-08	3.123264e-06	5.369915e-08
238	2.157434e-01	5.312412e-03	4.036814e-03	9.045040e-05	1.018050e-08	3.123264e-06	5.369915e-08
239	1.793003e-01	1.328103e-03	1.358382e-03	4.454682e-05	-5.059358e-09	-1.112388e-07	9.720253e-09
240	1.793003e-01	1.328103e-03	1.358382e-03	4.454682e-05	-5.059358e-09	-1.112388e-07	9.720253e-09
241	1.793003e-01	1.328103e-03	1.358382e-03	4.454682e-05	-5.059358e-09	-1.112388e-07	9.720253e-09
242	1.837037e-01	1.826063e-03	6.679047e-04	6.015343e-05	-5.078472e-09	7.419092e-07	1.093554e-08
243	1.942420e-01	4.306374e-03	1.163232e-03	1.420350e-04	-3.651401e-08	-1.651010e-06	4.471980e-08
244	2.164352e-01	1.022511e-02	2.060398e-03	3.440829e-04	5.366099e-08	2.057210e-05	2.847015e-07
245	2.166591e-01	3.342167e-03	3.269594e-03	3.231121e-04	-2.397608e-07	1.905088e-06	2.298024e-07
246	2.166591e-01	3.342167e-03	3.269594e-03	3.231121e-04	-2.397608e-07	1.905088e-06	2.298024e-07
247	1.931487e-01	2.529240e-03	1.960336e-03	6.972425e-05	-2.329363e-08	1.402055e-07	1.104024e-08
248	1.872593e-01	3.582244e-03	1.228764e-03	1.127180e-04	2.970894e-09	3.438040e-06	4.184390e-08
249	1.814869e-01	1.641004e-03	1.169672e-03	1.489954e-04	-6.425791e-09	2.855081e-06	6.186731e-08
250	1.838871e-01	5.384095e-03	1.772494e-03	1.948948e-04	6.861802e-08	8.818505e-06	9.172312e-08
251	1.747838e-01	2.549925e-03	5.457542e-04	8.360168e-05	-2.903612e-10	5.704429e-07	1.785516e-08
252	1.886574e-01	5.724076e-03	6.649895e-04	8.822081e-05	1.219954e-08	5.348885e-06	1.754317e-08
253	1.886574e-01	5.724076e-03	6.649895e-04	8.822081e-05	1.219954e-08	5.348885e-06	1.754317e-08
254	2.002731e-01	5.990707e-03	2.183942e-03	1.168283e-04	-5.782944e-08	-8.010346e-06	1.175633e-08
255	2.000729e-01	4.359498e-03	2.578766e-03	1.311531e-04	-7.168747e-08	-7.989119e-06	2.604909e-08
256	2.111971e-01	4.107890e-03	4.859542e-03	2.694390e-04	9.319758e-08	1.770228e-06	2.938871e-07
257	2.111971e-01	4.107890e-03	4.859542e-03	2.694390e-04	9.319758e-08	1.770228e-06	2.938871e-07
258	2.111971e-01	4.107890e-03	4.859542e-03	2.694390e-04	9.319758e-08	1.770228e-06	2.938871e-07
259	1.875284e-01	1.134497e-03	4.329073e-03	9.400859e-05	2.302651e-08	1.509015e-06	5.537530e-08
260	1.875284e-01	1.134497e-03	4.329073e-03	9.400859e-05	2.302651e-08	1.509015e-06	5.537530e-08
261	1.869534e-01	2.048599e-03	3.080580e-03	4.491544e-05	1.998590e-09	1.316826e-06	1.658746e-08
262	1.869534e-01	2.048599e-03	3.080580e-03	4.491544e-05	1.998590e-09	1.316826e-06	1.658746e-08
263	1.869534e-01	2.048599e-03	3.080580e-03	4.491544e-05	1.998590e-09	1.316826e-06	1.658746e-08
264	1.869534e-01	2.048599e-03	3.080580e-03	4.491544e-05	1.998590e-09	1.316826e-06	1.658746e-08
265	1.869534e-01	2.048599e-03	3.080580e-03	4.491544e-05	1.998590e-09	1.316826e-06	1.658746e-08
266	1.802458e-01	3.521996e-04	2.268778e-03	3.617804e-05	-8.075162e-09	2.679834e-07	6.497854e-09
267	1.802458e-01	3.521996e-04	2.268778e-03	3.617804e-05	-8.075162e-09	2.679834e-07	6.497854e-09
268	1.802458e-01	3.521996e-04	2.268778e-03	3.617804e-05	-8.075162e-09	2.679834e-07	6.497854e-09
269	1.802458e-01	3.521996e-04	2.268778e-03	3.617804e-05	-8.075162e-09	2.679834e-07	6.497854e-09
270	2.453704e-01	5.679870e-03	1.540035e-02	4.635980e-04	-7.576151e-07	8.526346e-07	9.800398e-07
271	1.932870e-01	1.898202e-03	3.947114e-03	2.313277e-06	-1.802080e-10	4.340552e-08	1.280081e-10
272	1.948111e-01	1.591942e-03	4.280018e-03	9.412797e-06	-1.885252e-09	-2.876976e-07	1.236110e-10
273	1.869534e-01	2.048599e-03	3.080580e-03	4.491544e-05	1.998590e-09	1.316826e-06	1.658746e-08
274	1.869534e-01	2.048599e-03	3.080580e-03	4.491544e-05	1.998590e-09	1.316826e-06	1.658746e-08
275	1.869534e-01	2.048599e-03	3.080580e-03	4.491544e-05	1.998590e-09	1.316826e-06	1.658746e-08
276	1.869534e-01	2.048599e-03	3.080580e-03	4.491544e-05	1.998590e-09	1.316826e-06	1.658746e-08
277	1.869534e-01	2.048599e-03	3.080580e-03	4.491544e-05	1.998590e-09	1.316826e-06	1.658746e-08
278	1.869534e-01	2.048599e-03	3.080580e-03	4.491544e-05	1.998590e-09	1.316826e-06	1.658746e-08
279	1.869534e-01	2.048599e-03	3.080580e-03	4.491544e-05	1.998590e-09	1.316826e-06	1.658746e-08
280	1.869534e-01	2.048599e-03	3.080580e-03	4.491544e-05	1.998590e-09	1.316826e-06	1.658746e-08
281	1.869534e-01	2.048599e-03	3.080580e-03	4.491544e-05	1.998590e-09	1.316826e-06	1.658746e-08
282	1.840379e-01	1.621481e-03	1.035800e-03	3.802015e-05	-5.251141e-09	1.160622e-06	5.417781e-09
283	1.840379e-01	1.621481e-03	1.035800e-03	3.802015e-05	-5.251141e-09	1.160622e-06	5.417781e-09
284	1.782070e-01	3.317203e-03	1.403573e-03	1.098415e-05	-7.359590e-11	-3.443773e-07	-1.361865e-09
285	1.782070e-01	3.317203e-03	1.403573e-03	1.098415e-05	-7.359590e-11	-3.443773e-07	-1.361865e-09
286	1.942420e-01	3.547762e-03	2.808931e-03	4.491544e-05	-1.561995e-08	-9.838455e-07	3.246674e-09
287	1.942420e-01	3.547762e-03	2.808931e-03	4.491544e-05	-1.561995e-08	-9.838455e-07	3.246674e-09
288	1.942420e-01	3.547762e-03	2.808931e-03	4.491544e-05	-1.561995e-08	-9.838455e-07	3.246674e-09
289	2.130178e-01	6.517764e-03	4.693306e-03	3.955472e-05	1.399335e-08	3.102631e-06	9.728193e-09
290	2.130178e-01	6.517764e-03	4.693306e-03	3.955472e-05	1.399335e-08	3.102631e-06	9.728193e-09
291	2.164723e-01	1.730253e-03	6.351988e-03	6.018359e-05	-3.517202e-08	-6.556561e-07	1.214873e-08
292	1.942420e-01	5.133118e-04	3.886548e-03	1.630895e-04	1.027540e-08	2.830933e-06	1.294365e-07
293	1.942420e-01	5.133118e-04	3.886548e-03	1.630895e-04	1.027540e-08	2.830933e-06	1.294365e-07
294	1.942420e-01	5.133118e-04	3.886548e-03	1.630895e-04	1.027540e-08	2.830933e-06	1.294365e-07
295	1.872593e-01	1.016977e-03	2.214021e-03	4.467060e-05	4.161062e-09	1.419212e-06	1.341790e-08
296	1.873178e-01	4.029465e-03	1.925014e-03	6.857503e-05	2.480127e-08	4.174779e-06	2.380922e-09
297	2.123843e-01	8.938092e-03	4.285396e-03	2.722015e-04	2.073519e-07	1.480348e-05	-2.084101e-07
298	2.175694e-01	2.832513e-03	7.568751e-03	1.586777e-04	1.196053e-07	7.753301e-06	1.262296e-07
299	2.175694e-01	2.832513e-03	7.568751e-03	1.586777e-04	1.196053e-07	7.753301e-06	1.262296e-07
300	1.946064e-01	2.068122e-03	4.750574e-03	3.076708e-05	6.594745e-09	8.052527e-07	-9.739995e-09
301	1.807407e-01	1.272977e-03	1.481582e-03	7.543566e-07	2.475350e-11	-1.788104e-08	4.823086e-12
302	1.807407e-01	1.272977e-03	1.481582e-03	7.543566e-07	2.475350e-11	-1.788104e-08	4.823086e-12
303	1.807407e-01	1.272977e-03	1.481582e-03	7.543566e-07	2.475350e-11	-1.788104e-08	4.823086e-12
304	1.942420e-01	2.372656e-03	2.949585e-03	2.099332e-05	-1.432329e-09	-2.206959e-07	-5.023792e-09
305	1.942420e-01	2.372656e-03	2.949585e-03	2.099332e-05	-1.432329e-09	-2.206959e-07	-5.023792e-09
306	1.942420e-01	2.372656e-03	2.949585e-03	2.099332e-05	-1.432329e-09	-2.206959e-07	-5.023792e-09
307	2.210648e-01	2.444755e-03	4.786145e-03	1.803302e-04	9.187775e-08	8.777369e-06	1.400898e-07
308	1.956997e-01	1.148809e-04	4.621741e-03	1.260498e-05	2.682495e-09	1.171058e-07	1.435408e-09
309	1.956997e-01	1.148809e-04	4.621741e-03	1.260498e-05	2.682495e-09	1.171058e-07	1.435408e-09
310	1.920000e-01	9.133827e-04	2.910018e-03	1.521251e-06	-1.012160e-10	-4.597559e-08	-8.520471e-24
311	2.044461e-01	2.186722e-03	3.524302e-03	1.789261e-05	-3.586761e-09	-2.258006e-07	-2.706137e-09
312	2.044461e-01	2.186722e-03	3.524302e-03	1.789261e-05	-3.586761e-09	-2.258006e-07	-2.706137e-09
313	1.896296e-01	2.326475e-03	2.419254e-03	7.143626e-05	1.151568e-08	3.240072e-06	2.737383e-08
314	1.921387e-01	2.218783e-03	2.796478e-03	6.852235e-05	-1.276521e-09	6.256257e-07	2.996818e-08
315	2.008102e-01	4.155749e-03	3.373651e-03	2.669145e-04	9.623793e-08	9.907554e-06	2.342887e-07
316	2.008102e-01	4.155749e-03	3.373651e-03	2.669145e-04	9.623793e-08	9.907554e-06	2.342887e-07
317	1.875284e-01	3.924746e-03	1.776576e-03	4.325900e-05	2.507001e-10	1.399509e-06	1.198979e-08
318	1.875284e-01	3.924746e-03	1.776576e-03	4.325900e-05	2.507001e-10	1.399509e-06	1.198979e-08
319	1.875284e-01	3.924746e-03	1.776576e-03	4.325900e-05	2.507001e-10	1.399509e-06	1.198979e-08
320	1.902332e-01	2.244494e-03	3.056186e-03	6.302101e-05	-2.186535e-08	-1.594911e-06	1.693698e-08
321	1.902332e-01	2.244494e-03	3.056186e-03	6.302101e-05	-2.186535e-08	-1.594911e-06	1.693698e-08
322	1.902332e-01	2.244494e-03	3.056186e-03	6.302101e-05	-2.186535e-08	-1.594911e-06	1.693698e-08
323	2.106481e-01	2.255873e-03	5.883885e-03	3.302342e-04	-3.695920e-07	-6.468263e-06	2.744111e-07
324	2.106481e-01	2.255873e-03	5.883885e-03	3.302342e-04	-3.695920e-07	-6.468263e-06	2.744111e-07
325	2.239417e-01	5.602873e-03	6.602900e-03	3.137070e-04	-4.363964e-07	-2.322702e-05	-1.157871e-07
326	2.002963e-01	3.857207e-03	2.166802e-03	6.065484e-05	-1.804451e-08	-3.664552e-06	-1.256651e-08
327	2.157434e-01	5.312412e-03	4.036814e-03	9.045040e-05	1.018050e-08	3.123264e-06	5.369915e-08
328	2.157434e-01	5.312412e-03	4.036814e-03	9.045040e-05	1.018050e-08	3.123264e-06	5.369915e-08
329	1.793003e-01	1.328103e-03	1.358382e-03	4.454682e-05	-5.059358e-09	-1.112388e-07	9.720253e-09
330	1.793003e-01	1.328103e-03	1.358382e-03	4.454682e-05	-5.059358e-09	-1.112388e-07	9.720253e-09
331	1.793003e-01	1.328103e-03	1.358382e-03	4.454682e-05	-5.059358e-09	-1.112388e-07	9.720253e-09
332	1.837037e-01	1.826063e-03	6.679047e-04	6.015343e-05	-5.078472e-09	7.419092e-07	1.093554e-08
333	1.942420e-01	4.306374e-03	1.163232e-03	1.420350e-04	-3.651401e-08	-1.651010e-06	4.471980e-08
334	2.164352e-01	1.022511e-02	2.060398e-03	3.440829e-04	5.366099e-08	2.057210e-05	2.847015e-07
335	2.166591e-01	3.342167e-03	3.269594e-03	3.231121e-04	-2.397608e-07	1.905088e-06	2.298024e-07
336	2.166591e-01	3.342167e-03	3.269594e-03	3.231121e-04	-2.397608e-07	1.905088e-06	2.298024e-07
337	1.931487e-01	2.529240e-03	1.960336e-03	6.972425e-05	-2.329363e-08	1.402055e-07	1.104024e-08
338	1.872593e-01	3.582244e-03	1.228764e-03	1.127180e-04	2.970894e-09	3.438040e-06	4.184390e-08
339	1.814869e-01	1.641004e-03	1.169672e-03	1.489954e-04	-6.425791e-09	2.855081e-06	6.186731e-08
340	1.838871e-01	5.384095e-03	1.772494e-03	1.948948e-04	6.861802e-08	8.818505e-06	9.172312e-08
341	1.747838e-01	2.549925e-03	5.457542e-04	8.360168e-05	-2.903612e-10	5.704429e-07	1.785516e-08
342	1.886574e-01	5.724076e-03	6.649895e-04	8.822081e-05	1.219954e-08	5.348885e-06	1.754317e-08
343	1.886574e-01	5.724076e-03	6.649895e-04	8.822081e-05	1.219954e-08	5.348885e-06	1.754317e-08
344	2.002731e-01	5.990707e-03	2.183942e-03	1.168283e-04	-5.782944e-08	-8.010346e-06	1.175633e-08
345	2.000729e-01	4.359498e-03	2.578766e-03	1.311531e-04	-7.168747e-08	-7.989119e-06	2.604909e-08
346	2.111971e-01	4.107890e-03	4.859542e-03	2.694390e-04	9.319758e-08	1.770228e-06	2.938871e-07
347	2.111971e-01	4.107890e-03	4.859542e-03	2.694390e-04	9.319758e-08	1.770228e-06	2.938871e-07
348	2.111971e-01	4.107890e-03	4.859542e-03	2.694390e-04	9.319758e-08	1.770228e-06	2.938871e-07
349	1.875284e-01	1.134497e-03	4.329073e-03	9.400859e-05	2.302651e-08	1.509015e-06	5.537530e-08
350	1.875284e-01	1.134497e-03	4.329073e-03	9.400859e-05	2.302651e-08	1.509015e-06	5.537530e-08
351	1.869534e-01	2.048599e-03	3.080580e-03	4.491544e-05	1.998590e-09	1.316826e-06	1.658746e-08
352	1.869534e-01	2.048599e-03	3.080580e-03	4.491544e-05	1.998590e-09	1.316826e-06	1.658746e-08
353	1.869534e-01	2.048599e-03	3.080580e-03	4.491544e-05	1.998590e-09	1.316826e-06	1.658746e-08
354	1.869534e-01	2.048599e-03	3.080580e-03	4.491544e-05	1.998590e-09	1.316826e-06	1.658746e-08
355	1.869534e-01	2.048599e-03	3.080580e-03	4.491544e-05	1.998590e-09	1.316826e-06	1.658746e-08
356	1.802458e-01	3.521996e-04	2.268778e-03	3.617804e-05	-8.075162e-09	2.679834e-07	6.497854e-09
357	1.802458e-01	3.521996e-04	2.268778e-03	3.617804e-05	-8.075162e-09	2.679834e-07	6.497854e-09
358	1.802458e-01	3.521996e-04	2.268778e-03	3.617804e-05	-8.075162e-09	2.679834e-07	6.497854e-09
359	1.802458e-01	3.521996e-04	2.268778e-03	3.617804e-05	-8.075162e-09	2.679834e-07	6.497854e-09
