0	2.083333e-01	1.253858e-02	0.000000e+00	0.000000e+00	0.000000e+00	-0.000000e+00	0.000000e+00
1	1.893313e-01	6.141476e-03	7.482609e-04	9.858404e-05	2.370694e-08	4.315658e-06	1.244607e-08
2	1.846065e-01	4.597814e-03	3.553678e-04	2.188388e-05	1.213619e-09	-8.415899e-07	1.500494e-09
3	1.838871e-01	7.107801e-03	1.766731e-04	1.585535e-05	-3.600149e-10	-7.071244e-07	-7.580184e-10
4	1.838871e-01	7.107801e-03	1.766731e-04	1.585535e-05	-3.600149e-10	-7.071244e-07	-7.580184e-10
5	1.898688e-01	9.007859e-03	5.589649e-04	3.422866e-05	-3.927015e-09	-2.670227e-06	-2.644685e-09
6	1.898688e-01	9.007859e-03	5.589649e-04	3.422866e-05	-3.927015e-09	-2.670227e-06	-2.644685e-09
7	1.898688e-01	9.007859e-03	5.589649e-04	3.422866e-05	-3.927015e-09	-2.670227e-06	-2.644685e-09
8	1.898688e-01	9.007859e-03	5.589649e-04	3.422866e-05	-3.927015e-09	-2.670227e-06	-2.644685e-09
9	1.898688e-01	9.007859e-03	5.589649e-04	3.422866e-05	-3.927015e-09	-2.670227e-06	-2.644685e-09
10	1.898688e-01	9.007859e-03	5.589649e-04	3.422866e-05	-3.927015e-09	-2.670227e-06	-2.644685e-09
11	1.898688e-01	9.007859e-03	5.589649e-04	3.422866e-05	-3.927015e-09	-2.670227e-06	-2.644685e-09
12	1.911698e-01	4.926650e-03	4.600223e-04	3.264595e-05	-2.247362e-09	2.289088e-06	-3.309801e-09
13	1.911698e-01	4.926650e-03	4.600223e-04	3.264595e-05	-2.247362e-09	2.289088e-06	-3.309801e-09
14	1.767493e-01	3.751758e-03	4.928927e-04	7.186470e-06	5.116391e-11	-3.794987e-07	-4.246390e-10
15	1.775148e-01	9.103323e-03	0.000000e+00	0.000000e+00	0.000000e+00	0.000000e+00	0.000000e+00
16	1.775148e-01	9.103323e-03	0.000000e+00	0.000000e+00	0.000000e+00	0.000000e+00	0.000000e+00
17	1.775148e-01	9.103323e-03	0.000000e+00	0.000000e+00	0.000000e+00	0.000000e+00	0.000000e+00
18	1.775148e-01	9.103323e-03	0.000000e+00	0.000000e+00	0.000000e+00	0.000000e+00	0.000000e+00
19	1.775148e-01	9.103323e-03	0.000000e+00	0.000000e+00	0.000000e+00	0.000000e+00	0.000000e+00
20	1.775148e-01	9.103323e-03	0.000000e+00	0.000000e+00	0.000000e+00	0.000000e+00	0.000000e+00
21	1.775148e-01	9.103323e-03	0.000000e+00	0.000000e+00	0.000000e+00	0.000000e+00	0.000000e+00
22	1.712828e-01	2.161621e-03	2.988162e-04	5.262386e-05	2.002619e-09	1.612250e-06	6.287759e-09
23	1.712828e-01	2.161621e-03	2.988162e-04	5.262386e-05	2.002619e-09	1.612250e-06	6.287759e-09
24	1.712828e-01	2.161621e-03	2.988162e-04	5.262386e-05	2.002619e-09	1.612250e-06	6.287759e-09
25	1.700741e-01	2.018853e-03	2.727191e-05	2.238993e-05	2.309017e-10	6.771275e-07	5.027839e-10
26	1.700741e-01	2.018853e-03	2.727191e-05	2.238993e-05	2.309017e-10	6.771275e-07	5.027839e-10
27	1.825802e-01	2.619152e-03	7.701449e-06	1.122886e-07	1.249119e-14	-4.611148e-09	-1.036716e-13
28	1.893491e-01	5.602045e-03	2.535837e-04	8.287048e-06	1.565794e-10	1.961432e-07	-3.461229e-10
29	1.893491e-01	5.602045e-03	2.535837e-04	8.287048e-06	1.565794e-10	1.961432e-07	-3.461229e-10
30	1.712593e-01	1.938787e-03	4.908674e-04	1.240766e-05	-5.628475e-10	-5.416925e-07	7.879321e-10
31	1.700741e-01	2.018853e-03	2.727191e-05	2.238993e-05	2.309017e-10	6.771275e-07	5.027839e-10
32	1.700741e-01	2.018853e-03	2.727191e-05	2.238993e-05	2.309017e-10	6.771275e-07	5.027839e-10
33	1.700741e-01	2.018853e-03	2.727191e-05	2.238993e-05	2.309017e-10	6.771275e-07	5.027839e-10
34	1.700741e-01	2.018853e-03	2.727191e-05	2.238993e-05	2.309017e-10	6.771275e-07	5.027839e-10
35	1.700741e-01	2.018853e-03	2.727191e-05	2.238993e-05	2.309017e-10	6.771275e-07	5.027839e-10
36	1.771137e-01	4.847576e-03	2.735583e-04	3.933508e-05	2.999689e-09	6.189758e-07	2.766033e-09
37	2.054398e-01	6.904592e-03	4.795941e-05	2.072104e-05	-7.834186e-11	1.699065e-06	6.484970e-10
38	1.847975e-01	4.039107e-03	2.027111e-04	2.473082e-05	-1.063770e-09	-1.543554e-06	-1.390879e-09
39	1.847975e-01	4.039107e-03	2.027111e-04	2.473082e-05	-1.063770e-09	-1.543554e-06	-1.390879e-09
40	1.893491e-01	8.963272e-03	0.000000e+00	0.000000e+00	0.000000e+00	0.000000e+00	0.000000e+00
41	1.893491e-01	8.963272e-03	0.000000e+00	0.000000e+00	0.000000e+00	0.000000e+00	0.000000e+00
42	1.819259e-01	3.830870e-03	2.140568e-04	1.032438e-05	-3.162853e-10	3.207595e-07	3.681500e-10
43	1.745605e-01	4.073679e-03	1.925349e-04	5.525362e-06	1.084589e-10	2.893923e-07	1.439265e-10
44	1.745605e-01	4.073679e-03	1.925349e-04	5.525362e-06	1.084589e-10	2.893923e-07	1.439265e-10
45	1.929904e-01	6.057004e-03	1.971097e-04	1.006761e-05	7.560229e-11	5.473660e-07	4.420625e-10
46	1.929904e-01	6.057004e-03	1.971097e-04	1.006761e-05	7.560229e-11	5.473660e-07	4.420625e-10
47	1.814869e-01	3.158229e-03	5.543649e-04	1.401671e-05	-8.691483e-10	-7.715955e-07	-8.781877e-10
48	1.814869e-01	3.158229e-03	5.543649e-04	1.401671e-05	-8.691483e-10	-7.715955e-07	-8.781877e-10
49	1.784251e-01	2.715666e-03	4.889255e-04	3.471168e-06	-1.725604e-11	-1.319084e-07	-1.419546e-10
50	1.805556e-01	7.716049e-03	0.000000e+00	0.000000e+00	0.000000e+00	0.000000e+00	0.000000e+00
51	1.805556e-01	7.716049e-03	0.000000e+00	0.000000e+00	0.000000e+00	0.000000e+00	0.000000e+00
52	1.805556e-01	7.716049e-03	0.000000e+00	0.000000e+00	0.000000e+00	0.000000e+00	0.000000e+00
53	1.923366e-01	7.561693e-03	6.217695e-05	9.979611e-05	4.366039e-09	8.446744e-06	-6.537209e-09
54	1.923366e-01	7.561693e-03	6.217695e-05	9.979611e-05	4.366039e-09	8.446744e-06	-6.537209e-09
55	1.923366e-01	7.561693e-03	6.217695e-05	9.979611e-05	4.366039e-09	8.446744e-06	-6.537209e-09
56	1.948111e-01	9.348619e-03	4.882669e-04	1.813136e-05	7.440729e-10	1.497044e-06	1.535164e-09
57	1.948111e-01	9.348619e-03	4.882669e-04	1.813136e-05	7.440729e-10	1.497044e-06	1.535164e-09
58	1.842963e-01	6.948170e-03	2.463723e-05	3.395172e-05	2.719648e-10	2.829930e-06	-9.435345e-10
59	1.749271e-01	6.130524e-03	5.331772e-05	9.604160e-06	2.004540e-10	7.470923e-07	8.397403e-11
60	1.749271e-01	6.130524e-03	5.331772e-05	9.604160e-06	2.004540e-10	7.470923e-07	8.397403e-11
61	1.749271e-01	6.130524e-03	5.331772e-05	9.604160e-06	2.004540e-10	7.470923e-07	8.397403e-11
62	1.801481e-01	4.361833e-03	2.595778e-04	2.356927e-05	1.803075e-09	-2.725811e-07	-3.841463e-10
63	1.801481e-01	4.361833e-03	2.595778e-04	2.356927e-05	1.803075e-09	-2.725811e-07	-3.841463e-10
64	1.924198e-01	6.844512e-03	8.476891e-04	3.080580e-06	-1.467365e-10	-1.512797e-07	5.701094e-11
65	1.893491e-01	7.250339e-03	5.625312e-04	3.420001e-05	-9.059700e-10	-2.500970e-06	4.656333e-09
66	1.893491e-01	7.250339e-03	5.625312e-04	3.420001e-05	-9.059700e-10	-2.500970e-06	4.656333e-09
67	1.727405e-01	4.611705e-03	3.743532e-04	5.910252e-06	1.244163e-10	1.339471e-07	-2.486088e-10
68	1.727405e-01	4.611705e-03	3.743532e-04	5.910252e-06	1.244163e-10	1.339471e-07	-2.486088e-10
69	1.814869e-01	3.872217e-03	1.028189e-03	2.503184e-05	-5.621932e-10	-1.344149e-06	3.976286e-09
70	1.814869e-01	3.872217e-03	1.028189e-03	2.503184e-05	-5.621932e-10	-1.344149e-06	3.976286e-09
71	1.782070e-01	1.442984e-03	1.329807e-03	2.464464e-05	-2.380997e-09	-9.238528e-07	3.773005e-09
72	1.782070e-01	1.442984e-03	1.329807e-03	2.464464e-05	-2.380997e-09	-9.238528e-07	3.773005e-09
73	1.820665e-01	3.769778e-03	6.126315e-04	3.695130e-05	1.778536e-09	-1.661334e-06	5.267452e-09
74	1.820665e-01	3.769778e-03	6.126315e-04	3.695130e-05	1.778536e-09	-1.661334e-06	5.267452e-09
75	1.763848e-01	2.061216e-03	8.063870e-05	3.267521e-05	1.606048e-09	-3.282728e-07	4.835245e-10
76	1.763848e-01	2.061216e-03	8.063870e-05	3.267521e-05	1.606048e-09	-3.282728e-07	4.835245e-10
77	1.747838e-01	2.549925e-03	5.457542e-04	8.360168e-05	-2.903612e-10	5.704429e-07	1.785516e-08
78	1.747838e-01	2.549925e-03	5.457542e-04	8.360168e-05	-2.903612e-10	5.704429e-07	1.785516e-08
79	1.656805e-01	1.260460e-03	4.512298e-04	5.013664e-05	7.541049e-09	1.779999e-06	1.508080e-22
80	1.656805e-01	1.260460e-03	4.512298e-04	5.013664e-05	7.541049e-09	1.779999e-06	1.508080e-22
81	1.694606e-01	2.715838e-03	4.711475e-04	3.748116e-05	4.980787e-09	1.953282e-06	-8.488799e-24
82	1.694606e-01	2.715838e-03	4.711475e-04	3.748116e-05	4.980787e-09	1.953282e-06	-8.488799e-24
83	1.694606e-01	2.715838e-03	4.711475e-04	3.748116e-05	4.980787e-09	1.953282e-06	-8.488799e-24
84	1.694606e-01	2.715838e-03	4.711475e-04	3.748116e-05	4.980787e-09	1.953282e-06	-8.488799e-24
85	1.694606e-01	2.715838e-03	4.711475e-04	3.748116e-05	4.980787e-09	1.953282e-06	-8.488799e-24
86	1.656805e-01	1.260460e-03	4.512298e-04	5.013664e-05	7.541049e-09	1.779999e-06	1.509094e-22
87	1.656805e-01	1.260460e-03	4.512298e-04	5.013664e-05	7.541049e-09	1.779999e-06	1.509094e-22
88	1.656805e-01	1.260460e-03	4.512298e-04	5.013664e-05	7.541049e-09	1.779999e-06	1.509094e-22
89	1.730324e-01	2.773290e-03	1.290481e-04	3.341615e-05	1.580885e-09	1.738860e-06	-1.521866e-09
90	2.083333e-01	1.253858e-02	0.000000e+00	0.000000e+00	0.000000e+00	0.000000e+00	0.000000e+00
91	1.893313e-01	6.141476e-03	7.482609e-04	9.858404e-05	2.370694e-08	4.315658e-06	1.244607e-08
92	1.846065e-01	4.597814e-03	3.553678e-04	2.188388e-05	1.213619e-09	-8.415899e-07	1.500494e-09
93	1.838871e-01	7.107801e-03	1.766731e-04	1.585535e-05	-3.600149e-10	-7.071244e-07	-7.580184e-10
94	1.838871e-01	7.107801e-03	1.766731e-04	1.585535e-05	-3.600149e-10	-7.071244e-07	-7.580184e-10
95	1.898688e-01	9.007859e-03	5.589649e-04	3.422866e-05	-3.927015e-09	-2.670227e-06	-2.644685e-09
96	1.898688e-01	9.007859e-03	5.589649e-04	3.422866e-05	-3.927015e-09	-2.670227e-06	-2.644685e-09
97	1.898688e-01	9.007859e-03	5.589649e-04	3.422866e-05	-3.927015e-09	-2.670227e-06	-2.644685e-09
98	1.898688e-01	9.007859e-03	5.589649e-04	3.422866e-05	-3.927015e-09	-2.670227e-06	-2.644685e-09
99	1.898688e-01	9.007859e-03	5.589649e-04	3.422866e-05	-3.927015e-09	-2.670227e-06	-2.644685e-09
100	1.898688e-01	9.007859e-03	5.589649e-04	3.422866e-05	-3.927015e-09	-2.670227e-06	-2.644685e-09
101	1.898688e-01	9.007859e-03	5.589649e-04	3.422866e-05	-3.927015e-09	-2.670227e-06	-2.644685e-09
102	1.911698e-01	4.926650e-03	4.600223e-04	3.264595e-05	-2.247362e-09	2.289088e-06	-3.309801e-09
103	1.911698e-01	4.926650e-03	4.600223e-04	3.264595e-05	-2.247362e-09	2.289088e-06	-3.309801e-09
104	1.767493e-01	3.751758e-03	4.928927e-04	7.186470e-06	5.116391e-11	-3.794987e-07	-4.246390e-10
105	1.775148e-01	9.103323e-03	0.000000e+00	0.000000e+00	0.000000e+00	0.000000e+00	0.000000e+00
106	1.775148e-01	9.103323e-03	0.000000e+00	0.000000e+00	0.000000e+00	0.000000e+00	0.000000e+00
107	1.775148e-01	9.103323e-03	0.000000e+00	0.000000e+00	0.000000e+00	0.000000e+00	0.000000e+00
108	1.775148e-01	9.103323e-03	0.000000e+00	0.000000e+00	0.000000e+00	0.000000e+00	0.000000e+00
109	1.775148e-01	9.103323e-03	0.000000e+00	0.000000e+00	0.000000e+00	0.000000e+00	0.000000e+00
110	1.775148e-01	9.103323e-03	0.000000e+00	0.000000e+00	0.000000e+00	0.000000e+00	0.000000e+00
111	1.775148e-01	9.103323e-03	0.000000e+00	0.000000e+00	0.000000e+00	0.000000e+00	0.000000e+00
112	1.712828e-01	2.161621e-03	2.988162e-04	5.262386e-05	2.002619e-09	1.612250e-06	6.287759e-09
113	1.712828e-01	2.161621e-03	2.988162e-04	5.262386e-05	2.002619e-09	1.612250e-06	6.287759e-09
114	1.712828e-01	2.161621e-03	2.988162e-04	5.262386e-05	2.002619e-09	1.612250e-06	6.287759e-09
115	1.700741e-01	2.018853e-03	2.727191e-05	2.238993e-05	2.309017e-10	6.771275e-07	5.027839e-10
116	1.700741e-01	2.018853e-03	2.727191e-05	2.238993e-05	2.309017e-10	6.771275e-07	5.027839e-10
117	1.825802e-01	2.619152e-03	7.701449e-06	1.122886e-07	1.249119e-14	-4.611148e-09	-1.036716e-13
118	1.893491e-01	5.602045e-03	2.535837e-04	8.287048e-06	1.565794e-10	1.961432e-07	-3.461229e-10
119	1.893491e-01	5.602045e-03	2.535837e-04	8.287048e-06	1.565794e-10	1.961432e-07	-3.461229e-10
120	1.712593e-01	1.938787e-03	4.908674e-04	1.240766e-05	-5.628475e-10	-5.416925e-07	7.879321e-10
121	1.700741e-01	2.018853e-03	2.727191e-05	2.238993e-05	2.309017e-10	6.771275e-07	5.027839e-10
122	1.700741e-01	2.018853e-03	2.727191e-05	2.238993e-05	2.309017e-10	6.771275e-07	5.027839e-10
123	1.700741e-01	2.018853e-03	2.727191e-05	2.238993e-05	2.309017e-10	6.771275e-07	5.027839e-10
124	1.700741e-01	2.018853e-03	2.727191e-05	2.238993e-05	2.309017e-10	6.771275e-07	5.027839e-10
125	1.700741e-01	2.018853e-03	2.727191e-05	2.238993e-05	2.309017e-10	6.771275e-07	5.027839e-10
126	1.771137e-01	4.847576e-03	2.735583e-04	3.933508e-05	2.999689e-09	6.189758e-07	2.766033e-09
127	2.054398e-01	6.904592e-03	4.795941e-05	2.072104e-05	-7.834186e-11	1.699065e-06	6.484970e-10
128	1.847975e-01	4.039107e-03	2.027111e-04	2.473082e-05	-1.063770e-09	-1.543554e-06	-1.390879e-09
129	1.847975e-01	4.039107e-03	2.027111e-04	2.473082e-05	-1.063770e-09	-1.543554e-06	-1.390879e-09
130	1.893491e-01	8.963272e-03	0.000000e+00	0.000000e+00	0.000000e+00	0.000000e+00	0.000000e+00
131	1.893491e-01	8.963272e-03	0.000000e+00	0.000000e+00	0.000000e+00	0.000000e+00	0.000000e+00
132	1.819259e-01	3.830870e-03	2.140568e-04	1.032438e-05	-3.162853e-10	3.207595e-07	3.681500e-10
133	1.745605e-01	4.073679e-03	1.925349e-04	5.525362e-06	1.084589e-10	2.893923e-07	1.439265e-10
134	1.745605e-01	4.073679e-03	1.925349e-04	5.525362e-06	1.084589e-10	2.893923e-07	1.439265e-10
135	1.929904e-01	6.057004e-03	1.971097e-04	1.006761e-05	7.560229e-11	5.473660e-07	4.420625e-10
136	1.929904e-01	6.057004e-03	1.971097e-04	1.006761e-05	7.560229e-11	5.473660e-07	4.420625e-10
137	1.814869e-01	3.158229e-03	5.543649e-04	1.401671e-05	-8.691483e-10	-7.715955e-07	-8.781877e-10
138	1.814869e-01	3.158229e-03	5.543649e-04	1.401671e-05	-8.691483e-10	-7.715955e-07	-8.781877e-10
139	1.784251e-01	2.715666e-03	4.889255e-04	3.471168e-06	-1.725604e-11	-1.319084e-07	-1.419546e-10
140	1.805556e-01	7.716049e-03	0.000000e+00	0.000000e+00	0.000000e+00	0.000000e+00	0.000000e+00
141	1.805556e-01	7.716049e-03	0.000000e+00	0.000000e+00	0.000000e+00	0.000000e+00	0.000000e+00
142	1.805556e-01	7.716049e-03	0.000000e+00	0.000000e+00	0.000000e+00	0.000000e+00	0.000000e+00
143	1.923366e-01	7.561693e-03	6.217695e-05	9.979611e-05	4.366039e-09	8.446744e-06	-6.537209e-09
144	1.923366e-01	7.561693e-03	6.217695e-05	9.979611e-05	4.366039e-09	8.446744e-06	-6.537209e-09
145	1.923366e-01	7.561693e-03	6.217695e-05	9.979611e-05	4.366039e-09	8.446744e-06	-6.537209e-09
146	1.948111e-01	9.348619e-03	4.882669e-04	1.813136e-05	7.440729e-10	1.497044e-06	1.535164e-09
147	1.948111e-01	9.348619e-03	4.882669e-04	1.813136e-05	7.440729e-10	1.497044e-06	1.535164e-09
148	1.842963e-01	6.948170e-03	2.463723e-05	3.395172e-05	2.719648e-10	2.829930e-06	-9.435345e-10
149	1.749271e-01	6.130524e-03	5.331772e-05	9.604160e-06	2.004540e-10	7.470923e-07	8.397403e-11
150	1.749271e-01	6.130524e-03	5.331772e-05	9.604160e-06	2.004540e-10	7.470923e-07	8.397403e-11
151	1.749271e-01	6.130524e-03	5.331772e-05	9.604160e-06	2.004540e-10	7.470923e-07	8.397403e-11
152	1.801481e-01	4.361833e-03	2.595778e-04	2.356927e-05	1.803075e-09	-2.725811e-07	-3.841463e-10
153	1.801481e-01	4.361833e-03	2.595778e-04	2.356927e-05	1.803075e-09	-2.725811e-07	-3.841463e-10
154	1.924198e-01	6.844512e-03	8.476891e-04	3.080580e-06	-1.467365e-10	-1.512797e-07	5.701094e-11
155	1.893491e-01	7.250339e-03	5.625312e-04	3.420001e-05	-9.059700e-10	-2.500970e-06	4.656333e-09
156	1.893491e-01	7.250339e-03	5.625312e-04	3.420001e-05	-9.059700e-10	-2.500970e-06	4.656333e-09
157	1.727405e-01	4.611705e-03	3.743532e-04	5.910252e-06	1.244163e-10	1.339471e-07	-2.486088e-10
158	1.727405e-01	4.611705e-03	3.743532e-04	5.910252e-06	1.244163e-10	1.339471e-07	-2.486088e-10
159	1.814869e-01	3.872217e-03	1.028189e-03	2.503184e-05	-5.621932e-10	-1.344149e-06	3.976286e-09
160	1.814869e-01	3.872217e-03	1.028189e-03	2.503184e-05	-5.621932e-10	-1.344149e-06	3.976286e-09
161	1.782070e-01	1.442984e-03	1.329807e-03	2.464464e-05	-2.380997e-09	-9.238528e-07	3.773005e-09
162	1.782070e-01	1.442984e-03	1.329807e-03	2.464464e-05	-2.380997e-09	-9.238528e-07	3.773005e-09
163	1.820665e-01	3.769778e-03	6.126315e-04	3.695130e-05	1.778536e-09	-1.661334e-06	5.267452e-09
164	1.820665e-01	3.769778e-03	6.126315e-04	3.695130e-05	1.778536e-09	-1.661334e-06	5.267452e-09
165	1.763848e-01	2.061216e-03	8.063870e-05	3.267521e-05	1.606048e-09	-3.282728e-07	4.835245e-10
166	1.763848e-01	2.061216e-03	8.063870e-05	3.267521e-05	1.606048e-09	-3.282728e-07	4.835245e-10
167	1.747838e-01	2.549925e-03	5.457542e-04	8.360168e-05	-2.903612e-10	5.704429e-07	1.785516e-08
168	1.747838e-01	2.549925e-03	5.457542e-04	8.360168e-05	-2.903612e-10	5.704429e-07	1.785516e-08
169	1.656805e-01	1.260460e-03	4.512298e-04	5.013664e-05	7.541049e-09	1.779999e-06	-3.335709e-22
170	1.656805e-01	1.260460e-03	4.512298e-04	5.013664e-05	7.541049e-09	1.779999e-06	-3.335709e-22
171	1.694606e-01	2.715838e-03	4.711475e-04	3.748116e-05	4.980787e-09	1.953282e-06	-5.432831e-22
172	1.694606e-01	2.715838e-03	4.711475e-04	3.748116e-05	4.980787e-09	1.953282e-06	-5.432831e-22
173	1.694606e-01	2.715838e-03	4.711475e-04	3.748116e-05	4.980787e-09	1.953282e-06	-5.432831e-22
174	1.694606e-01	2.715838e-03	4.711475e-04	3.748116e-05	4.980787e-09	1.953282e-06	-5.432831e-22
175	1.694606e-01	2.715838e-03	4.711475e-04	3.748116e-05	4.980787e-09	1.953282e-06	-5.432831e-22
176	1.656805e-01	1.260460e-03	4.512298e-04	5.013664e-05	7.541049e-09	1.779999e-06	-8.579273e-23
177	1.656805e-01	1.260460e-03	4.512298e-04	5.013664e-05	7.541049e-09	1.779999e-06	-8.579273e-23
178	1.656805e-01	1.260460e-03	4.512298e-04	5.013664e-05	7.541049e-09	1.779999e-06	-8.579273e-23
179	1.730324e-01	2.773290e-03	1.290481e-04	3.341615e-05	1.580885e-09	1.738860e-06	-1.521866e-09
180	2.083333e-01	1.253858e-02	0.000000e+00	0.000000e+00	0.000000e+00	-0.000000e+00	0.000000e+00
181	1.893313e-01	6.141476e-03	7.482609e-04	9.858404e-05	2.370694e-08	4.315658e-06	1.244607e-08
182	1.846065e-01	4.597814e-03	3.553678e-04	2.188388e-05	1.213619e-09	-8.415899e-07	1.500494e-09
183	1.838871e-01	7.107801e-03	1.766731e-04	1.585535e-05	-3.600149e-10	-7.071244e-07	-7.580184e-10
184	1.838871e-01	7.107801e-03	1.766731e-04	1.585535e-05	-3.600149e-10	-7.071244e-07	-7.580184e-10
185	1.898688e-01	9.007859e-03	5.589649e-04	3.422866e-05	-3.927015e-09	-2.670227e-06	-2.644685e-09
186	1.898688e-01	9.007859e-03	5.589649e-04	3.422866e-05	-3.927015e-09	-2.670227e-06	-2.644685e-09
187	1.898688e-01	9.007859e-03	5.589649e-04	3.422866e-05	-3.927015e-09	-2.670227e-06	-2.644685e-09
188	1.898688e-01	9.007859e-03	5.589649e-04	3.422866e-05	-3.927015e-09	-2.670227e-06	-2.644685e-09
189	1.898688e-01	9.007859e-03	5.589649e-04	3.422866e-05	-3.927015e-09	-2.670227e-06	-2.644685e-09
190	1.898688e-01	9.007859e-03	5.589649e-04	3.422866e-05	-3.927015e-09	-2.670227e-06	-2.644685e-09
191	1.898688e-01	9.007859e-03	5.589649e-04	3.422866e-05	-3.927015e-09	-2.670227e-06	-2.644685e-09
192	1.911698e-01	4.926650e-03	4.600223e-04	3.264595e-05	-2.247362e-09	2.289088e-06	-3.309801e-09
193	1.911698e-01	4.926650e-03	4.600223e-04	3.264595e-05	-2.247362e-09	2.289088e-06	-3.309801e-09
194	1.767493e-01	3.751758e-03	4.928927e-04	7.186470e-06	5.116391e-11	-3.794987e-07	-4.246390e-10
195	1.775148e-01	9.103323e-03	0.000000e+00	0.000000e+00	0.000000e+00	0.000000e+00	0.000000e+00
196	1.775148e-01	9.103323e-03	0.000000e+00	0.000000e+00	0.000000e+00	0.000000e+00	0.000000e+00
197	1.775148e-01	9.103323e-03	0.000000e+00	0.000000e+00	0.000000e+00	0.000000e+00	0.000000e+00
198	1.775148e-01	9.103323e-03	0.000000e+00	0.000000e+00	0.000000e+00	0.000000e+00	0.000000e+00
199	1.775148e-01	9.103323e-03	0.000000e+00	0.000000e+00	0.000000e+00	0.000000e+00	0.000000e+00
200	1.775148e-01	9.103323e-03	0.000000e+00	0.000000e+00	0.000000e+00	0.000000e+00	0.000000e+00
201	1.775148e-01	9.103323e-03	0.000000e+00	0.000000e+00	0.000000e+00	0.000000e+00	0.000000e+00
202	1.712828e-01	2.161621e-03	2.988162e-04	5.262386e-05	2.002619e-09	1.612250e-06	6.287759e-09
203	1.712828e-01	2.161621e-03	2.988162e-04	5.262386e-05	2.002619e-09	1.612250e-06	6.287759e-09
204	1.712828e-01	2.161621e-03	2.988162e-04	5.262386e-05	2.002619e-09	1.612250e-06	6.287759e-09
205	1.700741e-01	2.018853e-03	2.727191e-05	2.238993e-05	2.309017e-10	6.771275e-07	5.027839e-10
206	1.700741e-01	2.018853e-03	2.727191e-05	2.238993e-05	2.309017e-10	6.771275e-07	5.027839e-10
207	1.825802e-01	2.619152e-03	7.701449e-06	1.122886e-07	1.249119e-14	-4.611148e-09	-1.036716e-13
208	1.893491e-01	5.602045e-03	2.535837e-04	8.287048e-06	1.565794e-10	1.961432e-07	-3.461229e-10
209	1.893491e-01	5.602045e-03	2.535837e-04	8.287048e-06	1.565794e-10	1.961432e-07	-3.461229e-10
210	1.712593e-01	1.938787e-03	4.908674e-04	1.240766e-05	-5.628475e-10	-5.416925e-07	7.879321e-10
211	1.700741e-01	2.018853e-03	2.727191e-05	2.238993e-05	2.309017e-10	6.771275e-07	5.027839e-10
212	1.700741e-01	2.018853e-03	2.727191e-05	2.238993e-05	2.309017e-10	6.771275e-07	5.027839e-10
213	1.700741e-01	2.018853e-03	2.727191e-05	2.238993e-05	2.309017e-10	6.771275e-07	5.027839e-10
214	1.700741e-01	2.018853e-03	2.727191e-05	2.238993e-05	2.309017e-10	6.771275e-07	5.027839e-10
215	1.700741e-01	2.018853e-03	2.727191e-05	2.238993e-05	2.309017e-10	6.771275e-07	5.027839e-10
216	1.771137e-01	4.847576e-03	2.735583e-04	3.933508e-05	2.999689e-09	6.189758e-07	2.766033e-09
217	2.054398e-01	6.904592e-03	4.795941e-05	2.072104e-05	-7.834186e-11	1.699065e-06	6.484970e-10
218	1.847975e-01	4.039107e-03	2.027111e-04	2.473082e-05	-1.063770e-09	-1.543554e-06	-1.390879e-09
219	1.847975e-01	4.039107e-03	2.027111e-04	2.473082e-05	-1.063770e-09	-1.543554e-06	-1.390879e-09
220	1.893491e-01	8.963272e-03	0.000000e+00	0.000000e+00	0.000000e+00	0.000000e+00	0.000000e+00
221	1.893491e-01	8.963272e-03	0.000000e+00	0.000000e+00	0.000000e+00	0.000000e+00	0.000000e+00
222	1.819259e-01	3.830870e-03	2.140568e-04	1.032438e-05	-3.162853e-10	3.207595e-07	3.681500e-10
223	1.745605e-01	4.073679e-03	1.925349e-04	5.525362e-06	1.084589e-10	2.893923e-07	1.439265e-10
224	1.745605e-01	4.073679e-03	1.925349e-04	5.525362e-06	1.084589e-10	2.893923e-07	1.439265e-10
225	1.929904e-01	6.057004e-03	1.971097e-04	1.006761e-05	7.560229e-11	5.473660e-07	4.420625e-10
226	1.929904e-01	6.057004e-03	1.971097e-04	1.006761e-05	7.560229e-11	5.473660e-07	4.420625e-10
227	1.814869e-01	3.158229e-03	5.543649e-04	1.401671e-05	-8.691483e-10	-7.715955e-07	-8.781877e-10
228	1.814869e-01	3.158229e-03	5.543649e-04	1.401671e-05	-8.691483e-10	-7.715955e-07	-8.781877e-10
229	1.784251e-01	2.715666e-03	4.889255e-04	3.471168e-06	-1.725604e-11	-1.319084e-07	-1.419546e-10
230	1.805556e-01	7.716049e-03	0.000000e+00	0.000000e+00	0.000000e+00	0.000000e+00	0.000000e+00
231	1.805556e-01	7.716049e-03	0.000000e+00	0.000000e+00	0.000000e+00	0.000000e+00	0.000000e+00
232	1.805556e-01	7.716049e-03	0.000000e+00	0.000000e+00	0.000000e+00	0.000000e+00	0.000000e+00
233	1.923366e-01	7.561693e-03	6.217695e-05	9.979611e-05	4.366039e-09	8.446744e-06	-6.537209e-09
234	1.923366e-01	7.561693e-03	6.217695e-05	9.979611e-05	4.366039e-09	8.446744e-06	-6.537209e-09
235	1.923366e-01	7.561693e-03	6.217695e-05	9.979611e-05	4.366039e-09	8.446744e-06	-6.537209e-09
236	1.948111e-01	9.348619e-03	4.882669e-04	1.813136e-05	7.440729e-10	1.497044e-06	1.535164e-09
237	1.948111e-01	9.348619e-03	4.882669e-04	1.813136e-05	7.440729e-10	1.497044e-06	1.535164e-09
238	1.842963e-01	6.948170e-03	2.463723e-05	3.395172e-05	2.719648e-10	2.829930e-06	-9.435345e-10
239	1.749271e-01	6.130524e-03	5.331772e-05	9.604160e-06	2.004540e-10	7.470923e-07	8.397403e-11
240	1.749271e-01	6.130524e-03	5.331772e-05	9.604160e-06	2.004540e-10	7.470923e-07	8.397403e-11
241	1.749271e-01	6.130524e-03	5.331772e-05	9.604160e-06	2.004540e-10	7.470923e-07	8.397403e-11
242	1.801481e-01	4.361833e-03	2.595778e-04	2.356927e-05	1.803075e-09	-2.725811e-07	-3.841463e-10
243	1.801481e-01	4.361833e-03	2.595778e-04	2.356927e-05	1.803075e-09	-2.725811e-07	-3.841463e-10
244	1.924198e-01	6.844512e-03	8.476891e-04	3.080580e-06	-1.467365e-10	-1.512797e-07	5.701094e-11
245	1.893491e-01	7.250339e-03	5.625312e-04	3.420001e-05	-9.059700e-10	-2.500970e-06	4.656333e-09
246	1.893491e-01	7.250339e-03	5.625312e-04	3.420001e-05	-9.059700e-10	-2.500970e-06	4.656333e-09
247	1.727405e-01	4.611705e-03	3.743532e-04	5.910252e-06	1.244163e-10	1.339471e-07	-2.486088e-10
248	1.727405e-01	4.611705e-03	3.743532e-04	5.910252e-06	1.244163e-10	1.339471e-07	-2.486088e-10
249	1.814869e-01	3.872217e-03	1.028189e-03	2.503184e-05	-5.621932e-10	-1.344149e-06	3.976286e-09
250	1.814869e-01	3.872217e-03	1.028189e-03	2.503184e-05	-5.621932e-10	-1.344149e-06	3.976286e-09
251	1.782070e-01	1.442984e-03	1.329807e-03	2.464464e-05	-2.380997e-09	-9.238528e-07	3.773005e-09
252	1.782070e-01	1.442984e-03	1.329807e-03	2.464464e-05	-2.380997e-09	-9.238528e-07	3.773005e-09
253	1.820665e-01	3.769778e-03	6.126315e-04	3.695130e-05	1.778536e-09	-1.661334e-06	5.267452e-09
254	1.820665e-01	3.769778e-03	6.126315e-04	3.695130e-05	1.778536e-09	-1.661334e-06	5.267452e-09
255	1.763848e-01	2.061216e-03	8.063870e-05	3.267521e-05	1.606048e-09	-3.282728e-07	4.835245e-10
256	1.763848e-01	2.061216e-03	8.063870e-05	3.267521e-05	1.606048e-09	-3.282728e-07	4.835245e-10
257	1.747838e-01	2.549925e-03	5.457542e-04	8.360168e-05	-2.903612e-10	5.704429e-07	1.785516e-08
258	1.747838e-01	2.549925e-03	5.457542e-04	8.360168e-05	-2.903612e-10	5.704429e-07	1.785516e-08
259	1.656805e-01	1.260460e-03	4.512298e-04	5.013664e-05	7.541049e-09	1.779999e-06	1.040545e-22
260	1.656805e-01	1.260460e-03	4.512298e-04	5.013664e-05	7.541049e-09	1.779999e-06	1.040545e-22
261	1.694606e-01	2.715838e-03	4.711475e-04	3.748116e-05	4.980787e-09	1.953282e-06	4.329288e-22
262	1.694606e-01	2.715838e-03	4.711475e-04	3.748116e-05	4.980787e-09	1.953282e-06	4.329288e-22
263	1.694606e-01	2.715838e-03	4.711475e-04	3.748116e-05	4.980787e-09	1.953282e-06	4.329288e-22
264	1.694606e-01	2.715838e-03	4.711475e-04	3.748116e-05	4.980787e-09	1.953282e-06	4.329288e-22
265	1.694606e-01	2.715838e-03	4.711475e-04	3.748116e-05	4.980787e-09	1.953282e-06	4.329288e-22
266	1.656805e-01	1.260460e-03	4.512298e-04	5.013664e-05	7.541049e-09	1.779999e-06	4.599088e-22
267	1.656805e-01	1.260460e-03	4.512298e-04	5.013664e-05	7.541049e-09	1.779999e-06	4.599088e-22
268	1.656805e-01	1.260460e-03	4.512298e-04	5.013664e-05	7.541049e-09	1.779999e-06	4.599088e-22
269	1.730324e-01	2.773290e-03	1.290481e-04	3.341615e-05	1.580885e-09	1.738860e-06	-1.521866e-09
270	2.083333e-01	1.253858e-02	0.000000e+00	0.000000e+00	0.000000e+00	0.000000e+00	0.000000e+00
271	1.893313e-01	6.141476e-03	7.482609e-04	9.858404e-05	2.370694e-08	4.315658e-06	1.244607e-08
272	1.846065e-01	4.597814e-03	3.553678e-04	2.188388e-05	1.213619e-09	-8.415899e-07	1.500494e-09
273	1.838871e-01	7.107801e-03	1.766731e-04	1.585535e-05	-3.600149e-10	-7.071244e-07	-7.580184e-10
274	1.838871e-01	7.107801e-03	1.766731e-04	1.585535e-05	-3.600149e-10	-7.071244e-07	-7.580184e-10
275	1.898688e-01	9.007859e-03	5.589649e-04	3.422866e-05	-3.927015e-09	-2.670227e-06	-2.644685e-09
276	1.898688e-01	9.007859e-03	5.589649e-04	3.422866e-05	-3.927015e-09	-2.670227e-06	-2.644685e-09
277	1.898688e-01	9.007859e-03	5.589649e-04	3.422866e-05	-3.927015e-09	-2.670227e-06	-2.644685e-09
278	1.898688e-01	9.007859e-03	5.589649e-04	3.422866e-05	-3.927015e-09	-2.670227e-06	-2.644685e-09
279	1.898688e-01	9.007859e-03	5.589649e-04	3.422866e-05	-3.927015e-09	-2.670227e-06	-2.644685e-09
280	1.898688e-01	9.007859e-03	5.589649e-04	3.422866e-05	-3.927015e-09	-2.670227e-06	-2.644685e-09
281	1.898688e-01	9.007859e-03	5.589649e-04	3.422866e-05	-3.927015e-09	-2.670227e-06	-2.644685e-09
282	1.911698e-01	4.926650e-03	4.600223e-04	3.264595e-05	-2.247362e-09	2.289088e-06	-3.309801e-09
283	1.911698e-01	4.926650e-03	4.600223e-04	3.264595e-05	-2.247362e-09	2.289088e-06	-3.309801e-09
284	1.767493e-01	3.751758e-03	4.928927e-04	7.186470e-06	5.116391e-11	-3.794987e-07	-4.246390e-10
285	1.775148e-01	9.103323e-03	0.000000e+00	0.000000e+00	0.000000e+00	0.000000e+00	0.000000e+00
286	1.775148e-01	9.103323e-03	0.000000e+00	0.000000e+00	0.000000e+00	0.000000e+00	0.000000e+00
287	1.775148e-01	9.103323e-03	0.000000e+00	0.000000e+00	0.000000e+00	0.000000e+00	0.000000e+00
288	1.775148e-01	9.103323e-03	0.000000e+00	0.000000e+00	0.000000e+00	0.000000e+00	0.000000e+00
289	1.775148e-01	9.103323e-03	0.000000e+00	0.000000e+00	0.000000e+00	0.000000e+00	0.000000e+00
290	1.775148e-01	9.103323e-03	0.000000e+00	0.000000e+00	0.000000e+00	0.000000e+00	0.000000e+00
291	1.775148e-01	9.103323e-03	0.000000e+00	0.000000e+00	0.000000e+00	0.000000e+00	0.000000e+00
292	1.712828e-01	2.161621e-03	2.988162e-04	5.262386e-05	2.002619e-09	1.612250e-06	6.287759e-09
293	1.712828e-01	2.161621e-03	2.988162e-04	5.262386e-05	2.002619e-09	1.612250e-06	6.287759e-09
294	1.712828e-01	2.161621e-03	2.988162e-04	5.262386e-05	2.002619e-09	1.612250e-06	6.287759e-09
295	1.700741e-01	2.018853e-03	2.727191e-05	2.238993e-05	2.309017e-10	6.771275e-07	5.027839e-10
296	1.700741e-01	2.018853e-03	2.727191e-05	2.238993e-05	2.309017e-10	6.771275e-07	5.027839e-10
297	1.825802e-01	2.619152e-03	7.701449e-06	1.122886e-07	1.249119e-14	-4.611148e-09	-1.036716e-13
298	1.893491e-01	5.602045e-03	2.535837e-04	8.287048e-06	1.565794e-10	1.961432e-07	-3.461229e-10
299	1.893491e-01	5.602045e-03	2.535837e-04	8.287048e-06	1.565794e-10	1.961432e-07	-3.461229e-10
300	1.712593e-01	1.938787e-03	4.908674e-04	1.240766e-05	-5.628475e-10	-5.416925e-07	7.879321e-10
301	1.700741e-01	2.018853e-03	2.727191e-05	2.238993e-05	2.309017e-10	6.771275e-07	5.027839e-10
302	1.700741e-01	2.018853e-03	2.727191e-05	2.238993e-05	2.309017e-10	6.771275e-07	5.027839e-10
303	1.700741e-01	2.018853e-03	2.727191e-05	2.238993e-05	2.309017e-10	6.771275e-07	5.027839e-10
304	1.700741e-01	2.018853e-03	2.727191e-05	2.238993e-05	2.309017e-10	6.771275e-07	5.027839e-10
305	1.700741e-01	2.018853e-03	2.727191e-05	2.238993e-05	2.309017e-10	6.771275e-07	5.027839e-10
306	1.771137e-01	4.847576e-03	2.735583e-04	3.933508e-05	2.999689e-09	6.189758e-07	2.766033e-09
307	2.054398e-01	6.904592e-03	4.795941e-05	2.072104e-05	-7.834186e-11	1.699065e-06	6.484970e-10
308	1.847975e-01	4.039107e-03	2.027111e-04	2.473082e-05	-1.063770e-09	-1.543554e-06	-1.390879e-09
309	1.847975e-01	4.039107e-03	2.027111e-04	2.473082e-05	-1.063770e-09	-1.543554e-06	-1.390879e-09
310	1.893491e-01	8.963272e-03	0.000000e+00	0.000000e+00	0.000000e+00	0.000000e+00	0.000000e+00
311	1.893491e-01	8.963272e-03	0.000000e+00	0.000000e+00	0.000000e+00	0.000000e+00	0.000000e+00
312	1.819259e-01	3.830870e-03	2.140568e-04	1.032438e-05	-3.162853e-10	3.207595e-07	3.681500e-10
313	1.745605e-01	4.073679e-03	1.925349e-04	5.525362e-06	1.084589e-10	2.893923e-07	1.439265e-10
314	1.745605e-01	4.073679e-03	1.925349e-04	5.525362e-06	1.084589e-10	2.893923e-07	1.439265e-10
315	1.929904e-01	6.057004e-03	1.971097e-04	1.006761e-05	7.560229e-11	5.473660e-07	4.420625e-10
316	1.929904e-01	6.057004e-03	1.971097e-04	1.006761e-05	7.560229e-11	5.473660e-07	4.420625e-10
317	1.814869e-01	3.158229e-03	5.543649e-04	1.401671e-05	-8.691483e-10	-7.715955e-07	-8.781877e-10
318	1.814869e-01	3.158229e-03	5.543649e-04	1.401671e-05	-8.691483e-10	-7.715955e-07	-8.781877e-10
319	1.784251e-01	2.715666e-03	4.889255e-04	3.471168e-06	-1.725604e-11	-1.319084e-07	-1.419546e-10
320	1.805556e-01	7.716049e-03	0.000000e+00	0.000000e+00	0.000000e+00	0.000000e+00	0.000000e+00
321	1.805556e-01	7.716049e-03	0.000000e+00	0.000000e+00	0.000000e+00	0.000000e+00	0.000000e+00
322	1.805556e-01	7.716049e-03	0.000000e+00	0.000000e+00	0.000000e+00	0.000000e+00	0.000000e+00
323	1.923366e-01	7.561693e-03	6.217695e-05	9.979611e-05	4.366039e-09	8.446744e-06	-6.537209e-09
324	1.923366e-01	7.561693e-03	6.217695e-05	9.979611e-05	4.366039e-09	8.446744e-06	-6.537209e-09
325	1.923366e-01	7.561693e-03	6.217695e-05	9.979611e-05	4.366039e-09	8.446744e-06	-6.537209e-09
326	1.948111e-01	9.348619e-03	4.882669e-04	1.813136e-05	7.440729e-10	1.497044e-06	1.535164e-09
327	1.948111e-01	9.348619e-03	4.882669e-04	1.813136e-05	7.440729e-10	1.497044e-06	1.535164e-09
328	1.842963e-01	6.948170e-03	2.463723e-05	3.395172e-05	2.719648e-10	2.829930e-06	-9.435345e-10
329	1.749271e-01	6.130524e-03	5.331772e-05	9.604160e-06	2.004540e-10	7.470923e-07	8.397403e-11
330	1.749271e-01	6.130524e-03	5.331772e-05	9.604160e-06	2.004540e-10	7.470923e-07	8.397403e-11
331	1.749271e-01	6.130524e-03	5.331772e-05	9.604160e-06	2.004540e-10	7.470923e-07	8.397403e-11
332	1.801481e-01	4.361833e-03	2.595778e-04	2.356927e-05	1.803075e-09	-2.725811e-07	-3.841463e-10
333	1.801481e-01	4.361833e-03	2.595778e-04	2.356927e-05	1.803075e-09	-2.725811e-07	-3.841463e-10
334	1.924198e-01	6.844512e-03	8.476891e-04	3.080580e-06	-1.467365e-10	-1.512797e-07	5.701094e-11
335	1.893491e-01	7.250339e-03	5.625312e-04	3.420001e-05	-9.059700e-10	-2.500970e-06	4.656333e-09
336	1.893491e-01	7.250339e-03	5.625312e-04	3.420001e-05	-9.059700e-10	-2.500970e-06	4.656333e-09
337	1.727405e-01	4.611705e-03	3.743532e-04	5.910252e-06	1.244163e-10	1.339471e-07	-2.486088e-10
338	1.727405e-01	4.611705e-03	3.743532e-04	5.910252e-06	1.244163e-10	1.339471e-07	-2.486088e-10
339	1.814869e-01	3.872217e-03	1.028189e-03	2.503184e-05	-5.621932e-10	-1.344149e-06	3.976286e-09
340	1.814869e-01	3.872217e-03	1.028189e-03	2.503184e-05	-5.621932e-10	-1.344149e-06	3.976286e-09
341	1.782070e-01	1.442984e-03	1.329807e-03	2.464464e-05	-2.380997e-09	-9.238528e-07	3.773005e-09
342	1.782070e-01	1.442984e-03	1.329807e-03	2.464464e-05	-2.380997e-09	-9.238528e-07	3.773005e-09
343	1.820665e-01	3.769778e-03	6.126315e-04	3.695130e-05	1.778536e-09	-1.661334e-06	5.267452e-09
344	1.820665e-01	3.769778e-03	6.126315e-04	3.695130e-05	1.778536e-09	-1.661334e-06	5.267452e-09
345	1.763848e-01	2.061216e-03	8.063870e-05	3.267521e-05	1.606048e-09	-3.282728e-07	4.835245e-10
346	1.763848e-01	2.061216e-03	8.063870e-05	3.267521e-05	1.606048e-09	-3.282728e-07	4.835245e-10
347	1.747838e-01	2.549925e-03	5.457542e-04	8.360168e-05	-2.903612e-10	5.704429e-07	1.785516e-08
348	1.747838e-01	2.549925e-03	5.457542e-04	8.360168e-05	-2.903612e-10	5.704429e-07	1.785516e-08
349	1.656805e-01	1.260460e-03	4.512298e-04	5.013664e-05	7.541049e-09	1.779999e-06	5.162685e-22
350	1.656805e-01	1.260460e-03	4.512298e-04	5.013664e-05	7.541049e-09	1.779999e-06	5.162685e-22
351	1.694606e-01	2.715838e-03	4.711475e-04	3.748116e-05	4.980787e-09	1.953282e-06	2.716416e-22
352	1.694606e-01	2.715838e-03	4.711475e-04	3.748116e-05	4.980787e-09	1.953282e-06	2.716416e-22
353	1.694606e-01	2.715838e-03	4.711475e-04	3.748116e-05	4.980787e-09	1.953282e-06	2.716416e-22
354	1.694606e-01	2.715838e-03	4.711475e-04	3.748116e-05	4.980787e-09	1.953282e-06	2.716416e-22
355	1.694606e-01	2.715838e-03	4.711475e-04	3.748116e-05	4.980787e-09	1.953282e-06	2.716416e-22
356	1.656805e-01	1.260460e-03	4.512298e-04	5.013664e-05	7.541049e-09	1.779999e-06	-2.882468e-22
357	1.656805e-01	1.260460e-03	4.512298e-04	5.013664e-05	7.541049e-09	1.779999e-06	-2.882468e-22
358	1.656805e-01	1.260460e-03	4.512298e-04	5.013664e-05	7.541049e-09	1.779999e-06	-2.882468e-22
359	1.730324e-01	2.773290e-03	1.290481e-04	3.341615e-05	1.580885e-09	1.738860e-06	-1.521866e-09
