0	1.562500e-01	9.765625e-04	0.000000e+00	0.000000e+00	0.000000e+00	0.000000e+00	0.000000e+00
1	1.656805e-01	1.260460e-03	4.512298e-04	5.013664e-05	7.541049e-09	1.779999e-06	2.377367e-22
2	1.621720e-01	6.854340e-04	6.161159e-05	1.911229e-05	6.540070e-10	2.539865e-07	4.905150e-11
3	1.623704e-01	1.922985e-03	9.771602e-05	7.193232e-06	-1.676197e-11	1.700808e-08	1.899700e-10
4	1.623704e-01	1.922985e-03	9.771602e-05	7.193232e-06	-1.676197e-11	1.700808e-08	1.899700e-10
5	1.657715e-01	2.898276e-03	3.509005e-04	1.227163e-05	-5.046130e-10	-5.347179e-07	6.275644e-10
6	1.657715e-01	2.898276e-03	3.509005e-04	1.227163e-05	-5.046130e-10	-5.347179e-07	6.275644e-10
7	1.657715e-01	2.898276e-03	3.509005e-04	1.227163e-05	-5.046130e-10	-5.347179e-07	6.275644e-10
8	1.657715e-01	2.898276e-03	3.509005e-04	1.227163e-05	-5.046130e-10	-5.347179e-07	6.275644e-10
9	1.657715e-01	2.898276e-03	3.509005e-04	1.227163e-05	-5.046130e-10	-5.347179e-07	6.275644e-10
10	1.657715e-01	2.898276e-03	3.509005e-04	1.227163e-05	-5.046130e-10	-5.347179e-07	6.275644e-10
11	1.657715e-01	2.898276e-03	3.509005e-04	1.227163e-05	-5.046130e-10	-5.347179e-07	6.275644e-10
12	1.682963e-01	1.670145e-03	6.446152e-04	4.050635e-07	-2.977533e-12	1.585938e-08	-5.828919e-12
13	1.682963e-01	1.670145e-03	6.446152e-04	4.050635e-07	-2.977533e-12	1.585938e-08	-5.828919e-12
14	1.699219e-01	1.346588e-03	7.148087e-04	1.937151e-06	-6.193712e-11	-5.873153e-08	3.687717e-11
15	1.730370e-01	3.793997e-03	2.192588e-04	2.466070e-06	-5.600868e-11	-1.517514e-07	-1.230203e-11
16	1.730370e-01	3.793997e-03	2.192588e-04	2.466070e-06	-5.600868e-11	-1.517514e-07	-1.230203e-11
17	1.688889e-01	1.975309e-03	3.785743e-31	4.807618e-31	1.866888e-61	1.523860e-32	8.493666e-62
18	1.688889e-01	1.975309e-03	3.785743e-31	4.807618e-31	1.866888e-61	1.523860e-32	8.493666e-62
19	1.688889e-01	1.975309e-03	3.785743e-31	4.807618e-31	1.866888e-61	1.523860e-32	8.493666e-62
20	1.720117e-01	4.419927e-03	3.062459e-04	2.505972e-06	1.782637e-11	1.587822e-07	-6.709459e-11
21	1.720117e-01	4.419927e-03	3.062459e-04	2.505972e-06	1.782637e-11	1.587822e-07	-6.709459e-11
22	1.629630e-01	9.305898e-04	1.221602e-04	1.603008e-05	5.081214e-10	4.804567e-07	4.949829e-10
23	1.629630e-01	9.305898e-04	1.221602e-04	1.603008e-05	5.081214e-10	4.804567e-07	4.949829e-10
24	1.629630e-01	9.305898e-04	1.221602e-04	1.603008e-05	5.081214e-10	4.804567e-07	4.949829e-10
25	1.599121e-01	1.249373e-03	6.207323e-06	2.303219e-06	8.662953e-12	-5.857160e-09	-8.917866e-13
26	1.599121e-01	1.249373e-03	6.207323e-06	2.303219e-06	8.662953e-12	-5.857160e-09	-8.917866e-13
27	1.599121e-01	1.249373e-03	6.207323e-06	2.303219e-06	8.662953e-12	-5.857160e-09	-8.917866e-13
28	1.647407e-01	3.156631e-03	2.020444e-04	9.461868e-06	1.045182e-10	-1.345546e-07	-4.002826e-10
29	1.647407e-01	3.156631e-03	2.020444e-04	9.461868e-06	1.045182e-10	-1.345546e-07	-4.002826e-10
30	1.628418e-01	1.279414e-03	6.051341e-04	8.819450e-06	5.230283e-10	1.958972e-07	-3.762497e-10
31	1.599121e-01	1.249373e-03	6.207323e-06	2.303219e-06	8.662953e-12	-5.857160e-09	-8.917866e-13
32	1.599121e-01	1.249373e-03	6.207323e-06	2.303219e-06	8.662953e-12	-5.857160e-09	-8.917866e-13
33	1.599121e-01	1.249373e-03	6.207323e-06	2.303219e-06	8.662953e-12	-5.857160e-09	-8.917866e-13
34	1.599121e-01	1.249373e-03	6.207323e-06	2.303219e-06	8.662953e-12	-5.857160e-09	-8.917866e-13
35	1.612050e-01	4.858816e-04	1.148126e-04	6.620744e-06	-1.384387e-10	-1.404248e-07	1.189752e-10
36	1.612050e-01	4.858816e-04	1.148126e-04	6.620744e-06	-1.384387e-10	-1.404248e-07	1.189752e-10
37	1.748148e-01	1.436269e-03	2.706540e-04	3.393304e-06	-5.162079e-11	7.189952e-08	8.894016e-11
38	1.748148e-01	1.436269e-03	2.706540e-04	3.393304e-06	-5.162079e-11	7.189952e-08	8.894016e-11
39	1.748148e-01	1.436269e-03	2.706540e-04	3.393304e-06	-5.162079e-11	7.189952e-08	8.894016e-11
40	1.777778e-01	6.320988e-03	1.312656e-31	3.653012e-31	6.318839e-62	2.354107e-32	-4.905210e-62
41	1.777778e-01	6.320988e-03	1.312656e-31	3.653012e-31	6.318839e-62	2.354107e-32	-4.905210e-62
42	1.693466e-01	1.734723e-03	1.342776e-04	5.626376e-06	-1.543411e-10	1.139743e-07	9.742006e-12
43	1.580405e-01	6.142939e-04	1.383730e-04	2.483448e-06	-4.603712e-11	-6.155214e-08	-2.085598e-24
44	1.580405e-01	6.142939e-04	1.383730e-04	2.483448e-06	-4.603712e-11	-6.155214e-08	-2.085598e-24
45	1.595766e-01	4.242349e-05	1.366076e-05	4.082441e-06	3.048718e-11	-2.659029e-08	-4.616237e-24
46	1.669922e-01	1.764297e-04	1.089647e-05	8.512288e-06	8.189595e-11	6.059054e-08	3.730349e-12
47	1.595766e-01	4.242349e-05	1.366076e-05	4.082441e-06	3.048718e-11	-2.659029e-08	-4.616237e-24
48	1.595766e-01	4.242349e-05	1.366076e-05	4.082441e-06	3.048718e-11	-2.659029e-08	-4.616237e-24
49	1.591797e-01	5.578995e-04	2.455898e-04	2.879649e-06	6.645830e-11	-1.775697e-08	3.804956e-11
50	1.647407e-01	1.497372e-03	3.266732e-04	1.834637e-05	8.922065e-10	-3.228212e-07	1.105096e-09
51	1.581633e-01	2.108496e-03	0.000000e+00	0.000000e+00	0.000000e+00	0.000000e+00	0.000000e+00
52	1.581633e-01	2.108496e-03	0.000000e+00	0.000000e+00	0.000000e+00	0.000000e+00	0.000000e+00
53	1.675011e-01	2.071762e-03	4.189165e-05	3.114301e-05	-6.791029e-11	1.093108e-06	-1.122824e-09
54	1.647230e-01	4.781171e-04	9.478707e-05	1.707406e-05	6.335338e-10	1.131398e-07	2.653994e-10
55	1.647230e-01	4.781171e-04	9.478707e-05	1.707406e-05	6.335338e-10	1.131398e-07	2.653994e-10
56	1.754074e-01	2.028335e-03	1.683507e-04	4.835373e-06	1.036339e-10	1.709102e-07	-9.106548e-11
57	1.754074e-01	2.028335e-03	1.683507e-04	4.835373e-06	1.036339e-10	1.709102e-07	-9.106548e-11
58	1.660900e-01	1.848073e-03	1.754648e-05	1.317936e-05	-1.361772e-10	5.611446e-07	-1.470478e-10
59	1.599121e-01	1.249373e-03	6.207323e-06	2.303219e-06	8.662953e-12	-5.857160e-09	-8.917866e-13
60	1.599121e-01	1.249373e-03	6.207323e-06	2.303219e-06	8.662953e-12	-5.857160e-09	-8.917866e-13
61	1.599121e-01	1.249373e-03	6.207323e-06	2.303219e-06	8.662953e-12	-5.857160e-09	-8.917866e-13
62	1.632404e-01	9.208881e-04	2.332847e-04	2.703312e-06	5.144309e-11	4.425903e-08	-4.429751e-11
63	1.632404e-01	9.208881e-04	2.332847e-04	2.703312e-06	5.144309e-11	4.425903e-08	-4.429751e-11
64	1.632404e-01	9.208881e-04	2.332847e-04	2.703312e-06	5.144309e-11	4.425903e-08	-4.429751e-11
65	1.628418e-01	1.279414e-03	6.051341e-04	8.819450e-06	5.230283e-10	1.958972e-07	3.762497e-10
66	1.599121e-01	1.249373e-03	6.207323e-06	2.303219e-06	8.662953e-12	-5.857160e-09	8.917866e-13
67	1.599121e-01	1.249373e-03	6.207323e-06	2.303219e-06	8.662953e-12	-5.857160e-09	8.917866e-13
68	1.599121e-01	1.249373e-03	6.207323e-06	2.303219e-06	8.662953e-12	-5.857160e-09	8.917866e-13
69	1.647949e-01	6.223321e-04	3.453161e-04	1.592591e-05	6.369459e-10	-6.566940e-08	9.945631e-10
70	1.647949e-01	6.223321e-04	3.453161e-04	1.592591e-05	6.369459e-10	-6.566940e-08	9.945631e-10
71	1.621094e-01	9.536743e-05	4.948676e-04	9.924173e-06	4.381295e-11	-2.986053e-08	6.941008e-10
72	1.621094e-01	9.536743e-05	4.948676e-04	9.924173e-06	4.381295e-11	-2.986053e-08	6.941008e-10
73	1.659259e-01	8.779150e-04	2.240309e-04	7.088350e-06	2.122830e-10	7.090759e-08	1.863465e-10
74	1.659259e-01	8.779150e-04	2.240309e-04	7.088350e-06	2.122830e-10	7.090759e-08	1.863465e-10
75	1.608887e-01	1.588464e-04	8.979376e-05	5.840615e-06	8.891305e-11	7.356969e-08	-9.992469e-11
76	1.608887e-01	1.588464e-04	8.979376e-05	5.840615e-06	8.891305e-11	7.356969e-08	-9.992469e-11
77	1.611852e-01	8.442030e-04	5.874472e-04	9.612167e-06	7.207943e-10	2.569390e-07	4.658224e-11
78	1.611852e-01	8.442030e-04	5.874472e-04	9.612167e-06	7.207943e-10	2.569390e-07	4.658224e-11
79	1.647407e-01	1.497372e-03	3.266732e-04	1.834637e-05	8.922065e-10	-3.228212e-07	-1.105096e-09
80	1.647407e-01	1.497372e-03	3.266732e-04	1.834637e-05	8.922065e-10	-3.228212e-07	-1.105096e-09
81	1.657715e-01	2.898276e-03	3.509005e-04	1.227163e-05	-5.046130e-10	-5.347179e-07	-6.275644e-10
82	1.657715e-01	2.898276e-03	3.509005e-04	1.227163e-05	-5.046130e-10	-5.347179e-07	-6.275644e-10
83	1.657715e-01	2.898276e-03	3.509005e-04	1.227163e-05	-5.046130e-10	-5.347179e-07	-6.275644e-10
84	1.657715e-01	2.898276e-03	3.509005e-04	1.227163e-05	-5.046130e-10	-5.347179e-07	-6.275644e-10
85	1.657715e-01	2.898276e-03	3.509005e-04	1.227163e-05	-5.046130e-10	-5.347179e-07	-6.275644e-10
86	1.647407e-01	3.156631e-03	2.020444e-04	9.461868e-06	1.045182e-10	-1.345546e-07	-4.002826e-10
87	1.647407e-01	3.156631e-03	2.020444e-04	9.461868e-06	1.045182e-10	-1.345546e-07	-4.002826e-10
88	1.610787e-01	1.581505e-03	1.757742e-04	9.419852e-06	1.223129e-10	2.038376e-07	-3.632654e-10
89	1.610787e-01	1.581505e-03	1.757742e-04	9.419852e-06	1.223129e-10	2.038376e-07	-3.632654e-10
90	1.562500e-01	9.765625e-04	0.000000e+00	0.000000e+00	0.000000e+00	0.000000e+00	0.000000e+00
91	1.656805e-01	1.260460e-03	4.512298e-04	5.013664e-05	7.541049e-09	1.779999e-06	-1.137552e-21
92	1.621720e-01	6.854340e-04	6.161159e-05	1.911229e-05	6.540070e-10	2.539865e-07	4.905150e-11
93	1.623704e-01	1.922985e-03	9.771602e-05	7.193232e-06	-1.676197e-11	1.700808e-08	1.899700e-10
94	1.623704e-01	1.922985e-03	9.771602e-05	7.193232e-06	-1.676197e-11	1.700808e-08	1.899700e-10
95	1.657715e-01	2.898276e-03	3.509005e-04	1.227163e-05	-5.046130e-10	-5.347179e-07	6.275644e-10
96	1.657715e-01	2.898276e-03	3.509005e-04	1.227163e-05	-5.046130e-10	-5.347179e-07	6.275644e-10
97	1.657715e-01	2.898276e-03	3.509005e-04	1.227163e-05	-5.046130e-10	-5.347179e-07	6.275644e-10
98	1.657715e-01	2.898276e-03	3.509005e-04	1.227163e-05	-5.046130e-10	-5.347179e-07	6.275644e-10
99	1.657715e-01	2.898276e-03	3.509005e-04	1.227163e-05	-5.046130e-10	-5.347179e-07	6.275644e-10
100	1.657715e-01	2.898276e-03	3.509005e-04	1.227163e-05	-5.046130e-10	-5.347179e-07	6.275644e-10
101	1.657715e-01	2.898276e-03	3.509005e-04	1.227163e-05	-5.046130e-10	-5.347179e-07	6.275644e-10
102	1.682963e-01	1.670145e-03	6.446152e-04	4.050635e-07	-2.977533e-12	1.585938e-08	-5.828919e-12
103	1.682963e-01	1.670145e-03	6.446152e-04	4.050635e-07	-2.977533e-12	1.585938e-08	-5.828919e-12
104	1.699219e-01	1.346588e-03	7.148087e-04	1.937151e-06	-6.193712e-11	-5.873153e-08	3.687717e-11
105	1.730370e-01	3.793997e-03	2.192588e-04	2.466070e-06	-5.600868e-11	-1.517514e-07	-1.230203e-11
106	1.730370e-01	3.793997e-03	2.192588e-04	2.466070e-06	-5.600868e-11	-1.517514e-07	-1.230203e-11
107	1.688889e-01	1.975309e-03	1.667312e-31	3.805886e-31	6.984565e-62	-1.525154e-32	-6.567372e-62
108	1.688889e-01	1.975309e-03	1.667312e-31	3.805886e-31	6.984565e-62	-1.525154e-32	-6.567372e-62
109	1.688889e-01	1.975309e-03	1.667312e-31	3.805886e-31	6.984565e-62	-1.525154e-32	-6.567372e-62
110	1.720117e-01	4.419927e-03	3.062459e-04	2.505972e-06	1.782637e-11	1.587822e-07	-6.709459e-11
111	1.720117e-01	4.419927e-03	3.062459e-04	2.505972e-06	1.782637e-11	1.587822e-07	-6.709459e-11
112	1.629630e-01	9.305898e-04	1.221602e-04	1.603008e-05	5.081214e-10	4.804567e-07	4.949829e-10
113	1.629630e-01	9.305898e-04	1.221602e-04	1.603008e-05	5.081214e-10	4.804567e-07	4.949829e-10
114	1.629630e-01	9.305898e-04	1.221602e-04	1.603008e-05	5.081214e-10	4.804567e-07	4.949829e-10
115	1.599121e-01	1.249373e-03	6.207323e-06	2.303219e-06	8.662953e-12	-5.857160e-09	-8.917866e-13
116	1.599121e-01	1.249373e-03	6.207323e-06	2.303219e-06	8.662953e-12	-5.857160e-09	-8.917866e-13
117	1.599121e-01	1.249373e-03	6.207323e-06	2.303219e-06	8.662953e-12	-5.857160e-09	-8.917866e-13
118	1.647407e-01	3.156631e-03	2.020444e-04	9.461868e-06	1.045182e-10	-1.345546e-07	-4.002826e-10
119	1.647407e-01	3.156631e-03	2.020444e-04	9.461868e-06	1.045182e-10	-1.345546e-07	-4.002826e-10
120	1.628418e-01	1.279414e-03	6.051341e-04	8.819450e-06	5.230283e-10	1.958972e-07	-3.762497e-10
121	1.599121e-01	1.249373e-03	6.207323e-06	2.303219e-06	8.662953e-12	-5.857160e-09	-8.917866e-13
122	1.599121e-01	1.249373e-03	6.207323e-06	2.303219e-06	8.662953e-12	-5.857160e-09	-8.917866e-13
123	1.599121e-01	1.249373e-03	6.207323e-06	2.303219e-06	8.662953e-12	-5.857160e-09	-8.917866e-13
124	1.599121e-01	1.249373e-03	6.207323e-06	2.303219e-06	8.662953e-12	-5.857160e-09	-8.917866e-13
125	1.612050e-01	4.858816e-04	1.148126e-04	6.620744e-06	-1.384387e-10	-1.404248e-07	1.189752e-10
126	1.612050e-01	4.858816e-04	1.148126e-04	6.620744e-06	-1.384387e-10	-1.404248e-07	1.189752e-10
127	1.748148e-01	1.436269e-03	2.706540e-04	3.393304e-06	-5.162079e-11	7.189952e-08	8.894016e-11
128	1.748148e-01	1.436269e-03	2.706540e-04	3.393304e-06	-5.162079e-11	7.189952e-08	8.894016e-11
129	1.748148e-01	1.436269e-03	2.706540e-04	3.393304e-06	-5.162079e-11	7.189952e-08	8.894016e-11
130	1.777778e-01	6.320988e-03	4.318008e-31	5.036961e-31	2.273525e-61	-3.715581e-32	5.909144e-62
131	1.777778e-01	6.320988e-03	4.318008e-31	5.036961e-31	2.273525e-61	-3.715581e-32	5.909144e-62
132	1.693466e-01	1.734723e-03	1.342776e-04	5.626376e-06	-1.543411e-10	1.139743e-07	9.742006e-12
133	1.580405e-01	6.142939e-04	1.383730e-04	2.483448e-06	-4.603712e-11	-6.155214e-08	-2.278041e-24
134	1.580405e-01	6.142939e-04	1.383730e-04	2.483448e-06	-4.603712e-11	-6.155214e-08	-2.278041e-24
135	1.595766e-01	4.242349e-05	1.366076e-05	4.082441e-06	3.048718e-11	-2.659029e-08	4.961178e-25
136	1.669922e-01	1.764297e-04	1.089647e-05	8.512288e-06	8.189595e-11	6.059054e-08	3.730349e-12
137	1.595766e-01	4.242349e-05	1.366076e-05	4.082441e-06	3.048718e-11	-2.659029e-08	4.961178e-25
138	1.595766e-01	4.242349e-05	1.366076e-05	4.082441e-06	3.048718e-11	-2.659029e-08	4.961178e-25
139	1.591797e-01	5.578995e-04	2.455898e-04	2.879649e-06	6.645830e-11	-1.775697e-08	3.804956e-11
140	1.647407e-01	1.497372e-03	3.266732e-04	1.834637e-05	8.922065e-10	-3.228212e-07	1.105096e-09
141	1.581633e-01	2.108496e-03	0.000000e+00	0.000000e+00	0.000000e+00	0.000000e+00	0.000000e+00
142	1.581633e-01	2.108496e-03	0.000000e+00	0.000000e+00	0.000000e+00	0.000000e+00	0.000000e+00
143	1.675011e-01	2.071762e-03	4.189165e-05	3.114301e-05	-6.791029e-11	1.093108e-06	-1.122824e-09
144	1.647230e-01	4.781171e-04	9.478707e-05	1.707406e-05	6.335338e-10	1.131398e-07	2.653994e-10
145	1.647230e-01	4.781171e-04	9.478707e-05	1.707406e-05	6.335338e-10	1.131398e-07	2.653994e-10
146	1.754074e-01	2.028335e-03	1.683507e-04	4.835373e-06	1.036339e-10	1.709102e-07	-9.106548e-11
147	1.754074e-01	2.028335e-03	1.683507e-04	4.835373e-06	1.036339e-10	1.709102e-07	-9.106548e-11
148	1.660900e-01	1.848073e-03	1.754648e-05	1.317936e-05	-1.361772e-10	5.611446e-07	-1.470478e-10
149	1.599121e-01	1.249373e-03	6.207323e-06	2.303219e-06	8.662953e-12	-5.857160e-09	-8.917866e-13
150	1.599121e-01	1.249373e-03	6.207323e-06	2.303219e-06	8.662953e-12	-5.857160e-09	-8.917866e-13
151	1.599121e-01	1.249373e-03	6.207323e-06	2.303219e-06	8.662953e-12	-5.857160e-09	-8.917866e-13
152	1.632404e-01	9.208881e-04	2.332847e-04	2.703312e-06	5.144309e-11	4.425903e-08	-4.429751e-11
153	1.632404e-01	9.208881e-04	2.332847e-04	2.703312e-06	5.144309e-11	4.425903e-08	-4.429751e-11
154	1.632404e-01	9.208881e-04	2.332847e-04	2.703312e-06	5.144309e-11	4.425903e-08	-4.429751e-11
155	1.628418e-01	1.279414e-03	6.051341e-04	8.819450e-06	5.230283e-10	1.958972e-07	3.762497e-10
156	1.599121e-01	1.249373e-03	6.207323e-06	2.303219e-06	8.662953e-12	-5.857160e-09	8.917866e-13
157	1.599121e-01	1.249373e-03	6.207323e-06	2.303219e-06	8.662953e-12	-5.857160e-09	8.917866e-13
158	1.599121e-01	1.249373e-03	6.207323e-06	2.303219e-06	8.662953e-12	-5.857160e-09	8.917866e-13
159	1.647949e-01	6.223321e-04	3.453161e-04	1.592591e-05	6.369459e-10	-6.566940e-08	9.945631e-10
160	1.647949e-01	6.223321e-04	3.453161e-04	1.592591e-05	6.369459e-10	-6.566940e-08	9.945631e-10
161	1.621094e-01	9.536743e-05	4.948676e-04	9.924173e-06	4.381295e-11	-2.986053e-08	6.941008e-10
162	1.621094e-01	9.536743e-05	4.948676e-04	9.924173e-06	4.381295e-11	-2.986053e-08	6.941008e-10
163	1.659259e-01	8.779150e-04	2.240309e-04	7.088350e-06	2.122830e-10	7.090759e-08	1.863465e-10
164	1.659259e-01	8.779150e-04	2.240309e-04	7.088350e-06	2.122830e-10	7.090759e-08	1.863465e-10
165	1.608887e-01	1.588464e-04	8.979376e-05	5.840615e-06	8.891305e-11	7.356969e-08	-9.992469e-11
166	1.608887e-01	1.588464e-04	8.979376e-05	5.840615e-06	8.891305e-11	7.356969e-08	-9.992469e-11
167	1.611852e-01	8.442030e-04	5.874472e-04	9.612167e-06	7.207943e-10	2.569390e-07	4.658224e-11
168	1.611852e-01	8.442030e-04	5.874472e-04	9.612167e-06	7.207943e-10	2.569390e-07	4.658224e-11
169	1.647407e-01	1.497372e-03	3.266732e-04	1.834637e-05	8.922065e-10	-3.228212e-07	-1.105096e-09
170	1.647407e-01	1.497372e-03	3.266732e-04	1.834637e-05	8.922065e-10	-3.228212e-07	-1.105096e-09
171	1.657715e-01	2.898276e-03	3.509005e-04	1.227163e-05	-5.046130e-10	-5.347179e-07	-6.275644e-10
172	1.657715e-01	2.898276e-03	3.509005e-04	1.227163e-05	-5.046130e-10	-5.347179e-07	-6.275644e-10
173	1.657715e-01	2.898276e-03	3.509005e-04	1.227163e-05	-5.046130e-10	-5.347179e-07	-6.275644e-10
174	1.657715e-01	2.898276e-03	3.509005e-04	1.227163e-05	-5.046130e-10	-5.347179e-07	-6.275644e-10
175	1.657715e-01	2.898276e-03	3.509005e-04	1.227163e-05	-5.046130e-10	-5.347179e-07	-6.275644e-10
176	1.647407e-01	3.156631e-03	2.020444e-04	9.461868e-06	1.045182e-10	-1.345546e-07	-4.002826e-10
177	1.647407e-01	3.156631e-03	2.020444e-04	9.461868e-06	1.045182e-10	-1.345546e-07	-4.002826e-10
178	1.610787e-01	1.581505e-03	1.757742e-04	9.419852e-06	1.223129e-10	2.038376e-07	-3.632654e-10
179	1.610787e-01	1.581505e-03	1.757742e-04	9.419852e-06	1.223129e-10	2.038376e-07	-3.632654e-10
180	1.562500e-01	9.765625e-04	0.000000e+00	0.000000e+00	0.000000e+00	0.000000e+00	0.000000e+00
181	1.656805e-01	1.260460e-03	4.512298e-04	5.013664e-05	7.541049e-09	1.779999e-06	-2.241718e-22
182	1.621720e-01	6.854340e-04	6.161159e-05	1.911229e-05	6.540070e-10	2.539865e-07	4.905150e-11
183	1.623704e-01	1.922985e-03	9.771602e-05	7.193232e-06	-1.676197e-11	1.700808e-08	1.899700e-10
184	1.623704e-01	1.922985e-03	9.771602e-05	7.193232e-06	-1.676197e-11	1.700808e-08	1.899700e-10
185	1.657715e-01	2.898276e-03	3.509005e-04	1.227163e-05	-5.046130e-10	-5.347179e-07	6.275644e-10
186	1.657715e-01	2.898276e-03	3.509005e-04	1.227163e-05	-5.046130e-10	-5.347179e-07	6.275644e-10
187	1.657715e-01	2.898276e-03	3.509005e-04	1.227163e-05	-5.046130e-10	-5.347179e-07	6.275644e-10
188	1.657715e-01	2.898276e-03	3.509005e-04	1.227163e-05	-5.046130e-10	-5.347179e-07	6.275644e-10
189	1.657715e-01	2.898276e-03	3.509005e-04	1.227163e-05	-5.046130e-10	-5.347179e-07	6.275644e-10
190	1.657715e-01	2.898276e-03	3.509005e-04	1.227163e-05	-5.046130e-10	-5.347179e-07	6.275644e-10
191	1.657715e-01	2.898276e-03	3.509005e-04	1.227163e-05	-5.046130e-10	-5.347179e-07	6.275644e-10
192	1.682963e-01	1.670145e-03	6.446152e-04	4.050635e-07	-2.977533e-12	1.585938e-08	-5.828919e-12
193	1.682963e-01	1.670145e-03	6.446152e-04	4.050635e-07	-2.977533e-12	1.585938e-08	-5.828919e-12
194	1.699219e-01	1.346588e-03	7.148087e-04	1.937151e-06	-6.193712e-11	-5.873153e-08	3.687717e-11
195	1.730370e-01	3.793997e-03	2.192588e-04	2.466070e-06	-5.600868e-11	-1.517514e-07	-1.230203e-11
196	1.730370e-01	3.793997e-03	2.192588e-04	2.466070e-06	-5.600868e-11	-1.517514e-07	-1.230203e-11
197	1.688889e-01	1.975309e-03	4.318008e-31	5.036961e-31	2.273525e-61	1.675792e-32	5.909144e-62
198	1.688889e-01	1.975309e-03	4.318008e-31	5.036961e-31	2.273525e-61	1.675792e-32	5.909144e-62
199	1.688889e-01	1.975309e-03	4.318008e-31	5.036961e-31	2.273525e-61	1.675792e-32	5.909144e-62
200	1.720117e-01	4.419927e-03	3.062459e-04	2.505972e-06	1.782637e-11	1.587822e-07	-6.709459e-11
201	1.720117e-01	4.419927e-03	3.062459e-04	2.505972e-06	1.782637e-11	1.587822e-07	-6.709459e-11
202	1.629630e-01	9.305898e-04	1.221602e-04	1.603008e-05	5.081214e-10	4.804567e-07	4.949829e-10
203	1.629630e-01	9.305898e-04	1.221602e-04	1.603008e-05	5.081214e-10	4.804567e-07	4.949829e-10
204	1.629630e-01	9.305898e-04	1.221602e-04	1.603008e-05	5.081214e-10	4.804567e-07	4.949829e-10
205	1.599121e-01	1.249373e-03	6.207323e-06	2.303219e-06	8.662953e-12	-5.857160e-09	-8.917866e-13
206	1.599121e-01	1.249373e-03	6.207323e-06	2.303219e-06	8.662953e-12	-5.857160e-09	-8.917866e-13
207	1.599121e-01	1.249373e-03	6.207323e-06	2.303219e-06	8.662953e-12	-5.857160e-09	-8.917866e-13
208	1.647407e-01	3.156631e-03	2.020444e-04	9.461868e-06	1.045182e-10	-1.345546e-07	-4.002826e-10
209	1.647407e-01	3.156631e-03	2.020444e-04	9.461868e-06	1.045182e-10	-1.345546e-07	-4.002826e-10
210	1.628418e-01	1.279414e-03	6.051341e-04	8.819450e-06	5.230283e-10	1.958972e-07	-3.762497e-10
211	1.599121e-01	1.249373e-03	6.207323e-06	2.303219e-06	8.662953e-12	-5.857160e-09	-8.917866e-13
212	1.599121e-01	1.249373e-03	6.207323e-06	2.303219e-06	8.662953e-12	-5.857160e-09	-8.917866e-13
213	1.599121e-01	1.249373e-03	6.207323e-06	2.303219e-06	8.662953e-12	-5.857160e-09	-8.917866e-13
214	1.599121e-01	1.249373e-03	6.207323e-06	2.303219e-06	8.662953e-12	-5.857160e-09	-8.917866e-13
215	1.612050e-01	4.858816e-04	1.148126e-04	6.620744e-06	-1.384387e-10	-1.404248e-07	1.189752e-10
216	1.612050e-01	4.858816e-04	1.148126e-04	6.620744e-06	-1.384387e-10	-1.404248e-07	1.189752e-10
217	1.748148e-01	1.436269e-03	2.706540e-04	3.393304e-06	-5.162079e-11	7.189952e-08	8.894016e-11
218	1.748148e-01	1.436269e-03	2.706540e-04	3.393304e-06	-5.162079e-11	7.189952e-08	8.894016e-11
219	1.748148e-01	1.436269e-03	2.706540e-04	3.393304e-06	-5.162079e-11	7.189952e-08	8.894016e-11
220	1.777778e-01	6.320988e-03	4.220338e-31	4.997298e-31	2.204068e-61	3.698952e-32	6.394986e-62
221	1.777778e-01	6.320988e-03	4.220338e-31	4.997298e-31	2.204068e-61	3.698952e-32	6.394986e-62
222	1.693466e-01	1.734723e-03	1.342776e-04	5.626376e-06	-1.543411e-10	1.139743e-07	9.742006e-12
223	1.580405e-01	6.142939e-04	1.383730e-04	2.483448e-06	-4.603712e-11	-6.155214e-08	6.639869e-24
224	1.580405e-01	6.142939e-04	1.383730e-04	2.483448e-06	-4.603712e-11	-6.155214e-08	6.639869e-24
225	1.595766e-01	4.242349e-05	1.366076e-05	4.082441e-06	3.048718e-11	-2.659029e-08	-1.235090e-24
226	1.669922e-01	1.764297e-04	1.089647e-05	8.512288e-06	8.189595e-11	6.059054e-08	3.730349e-12
227	1.595766e-01	4.242349e-05	1.366076e-05	4.082441e-06	3.048718e-11	-2.659029e-08	-1.235090e-24
228	1.595766e-01	4.242349e-05	1.366076e-05	4.082441e-06	3.048718e-11	-2.659029e-08	-1.235090e-24
229	1.591797e-01	5.578995e-04	2.455898e-04	2.879649e-06	6.645830e-11	-1.775697e-08	3.804956e-11
230	1.647407e-01	1.497372e-03	3.266732e-04	1.834637e-05	8.922065e-10	-3.228212e-07	1.105096e-09
231	1.581633e-01	2.108496e-03	0.000000e+00	0.000000e+00	0.000000e+00	0.000000e+00	0.000000e+00
232	1.581633e-01	2.108496e-03	0.000000e+00	0.000000e+00	0.000000e+00	0.000000e+00	0.000000e+00
233	1.675011e-01	2.071762e-03	4.189165e-05	3.114301e-05	-6.791029e-11	1.093108e-06	-1.122824e-09
234	1.647230e-01	4.781171e-04	9.478707e-05	1.707406e-05	6.335338e-10	1.131398e-07	2.653994e-10
235	1.647230e-01	4.781171e-04	9.478707e-05	1.707406e-05	6.335338e-10	1.131398e-07	2.653994e-10
236	1.754074e-01	2.028335e-03	1.683507e-04	4.835373e-06	1.036339e-10	1.709102e-07	-9.106548e-11
237	1.754074e-01	2.028335e-03	1.683507e-04	4.835373e-06	1.036339e-10	1.709102e-07	-9.106548e-11
238	1.660900e-01	1.848073e-03	1.754648e-05	1.317936e-05	-1.361772e-10	5.611446e-07	-1.470478e-10
239	1.599121e-01	1.249373e-03	6.207323e-06	2.303219e-06	8.662953e-12	-5.857160e-09	-8.917866e-13
240	1.599121e-01	1.249373e-03	6.207323e-06	2.303219e-06	8.662953e-12	-5.857160e-09	-8.917866e-13
241	1.599121e-01	1.249373e-03	6.207323e-06	2.303219e-06	8.662953e-12	-5.857160e-09	-8.917866e-13
242	1.632404e-01	9.208881e-04	2.332847e-04	2.703312e-06	5.144309e-11	4.425903e-08	-4.429751e-11
243	1.632404e-01	9.208881e-04	2.332847e-04	2.703312e-06	5.144309e-11	4.425903e-08	-4.429751e-11
244	1.632404e-01	9.208881e-04	2.332847e-04	2.703312e-06	5.144309e-11	4.425903e-08	-4.429751e-11
245	1.628418e-01	1.279414e-03	6.051341e-04	8.819450e-06	5.230283e-10	1.958972e-07	3.762497e-10
246	1.599121e-01	1.249373e-03	6.207323e-06	2.303219e-06	8.662953e-12	-5.857160e-09	8.917866e-13
247	1.599121e-01	1.249373e-03	6.207323e-06	2.303219e-06	8.662953e-12	-5.857160e-09	8.917866e-13
248	1.599121e-01	1.249373e-03	6.207323e-06	2.303219e-06	8.662953e-12	-5.857160e-09	8.917866e-13
249	1.647949e-01	6.223321e-04	3.453161e-04	1.592591e-05	6.369459e-10	-6.566940e-08	9.945631e-10
250	1.647949e-01	6.223321e-04	3.453161e-04	1.592591e-05	6.369459e-10	-6.566940e-08	9.945631e-10
251	1.621094e-01	9.536743e-05	4.948676e-04	9.924173e-06	4.381295e-11	-2.986053e-08	6.941008e-10
252	1.621094e-01	9.536743e-05	4.948676e-04	9.924173e-06	4.381295e-11	-2.986053e-08	6.941008e-10
253	1.659259e-01	8.779150e-04	2.240309e-04	7.088350e-06	2.122830e-10	7.090759e-08	1.863465e-10
254	1.659259e-01	8.779150e-04	2.240309e-04	7.088350e-06	2.122830e-10	7.090759e-08	1.863465e-10
255	1.608887e-01	1.588464e-04	8.979376e-05	5.840615e-06	8.891305e-11	7.356969e-08	-9.992469e-11
256	1.608887e-01	1.588464e-04	8.979376e-05	5.840615e-06	8.891305e-11	7.356969e-08	-9.992469e-11
257	1.611852e-01	8.442030e-04	5.874472e-04	9.612167e-06	7.207943e-10	2.569390e-07	4.658224e-11
258	1.611852e-01	8.442030e-04	5.874472e-04	9.612167e-06	7.207943e-10	2.569390e-07	4.658224e-11
259	1.647407e-01	1.497372e-03	3.266732e-04	1.834637e-05	8.922065e-10	-3.228212e-07	-1.105096e-09
260	1.647407e-01	1.497372e-03	3.266732e-04	1.834637e-05	8.922065e-10	-3.228212e-07	-1.105096e-09
261	1.657715e-01	2.898276e-03	3.509005e-04	1.227163e-05	-5.046130e-10	-5.347179e-07	-6.275644e-10
262	1.657715e-01	2.898276e-03	3.509005e-04	1.227163e-05	-5.046130e-10	-5.347179e-07	-6.275644e-10
263	1.657715e-01	2.898276e-03	3.509005e-04	1.227163e-05	-5.046130e-10	-5.347179e-07	-6.275644e-10
264	1.657715e-01	2.898276e-03	3.509005e-04	1.227163e-05	-5.046130e-10	-5.347179e-07	-6.275644e-10
265	1.657715e-01	2.898276e-03	3.509005e-04	1.227163e-05	-5.046130e-10	-5.347179e-07	-6.275644e-10
266	1.647407e-01	3.156631e-03	2.020444e-04	9.461868e-06	1.045182e-10	-1.345546e-07	-4.002826e-10
267	1.647407e-01	3.156631e-03	2.020444e-04	9.461868e-06	1.045182e-10	-1.345546e-07	-4.002826e-10
268	1.610787e-01	1.581505e-03	1.757742e-04	9.419852e-06	1.223129e-10	2.038376e-07	-3.632654e-10
269	1.610787e-01	1.581505e-03	1.757742e-04	9.419852e-06	1.223129e-10	2.038376e-07	-3.632654e-10
270	1.562500e-01	9.765625e-04	0.000000e+00	0.000000e+00	0.000000e+00	0.000000e+00	0.000000e+00
271	1.656805e-01	1.260460e-03	4.512298e-04	5.013664e-05	7.541049e-09	1.779999e-06	1.419362e-21
272	1.621720e-01	6.854340e-04	6.161159e-05	1.911229e-05	6.540070e-10	2.539865e-07	4.905150e-11
273	1.623704e-01	1.922985e-03	9.771602e-05	7.193232e-06	-1.676197e-11	1.700808e-08	1.899700e-10
274	1.623704e-01	1.922985e-03	9.771602e-05	7.193232e-06	-1.676197e-11	1.700808e-08	1.899700e-10
275	1.657715e-01	2.898276e-03	3.509005e-04	1.227163e-05	-5.046130e-10	-5.347179e-07	6.275644e-10
276	1.657715e-01	2.898276e-03	3.509005e-04	1.227163e-05	-5.046130e-10	-5.347179e-07	6.275644e-10
277	1.657715e-01	2.898276e-03	3.509005e-04	1.227163e-05	-5.046130e-10	-5.347179e-07	6.275644e-10
278	1.657715e-01	2.898276e-03	3.509005e-04	1.227163e-05	-5.046130e-10	-5.347179e-07	6.275644e-10
279	1.657715e-01	2.898276e-03	3.509005e-04	1.227163e-05	-5.046130e-10	-5.347179e-07	6.275644e-10
280	1.657715e-01	2.898276e-03	3.509005e-04	1.227163e-05	-5.046130e-10	-5.347179e-07	6.275644e-10
281	1.657715e-01	2.898276e-03	3.509005e-04	1.227163e-05	-5.046130e-10	-5.347179e-07	6.275644e-10
282	1.682963e-01	1.670145e-03	6.446152e-04	4.050635e-07	-2.977533e-12	1.585938e-08	-5.828919e-12
283	1.682963e-01	1.670145e-03	6.446152e-04	4.050635e-07	-2.977533e-12	1.585938e-08	-5.828919e-12
284	1.699219e-01	1.346588e-03	7.148087e-04	1.937151e-06	-6.193712e-11	-5.873153e-08	3.687717e-11
285	1.730370e-01	3.793997e-03	2.192588e-04	2.466070e-06	-5.600868e-11	-1.517514e-07	-1.230203e-11
286	1.730370e-01	3.793997e-03	2.192588e-04	2.466070e-06	-5.600868e-11	-1.517514e-07	-1.230203e-11
287	1.688889e-01	1.975309e-03	3.865682e-31	4.844424e-31	1.932932e-61	-1.548567e-32	8.116108e-62
288	1.688889e-01	1.975309e-03	3.865682e-31	4.844424e-31	1.932932e-61	-1.548567e-32	8.116108e-62
289	1.688889e-01	1.975309e-03	3.865682e-31	4.844424e-31	1.932932e-61	-1.548567e-32	8.116108e-62
290	1.720117e-01	4.419927e-03	3.062459e-04	2.505972e-06	1.782637e-11	1.587822e-07	-6.709459e-11
291	1.720117e-01	4.419927e-03	3.062459e-04	2.505972e-06	1.782637e-11	1.587822e-07	-6.709459e-11
292	1.629630e-01	9.305898e-04	1.221602e-04	1.603008e-05	5.081214e-10	4.804567e-07	4.949829e-10
293	1.629630e-01	9.305898e-04	1.221602e-04	1.603008e-05	5.081214e-10	4.804567e-07	4.949829e-10
294	1.629630e-01	9.305898e-04	1.221602e-04	1.603008e-05	5.081214e-10	4.804567e-07	4.949829e-10
295	1.599121e-01	1.249373e-03	6.207323e-06	2.303219e-06	8.662953e-12	-5.857160e-09	-8.917866e-13
296	1.599121e-01	1.249373e-03	6.207323e-06	2.303219e-06	8.662953e-12	-5.857160e-09	-8.917866e-13
297	1.599121e-01	1.249373e-03	6.207323e-06	2.303219e-06	8.662953e-12	-5.857160e-09	-8.917866e-13
298	1.647407e-01	3.156631e-03	2.020444e-04	9.461868e-06	1.045182e-10	-1.345546e-07	-4.002826e-10
299	1.647407e-01	3.156631e-03	2.020444e-04	9.461868e-06	1.045182e-10	-1.345546e-07	-4.002826e-10
300	1.628418e-01	1.279414e-03	6.051341e-04	8.819450e-06	5.230283e-10	1.958972e-07	-3.762497e-10
301	1.599121e-01	1.249373e-03	6.207323e-06	2.303219e-06	8.662953e-12	-5.857160e-09	-8.917866e-13
302	1.599121e-01	1.249373e-03	6.207323e-06	2.303219e-06	8.662953e-12	-5.857160e-09	-8.917866e-13
303	1.599121e-01	1.249373e-03	6.207323e-06	2.303219e-06	8.662953e-12	-5.857160e-09	-8.917866e-13
304	1.599121e-01	1.249373e-03	6.207323e-06	2.303219e-06	8.662953e-12	-5.857160e-09	-8.917866e-13
305	1.612050e-01	4.858816e-04	1.148126e-04	6.620744e-06	-1.384387e-10	-1.404248e-07	1.189752e-10
306	1.612050e-01	4.858816e-04	1.148126e-04	6.620744e-06	-1.384387e-10	-1.404248e-07	1.189752e-10
307	1.748148e-01	1.436269e-03	2.706540e-04	3.393304e-06	-5.162079e-11	7.189952e-08	8.894016e-11
308	1.748148e-01	1.436269e-03	2.706540e-04	3.393304e-06	-5.162079e-11	7.189952e-08	8.894016e-11
309	1.748148e-01	1.436269e-03	2.706540e-04	3.393304e-06	-5.162079e-11	7.189952e-08	8.894016e-11
310	1.777778e-01	6.320988e-03	3.785743e-31	4.807618e-31	1.866888e-61	-3.615576e-32	8.493666e-62
311	1.777778e-01	6.320988e-03	3.785743e-31	4.807618e-31	1.866888e-61	-3.615576e-32	8.493666e-62
312	1.693466e-01	1.734723e-03	1.342776e-04	5.626376e-06	-1.543411e-10	1.139743e-07	9.742006e-12
313	1.580405e-01	6.142939e-04	1.383730e-04	2.483448e-06	-4.603712e-11	-6.155214e-08	4.507646e-24
314	1.580405e-01	6.142939e-04	1.383730e-04	2.483448e-06	-4.603712e-11	-6.155214e-08	4.507646e-24
315	1.595766e-01	4.242349e-05	1.366076e-05	4.082441e-06	3.048718e-11	-2.659029e-08	1.834553e-24
316	1.669922e-01	1.764297e-04	1.089647e-05	8.512288e-06	8.189595e-11	6.059054e-08	3.730349e-12
317	1.595766e-01	4.242349e-05	1.366076e-05	4.082441e-06	3.048718e-11	-2.659029e-08	1.834553e-24
318	1.595766e-01	4.242349e-05	1.366076e-05	4.082441e-06	3.048718e-11	-2.659029e-08	1.834553e-24
319	1.591797e-01	5.578995e-04	2.455898e-04	2.879649e-06	6.645830e-11	-1.775697e-08	3.804956e-11
320	1.647407e-01	1.497372e-03	3.266732e-04	1.834637e-05	8.922065e-10	-3.228212e-07	1.105096e-09
321	1.581633e-01	2.108496e-03	0.000000e+00	0.000000e+00	0.000000e+00	0.000000e+00	0.000000e+00
322	1.581633e-01	2.108496e-03	0.000000e+00	0.000000e+00	0.000000e+00	0.000000e+00	0.000000e+00
323	1.675011e-01	2.071762e-03	4.189165e-05	3.114301e-05	-6.791029e-11	1.093108e-06	-1.122824e-09
324	1.647230e-01	4.781171e-04	9.478707e-05	1.707406e-05	6.335338e-10	1.131398e-07	2.653994e-10
325	1.647230e-01	4.781171e-04	9.478707e-05	1.707406e-05	6.335338e-10	1.131398e-07	2.653994e-10
326	1.754074e-01	2.028335e-03	1.683507e-04	4.835373e-06	1.036339e-10	1.709102e-07	-9.106548e-11
327	1.754074e-01	2.028335e-03	1.683507e-04	4.835373e-06	1.036339e-10	1.709102e-07	-9.106548e-11
328	1.660900e-01	1.848073e-03	1.754648e-05	1.317936e-05	-1.361772e-10	5.611446e-07	-1.470478e-10
329	1.599121e-01	1.249373e-03	6.207323e-06	2.303219e-06	8.662953e-12	-5.857160e-09	-8.917866e-13
330	1.599121e-01	1.249373e-03	6.207323e-06	2.303219e-06	8.662953e-12	-5.857160e-09	-8.917866e-13
331	1.599121e-01	1.249373e-03	6.207323e-06	2.303219e-06	8.662953e-12	-5.857160e-09	-8.917866e-13
332	1.632404e-01	9.208881e-04	2.332847e-04	2.703312e-06	5.144309e-11	4.425903e-08	-4.429751e-11
333	1.632404e-01	9.208881e-04	2.332847e-04	2.703312e-06	5.144309e-11	4.425903e-08	-4.429751e-11
334	1.632404e-01	9.208881e-04	2.332847e-04	2.703312e-06	5.144309e-11	4.425903e-08	-4.429751e-11
335	1.628418e-01	1.279414e-03	6.051341e-04	8.819450e-06	5.230283e-10	1.958972e-07	3.762497e-10
336	1.599121e-01	1.249373e-03	6.207323e-06	2.303219e-06	8.662953e-12	-5.857160e-09	8.917866e-13
337	1.599121e-01	1.249373e-03	6.207323e-06	2.303219e-06	8.662953e-12	-5.857160e-09	8.917866e-13
338	1.599121e-01	1.249373e-03	6.207323e-06	2.303219e-06	8.662953e-12	-5.857160e-09	8.917866e-13
339	1.647949e-01	6.223321e-04	3.453161e-04	1.592591e-05	6.369459e-10	-6.566940e-08	9.945631e-10
340	1.647949e-01	6.223321e-04	3.453161e-04	1.592591e-05	6.369459e-10	-6.566940e-08	9.945631e-10
341	1.621094e-01	9.536743e-05	4.948676e-04	9.924173e-06	4.381295e-11	-2.986053e-08	6.941008e-10
342	1.621094e-01	9.536743e-05	4.948676e-04	9.924173e-06	4.381295e-11	-2.986053e-08	6.941008e-10
343	1.659259e-01	8.779150e-04	2.240309e-04	7.088350e-06	2.122830e-10	7.090759e-08	1.863465e-10
344	1.659259e-01	8.779150e-04	2.240309e-04	7.088350e-06	2.122830e-10	7.090759e-08	1.863465e-10
345	1.608887e-01	1.588464e-04	8.979376e-05	5.840615e-06	8.891305e-11	7.356969e-08	-9.992469e-11
346	1.608887e-01	1.588464e-04	8.979376e-05	5.840615e-06	8.891305e-11	7.356969e-08	-9.992469e-11
347	1.611852e-01	8.442030e-04	5.874472e-04	9.612167e-06	7.207943e-10	2.569390e-07	4.658224e-11
348	1.611852e-01	8.442030e-04	5.874472e-04	9.612167e-06	7.207943e-10	2.569390e-07	4.658224e-11
349	1.647407e-01	1.497372e-03	3.266732e-04	1.834637e-05	8.922065e-10	-3.228212e-07	-1.105096e-09
350	1.647407e-01	1.497372e-03	3.266732e-04	1.834637e-05	8.922065e-10	-3.228212e-07	-1.105096e-09
351	1.657715e-01	2.898276e-03	3.509005e-04	1.227163e-05	-5.046130e-10	-5.347179e-07	-6.275644e-10
352	1.657715e-01	2.898276e-03	3.509005e-04	1.227163e-05	-5.046130e-10	-5.347179e-07	-6.275644e-10
353	1.657715e-01	2.898276e-03	3.509005e-04	1.227163e-05	-5.046130e-10	-5.347179e-07	-6.275644e-10
354	1.657715e-01	2.898276e-03	3.509005e-04	1.227163e-05	-5.046130e-10	-5.347179e-07	-6.275644e-10
355	1.657715e-01	2.898276e-03	3.509005e-04	1.227163e-05	-5.046130e-10	-5.347179e-07	-6.275644e-10
356	1.647407e-01	3.156631e-03	2.020444e-04	9.461868e-06	1.045182e-10	-1.345546e-07	-4.002826e-10
357	1.647407e-01	3.156631e-03	2.020444e-04	9.461868e-06	1.045182e-10	-1.345546e-07	-4.002826e-10
358	1.610787e-01	1.581505e-03	1.757742e-04	9.419852e-06	1.223129e-10	2.038376e-07	-3.632654e-10
359	1.610787e-01	1.581505e-03	1.757742e-04	9.419852e-06	1.223129e-10	2.038376e-07	-3.632654e-10
