0.00	+1.593e-01	+0.000e+00	+0.000e+00	+0.000e+00	+0.000e+00	+0.000e+00	+0.000e+00
1.00	+1.597e-01	+0.000e+00	+0.000e+00	+0.000e+00	+0.000e+00	+0.000e+00	+0.000e+00
2.00	+1.597e-01	+0.000e+00	+0.000e+00	+0.000e+00	+0.000e+00	+0.000e+00	+0.000e+00
3.00	+1.598e-01	+8.864e-07	+2.962e-07	+8.082e-10	+1.251e-17	+7.609e-13	-2.052e-31
4.00	+1.599e-01	+0.000e+00	+0.000e+00	+0.000e+00	+0.000e+00	+0.000e+00	+0.000e+00
5.00	+1.597e-01	+0.000e+00	+0.000e+00	+0.000e+00	+0.000e+00	+0.000e+00	+0.000e+00
6.00	+1.593e-01	+0.000e+00	+0.000e+00	+0.000e+00	+0.000e+00	+0.000e+00	+0.000e+00
7.00	+1.598e-01	+0.000e+00	+0.000e+00	+0.000e+00	+0.000e+00	+0.000e+00	+0.000e+00
8.00	+1.593e-01	+0.000e+00	+0.000e+00	+0.000e+00	+0.000e+00	+0.000e+00	+0.000e+00
9.00	+1.595e-01	+0.000e+00	+0.000e+00	+0.000e+00	+0.000e+00	+0.000e+00	+0.000e+00
10.00	+1.598e-01	+0.000e+00	+0.000e+00	+0.000e+00	+0.000e+00	+0.000e+00	+0.000e+00
11.00	+1.598e-01	+0.000e+00	+0.000e+00	+0.000e+00	+0.000e+00	+0.000e+00	+0.000e+00
12.00	+1.602e-01	+0.000e+00	+0.000e+00	+0.000e+00	+0.000e+00	+0.000e+00	+0.000e+00
13.00	+1.594e-01	+0.000e+00	+0.000e+00	+0.000e+00	+0.000e+00	+0.000e+00	+0.000e+00
14.00	+1.591e-01	+0.000e+00	+0.000e+00	+0.000e+00	+0.000e+00	+0.000e+00	+0.000e+00
15.00	+1.594e-01	+0.000e+00	+0.000e+00	+0.000e+00	+0.000e+00	+0.000e+00	+0.000e+00
16.00	+1.594e-01	+0.000e+00	+0.000e+00	+0.000e+00	+0.000e+00	+0.000e+00	+0.000e+00
17.00	+1.599e-01	+0.000e+00	+0.000e+00	+0.000e+00	+0.000e+00	+0.000e+00	+0.000e+00
18.00	+1.602e-01	+0.000e+00	+0.000e+00	+0.000e+00	+0.000e+00	+0.000e+00	+0.000e+00
19.00	+1.602e-01	+0.000e+00	+0.000e+00	+0.000e+00	+0.000e+00	+0.000e+00	+0.000e+00
20.00	+1.598e-01	+0.000e+00	+0.000e+00	+0.000e+00	+0.000e+00	+0.000e+00	+0.000e+00
21.00	+1.600e-01	+0.000e+00	+0.000e+00	+0.000e+00	+0.000e+00	+0.000e+00	+0.000e+00
22.00	+1.599e-01	+0.000e+00	+0.000e+00	+0.000e+00	+0.000e+00	+0.000e+00	+0.000e+00
23.00	+1.599e-01	+0.000e+00	+0.000e+00	+0.000e+00	+0.000e+00	+0.000e+00	+0.000e+00
24.00	+1.594e-01	+0.000e+00	+0.000e+00	+0.000e+00	+0.000e+00	+0.000e+00	+0.000e+00
25.00	+1.599e-01	+0.000e+00	+0.000e+00	+0.000e+00	+0.000e+00	+0.000e+00	+0.000e+00
26.00	+1.599e-01	+0.000e+00	+0.000e+00	+0.000e+00	+0.000e+00	+0.000e+00	+0.000e+00
27.00	+1.597e-01	+0.000e+00	+0.000e+00	+0.000e+00	+0.000e+00	+0.000e+00	+0.000e+00
28.00	+1.597e-01	+0.000e+00	+0.000e+00	+0.000e+00	+0.000e+00	+0.000e+00	+0.000e+00
29.00	+1.596e-01	+0.000e+00	+0.000e+00	+0.000e+00	+0.000e+00	+0.000e+00	+0.000e+00
30.00	+1.596e-01	+0.000e+00	+0.000e+00	+0.000e+00	+0.000e+00	+0.000e+00	+0.000e+00
31.00	+1.600e-01	+0.000e+00	+0.000e+00	+0.000e+00	+0.000e+00	+0.000e+00	+0.000e+00
32.00	+1.600e-01	+0.000e+00	+0.000e+00	+0.000e+00	+0.000e+00	+0.000e+00	+0.000e+00
33.00	+1.598e-01	+0.000e+00	+0.000e+00	+0.000e+00	+0.000e+00	+0.000e+00	+0.000e+00
34.00	+1.595e-01	+0.000e+00	+0.000e+00	+0.000e+00	+0.000e+00	+0.000e+00	+0.000e+00
35.00	+1.598e-01	+0.000e+00	+0.000e+00	+0.000e+00	+0.000e+00	+0.000e+00	+0.000e+00
36.00	+1.597e-01	+0.000e+00	+0.000e+00	+0.000e+00	+0.000e+00	+0.000e+00	+0.000e+00
37.00	+1.597e-01	+0.000e+00	+0.000e+00	+0.000e+00	+0.000e+00	+0.000e+00	+0.000e+00
38.00	+1.597e-01	+0.000e+00	+0.000e+00	+0.000e+00	+0.000e+00	+0.000e+00	+0.000e+00
39.00	+1.598e-01	+0.000e+00	+0.000e+00	+0.000e+00	+0.000e+00	+0.000e+00	+0.000e+00
40.00	+1.596e-01	+0.000e+00	+0.000e+00	+0.000e+00	+0.000e+00	+0.000e+00	+0.000e+00
41.00	+1.599e-01	+0.000e+00	+0.000e+00	+0.000e+00	+0.000e+00	+0.000e+00	+0.000e+00
42.00	+1.600e-01	+0.000e+00	+0.000e+00	+0.000e+00	+0.000e+00	+0.000e+00	+0.000e+00
43.00	+1.602e-01	+0.000e+00	+0.000e+00	+0.000e+00	+0.000e+00	+0.000e+00	+0.000e+00
44.00	+1.597e-01	+0.000e+00	+0.000e+00	+0.000e+00	+0.000e+00	+0.000e+00	+0.000e+00
45.00	+1.593e-01	+0.000e+00	+0.000e+00	+0.000e+00	+0.000e+00	+0.000e+00	+0.000e+00
46.00	+1.597e-01	+0.000e+00	+0.000e+00	+0.000e+00	+0.000e+00	+0.000e+00	+0.000e+00
47.00	+1.602e-01	+0.000e+00	+0.000e+00	+0.000e+00	+0.000e+00	+0.000e+00	+0.000e+00
48.00	+1.600e-01	+0.000e+00	+0.000e+00	+0.000e+00	+0.000e+00	+0.000e+00	+0.000e+00
49.00	+1.599e-01	+0.000e+00	+0.000e+00	+0.000e+00	+0.000e+00	+0.000e+00	+0.000e+00
50.00	+1.596e-01	+0.000e+00	+0.000e+00	+0.000e+00	+0.000e+00	+0.000e+00	+0.000e+00
51.00	+1.598e-01	+0.000e+00	+0.000e+00	+0.000e+00	+0.000e+00	+0.000e+00	+0.000e+00
52.00	+1.597e-01	+0.000e+00	+0.000e+00	+0.000e+00	+0.000e+00	+0.000e+00	+0.000e+00
53.00	+1.597e-01	+0.000e+00	+0.000e+00	+0.000e+00	+0.000e+00	+0.000e+00	+0.000e+00
54.00	+1.597e-01	+0.000e+00	+0.000e+00	+0.000e+00	+0.000e+00	+0.000e+00	+0.000e+00
55.00	+1.598e-01	+0.000e+00	+0.000e+00	+0.000e+00	+0.000e+00	+0.000e+00	+0.000e+00
56.00	+1.595e-01	+0.000e+00	+0.000e+00	+0.000e+00	+0.000e+00	+0.000e+00	+0.000e+00
57.00	+1.598e-01	+0.000e+00	+0.000e+00	+0.000e+00	+0.000e+00	+0.000e+00	+0.000e+00
58.00	+1.600e-01	+0.000e+00	+0.000e+00	+0.000e+00	+0.000e+00	+0.000e+00	+0.000e+00
59.00	+1.600e-01	+0.000e+00	+0.000e+00	+0.000e+00	+0.000e+00	+0.000e+00	+0.000e+00
60.00	+1.596e-01	+0.000e+00	+0.000e+00	+0.000e+00	+0.000e+00	+0.000e+00	+0.000e+00
61.00	+1.596e-01	+0.000e+00	+0.000e+00	+0.000e+00	+0.000e+00	+0.000e+00	+0.000e+00
62.00	+1.597e-01	+0.000e+00	+0.000e+00	+0.000e+00	+0.000e+00	+0.000e+00	+0.000e+00
63.00	+1.597e-01	+0.000e+00	+0.000e+00	+0.000e+00	+0.000e+00	+0.000e+00	+0.000e+00
64.00	+1.599e-01	+0.000e+00	+0.000e+00	+0.000e+00	+0.000e+00	+0.000e+00	+0.000e+00
65.00	+1.599e-01	+0.000e+00	+0.000e+00	+0.000e+00	+0.000e+00	+0.000e+00	+0.000e+00
66.00	+1.594e-01	+0.000e+00	+0.000e+00	+0.000e+00	+0.000e+00	+0.000e+00	+0.000e+00
67.00	+1.599e-01	+0.000e+00	+0.000e+00	+0.000e+00	+0.000e+00	+0.000e+00	+0.000e+00
68.00	+1.599e-01	+0.000e+00	+0.000e+00	+0.000e+00	+0.000e+00	+0.000e+00	+0.000e+00
69.00	+1.600e-01	+0.000e+00	+0.000e+00	+0.000e+00	+0.000e+00	+0.000e+00	+0.000e+00
70.00	+1.598e-01	+0.000e+00	+0.000e+00	+0.000e+00	+0.000e+00	+0.000e+00	+0.000e+00
71.00	+1.602e-01	+0.000e+00	+0.000e+00	+0.000e+00	+0.000e+00	+0.000e+00	+0.000e+00
72.00	+1.602e-01	+0.000e+00	+0.000e+00	+0.000e+00	+0.000e+00	+0.000e+00	+0.000e+00
73.00	+1.599e-01	+0.000e+00	+0.000e+00	+0.000e+00	+0.000e+00	+0.000e+00	+0.000e+00
74.00	+1.594e-01	+0.000e+00	+0.000e+00	+0.000e+00	+0.000e+00	+0.000e+00	+0.000e+00
75.00	+1.594e-01	+0.000e+00	+0.000e+00	+0.000e+00	+0.000e+00	+0.000e+00	+0.000e+00
76.00	+1.591e-01	+0.000e+00	+0.000e+00	+0.000e+00	+0.000e+00	+0.000e+00	+0.000e+00
77.00	+1.594e-01	+0.000e+00	+0.000e+00	+0.000e+00	+0.000e+00	+0.000e+00	+0.000e+00
78.00	+1.602e-01	+0.000e+00	+0.000e+00	+0.000e+00	+0.000e+00	+0.000e+00	+0.000e+00
79.00	+1.598e-01	+0.000e+00	+0.000e+00	+0.000e+00	+0.000e+00	+0.000e+00	+0.000e+00
80.00	+1.598e-01	+0.000e+00	+0.000e+00	+0.000e+00	+0.000e+00	+0.000e+00	+0.000e+00
81.00	+1.595e-01	+0.000e+00	+0.000e+00	+0.000e+00	+0.000e+00	+0.000e+00	+0.000e+00
82.00	+1.593e-01	+0.000e+00	+0.000e+00	+0.000e+00	+0.000e+00	+0.000e+00	+0.000e+00
83.00	+1.598e-01	+0.000e+00	+0.000e+00	+0.000e+00	+0.000e+00	+0.000e+00	+0.000e+00
84.00	+1.593e-01	+0.000e+00	+0.000e+00	+0.000e+00	+0.000e+00	+0.000e+00	+0.000e+00
85.00	+1.597e-01	+0.000e+00	+0.000e+00	+0.000e+00	+0.000e+00	+0.000e+00	+0.000e+00
86.00	+1.599e-01	+0.000e+00	+0.000e+00	+0.000e+00	+0.000e+00	+0.000e+00	+0.000e+00
87.00	+1.598e-01	+8.864e-07	+2.962e-07	+8.082e-10	+1.251e-17	+7.609e-13	-2.052e-31
88.00	+1.597e-01	+0.000e+00	+0.000e+00	+0.000e+00	+0.000e+00	+0.000e+00	+0.000e+00
89.00	+1.597e-01	+0.000e+00	+0.000e+00	+0.000e+00	+0.000e+00	+0.000e+00	+0.000e+00
90.00	+1.593e-01	+0.000e+00	+0.000e+00	+0.000e+00	+0.000e+00	+0.000e+00	+0.000e+00
91.00	+1.597e-01	+0.000e+00	+0.000e+00	+0.000e+00	+0.000e+00	+0.000e+00	+0.000e+00
92.00	+1.597e-01	+0.000e+00	+0.000e+00	+0.000e+00	+0.000e+00	+0.000e+00	+0.000e+00
93.00	+1.598e-01	+2.736e-11	+5.941e-07	+1.586e-09	-4.869e-17	-8.296e-15	+5.161e-30
94.00	+1.599e-01	+0.000e+00	+0.000e+00	+0.000e+00	+0.000e+00	+0.000e+00	+0.000e+00
95.00	+1.597e-01	+0.000e+00	+0.000e+00	+0.000e+00	+0.000e+00	+0.000e+00	+0.000e+00
96.00	+1.593e-01	+0.000e+00	+0.000e+00	+0.000e+00	+0.000e+00	+0.000e+00	+0.000e+00
97.00	+1.598e-01	+0.000e+00	+0.000e+00	+0.000e+00	+0.000e+00	+0.000e+00	+0.000e+00
98.00	+1.593e-01	+0.000e+00	+0.000e+00	+0.000e+00	+0.000e+00	+0.000e+00	+0.000e+00
99.00	+1.595e-01	+0.000e+00	+0.000e+00	+0.000e+00	+0.000e+00	+0.000e+00	+0.000e+00
100.00	+1.598e-01	+0.000e+00	+0.000e+00	+0.000e+00	+0.000e+00	+0.000e+00	+0.000e+00
101.00	+1.598e-01	+0.000e+00	+0.000e+00	+0.000e+00	+0.000e+00	+0.000e+00	+0.000e+00
102.00	+1.602e-01	+0.000e+00	+0.000e+00	+0.000e+00	+0.000e+00	+0.000e+00	+0.000e+00
103.00	+1.594e-01	+0.000e+00	+0.000e+00	+0.000e+00	+0.000e+00	+0.000e+00	+0.000e+00
104.00	+1.591e-01	+0.000e+00	+0.000e+00	+0.000e+00	+0.000e+00	+0.000e+00	+0.000e+00
105.00	+1.594e-01	+0.000e+00	+0.000e+00	+0.000e+00	+0.000e+00	+0.000e+00	+0.000e+00
106.00	+1.594e-01	+0.000e+00	+0.000e+00	+0.000e+00	+0.000e+00	+0.000e+00	+0.000e+00
107.00	+1.599e-01	+0.000e+00	+0.000e+00	+0.000e+00	+0.000e+00	+0.000e+00	+0.000e+00
108.00	+1.602e-01	+0.000e+00	+0.000e+00	+0.000e+00	+0.000e+00	+0.000e+00	+0.000e+00
109.00	+1.602e-01	+0.000e+00	+0.000e+00	+0.000e+00	+0.000e+00	+0.000e+00	+0.000e+00
110.00	+1.598e-01	+0.000e+00	+0.000e+00	+0.000e+00	+0.000e+00	+0.000e+00	+0.000e+00
111.00	+1.600e-01	+0.000e+00	+0.000e+00	+0.000e+00	+0.000e+00	+0.000e+00	+0.000e+00
112.00	+1.599e-01	+0.000e+00	+0.000e+00	+0.000e+00	+0.000e+00	+0.000e+00	+0.000e+00
113.00	+1.599e-01	+0.000e+00	+0.000e+00	+0.000e+00	+0.000e+00	+0.000e+00	+0.000e+00
114.00	+1.594e-01	+0.000e+00	+0.000e+00	+0.000e+00	+0.000e+00	+0.000e+00	+0.000e+00
115.00	+1.599e-01	+0.000e+00	+0.000e+00	+0.000e+00	+0.000e+00	+0.000e+00	+0.000e+00
116.00	+1.599e-01	+0.000e+00	+0.000e+00	+0.000e+00	+0.000e+00	+0.000e+00	+0.000e+00
117.00	+1.597e-01	+0.000e+00	+0.000e+00	+0.000e+00	+0.000e+00	+0.000e+00	+0.000e+00
118.00	+1.597e-01	+0.000e+00	+0.000e+00	+0.000e+00	+0.000e+00	+0.000e+00	+0.000e+00
119.00	+1.596e-01	+0.000e+00	+0.000e+00	+0.000e+00	+0.000e+00	+0.000e+00	+0.000e+00
120.00	+1.596e-01	+0.000e+00	+0.000e+00	+0.000e+00	+0.000e+00	+0.000e+00	+0.000e+00
121.00	+1.600e-01	+0.000e+00	+0.000e+00	+0.000e+00	+0.000e+00	+0.000e+00	+0.000e+00
122.00	+1.600e-01	+0.000e+00	+0.000e+00	+0.000e+00	+0.000e+00	+0.000e+00	+0.000e+00
123.00	+1.598e-01	+0.000e+00	+0.000e+00	+0.000e+00	+0.000e+00	+0.000e+00	+0.000e+00
124.00	+1.595e-01	+0.000e+00	+0.000e+00	+0.000e+00	+0.000e+00	+0.000e+00	+0.000e+00
125.00	+1.598e-01	+0.000e+00	+0.000e+00	+0.000e+00	+0.000e+00	+0.000e+00	+0.000e+00
126.00	+1.597e-01	+0.000e+00	+0.000e+00	+0.000e+00	+0.000e+00	+0.000e+00	+0.000e+00
127.00	+1.597e-01	+0.000e+00	+0.000e+00	+0.000e+00	+0.000e+00	+0.000e+00	+0.000e+00
128.00	+1.597e-01	+0.000e+00	+0.000e+00	+0.000e+00	+0.000e+00	+0.000e+00	+0.000e+00
129.00	+1.598e-01	+0.000e+00	+0.000e+00	+0.000e+00	+0.000e+00	+0.000e+00	+0.000e+00
130.00	+1.596e-01	+0.000e+00	+0.000e+00	+0.000e+00	+0.000e+00	+0.000e+00	+0.000e+00
131.00	+1.599e-01	+0.000e+00	+0.000e+00	+0.000e+00	+0.000e+00	+0.000e+00	+0.000e+00
132.00	+1.600e-01	+0.000e+00	+0.000e+00	+0.000e+00	+0.000e+00	+0.000e+00	+0.000e+00
133.00	+1.602e-01	+0.000e+00	+0.000e+00	+0.000e+00	+0.000e+00	+0.000e+00	+0.000e+00
134.00	+1.597e-01	+0.000e+00	+0.000e+00	+0.000e+00	+0.000e+00	+0.000e+00	+0.000e+00
135.00	+1.593e-01	+0.000e+00	+0.000e+00	+0.000e+00	+0.000e+00	+0.000e+00	+0.000e+00
136.00	+1.597e-01	+0.000e+00	+0.000e+00	+0.000e+00	+0.000e+00	+0.000e+00	+0.000e+00
137.00	+1.602e-01	+0.000e+00	+0.000e+00	+0.000e+00	+0.000e+00	+0.000e+00	+0.000e+00
138.00	+1.600e-01	+0.000e+00	+0.000e+00	+0.000e+00	+0.000e+00	+0.000e+00	+0.000e+00
139.00	+1.599e-01	+0.000e+00	+0.000e+00	+0.000e+00	+0.000e+00	+0.000e+00	+0.000e+00
140.00	+1.596e-01	+0.000e+00	+0.000e+00	+0.000e+00	+0.000e+00	+0.000e+00	+0.000e+00
141.00	+1.598e-01	+0.000e+00	+0.000e+00	+0.000e+00	+0.000e+00	+0.000e+00	+0.000e+00
142.00	+1.597e-01	+0.000e+00	+0.000e+00	+0.000e+00	+0.000e+00	+0.000e+00	+0.000e+00
143.00	+1.597e-01	+0.000e+00	+0.000e+00	+0.000e+00	+0.000e+00	+0.000e+00	+0.000e+00
144.00	+1.597e-01	+0.000e+00	+0.000e+00	+0.000e+00	+0.000e+00	+0.000e+00	+0.000e+00
145.00	+1.598e-01	+0.000e+00	+0.000e+00	+0.000e+00	+0.000e+00	+0.000e+00	+0.000e+00
146.00	+1.595e-01	+0.000e+00	+0.000e+00	+0.000e+00	+0.000e+00	+0.000e+00	+0.000e+00
147.00	+1.598e-01	+0.000e+00	+0.000e+00	+0.000e+00	+0.000e+00	+0.000e+00	+0.000e+00
148.00	+1.600e-01	+0.000e+00	+0.000e+00	+0.000e+00	+0.000e+00	+0.000e+00	+0.000e+00
149.00	+1.600e-01	+0.000e+00	+0.000e+00	+0.000e+00	+0.000e+00	+0.000e+00	+0.000e+00
150.00	+1.596e-01	+0.000e+00	+0.000e+00	+0.000e+00	+0.000e+00	+0.000e+00	+0.000e+00
151.00	+1.596e-01	+0.000e+00	+0.000e+00	+0.000e+00	+0.000e+00	+0.000e+00	+0.000e+00
152.00	+1.597e-01	+0.000e+00	+0.000e+00	+0.000e+00	+0.000e+00	+0.000e+00	+0.000e+00
153.00	+1.597e-01	+0.000e+00	+0.000e+00	+0.000e+00	+0.000e+00	+0.000e+00	+0.000e+00
154.00	+1.599e-01	+0.000e+00	+0.000e+00	+0.000e+00	+0.000e+00	+0.000e+00	+0.000e+00
155.00	+1.599e-01	+0.000e+00	+0.000e+00	+0.000e+00	+0.000e+00	+0.000e+00	+0.000e+00
156.00	+1.594e-01	+0.000e+00	+0.000e+00	+0.000e+00	+0.000e+00	+0.000e+00	+0.000e+00
157.00	+1.599e-01	+0.000e+00	+0.000e+00	+0.000e+00	+0.000e+00	+0.000e+00	+0.000e+00
158.00	+1.599e-01	+0.000e+00	+0.000e+00	+0.000e+00	+0.000e+00	+0.000e+00	+0.000e+00
159.00	+1.600e-01	+0.000e+00	+0.000e+00	+0.000e+00	+0.000e+00	+0.000e+00	+0.000e+00
160.00	+1.598e-01	+0.000e+00	+0.000e+00	+0.000e+00	+0.000e+00	+0.000e+00	+0.000e+00
161.00	+1.602e-01	+0.000e+00	+0.000e+00	+0.000e+00	+0.000e+00	+0.000e+00	+0.000e+00
162.00	+1.602e-01	+0.000e+00	+0.000e+00	+0.000e+00	+0.000e+00	+0.000e+00	+0.000e+00
163.00	+1.599e-01	+0.000e+00	+0.000e+00	+0.000e+00	+0.000e+00	+0.000e+00	+0.000e+00
164.00	+1.594e-01	+0.000e+00	+0.000e+00	+0.000e+00	+0.000e+00	+0.000e+00	+0.000e+00
165.00	+1.594e-01	+0.000e+00	+0.000e+00	+0.000e+00	+0.000e+00	+0.000e+00	+0.000e+00
166.00	+1.591e-01	+0.000e+00	+0.000e+00	+0.000e+00	+0.000e+00	+0.000e+00	+0.000e+00
167.00	+1.594e-01	+0.000e+00	+0.000e+00	+0.000e+00	+0.000e+00	+0.000e+00	+0.000e+00
168.00	+1.602e-01	+0.000e+00	+0.000e+00	+0.000e+00	+0.000e+00	+0.000e+00	+0.000e+00
169.00	+1.598e-01	+0.000e+00	+0.000e+00	+0.000e+00	+0.000e+00	+0.000e+00	+0.000e+00
170.00	+1.598e-01	+0.000e+00	+0.000e+00	+0.000e+00	+0.000e+00	+0.000e+00	+0.000e+00
171.00	+1.595e-01	+0.000e+00	+0.000e+00	+0.000e+00	+0.000e+00	+0.000e+00	+0.000e+00
172.00	+1.593e-01	+0.000e+00	+0.000e+00	+0.000e+00	+0.000e+00	+0.000e+00	+0.000e+00
173.00	+1.598e-01	+0.000e+00	+0.000e+00	+0.000e+00	+0.000e+00	+0.000e+00	+0.000e+00
174.00	+1.593e-01	+0.000e+00	+0.000e+00	+0.000e+00	+0.000e+00	+0.000e+00	+0.000e+00
175.00	+1.597e-01	+0.000e+00	+0.000e+00	+0.000e+00	+0.000e+00	+0.000e+00	+0.000e+00
176.00	+1.599e-01	+0.000e+00	+0.000e+00	+0.000e+00	+0.000e+00	+0.000e+00	+0.000e+00
177.00	+1.597e-01	+0.000e+00	+0.000e+00	+0.000e+00	+0.000e+00	+0.000e+00	+0.000e+00
178.00	+1.597e-01	+0.000e+00	+0.000e+00	+0.000e+00	+0.000e+00	+0.000e+00	+0.000e+00
179.00	+1.597e-01	+0.000e+00	+0.000e+00	+0.000e+00	+0.000e+00	+0.000e+00	+0.000e+00
180.00	+1.593e-01	+0.000e+00	+0.000e+00	+0.000e+00	+0.000e+00	+0.000e+00	+0.000e+00
181.00	+1.597e-01	+0.000e+00	+0.000e+00	+0.000e+00	+0.000e+00	+0.000e+00	+0.000e+00
182.00	+1.597e-01	+0.000e+00	+0.000e+00	+0.000e+00	+0.000e+00	+0.000e+00	+0.000e+00
183.00	+1.598e-01	+8.864e-07	+2.962e-07	+8.082e-10	+1.251e-17	+7.609e-13	+1.126e-29
184.00	+1.599e-01	+0.000e+00	+0.000e+00	+0.000e+00	+0.000e+00	+0.000e+00	+0.000e+00
185.00	+1.597e-01	+0.000e+00	+0.000e+00	+0.000e+00	+0.000e+00	+0.000e+00	+0.000e+00
186.00	+1.593e-01	+0.000e+00	+0.000e+00	+0.000e+00	+0.000e+00	+0.000e+00	+0.000e+00
187.00	+1.598e-01	+0.000e+00	+0.000e+00	+0.000e+00	+0.000e+00	+0.000e+00	+0.000e+00
188.00	+1.593e-01	+0.000e+00	+0.000e+00	+0.000e+00	+0.000e+00	+0.000e+00	+0.000e+00
189.00	+1.595e-01	+0.000e+00	+0.000e+00	+0.000e+00	+0.000e+00	+0.000e+00	+0.000e+00
190.00	+1.598e-01	+0.000e+00	+0.000e+00	+0.000e+00	+0.000e+00	+0.000e+00	+0.000e+00
191.00	+1.598e-01	+0.000e+00	+0.000e+00	+0.000e+00	+0.000e+00	+0.000e+00	+0.000e+00
192.00	+1.602e-01	+0.000e+00	+0.000e+00	+0.000e+00	+0.000e+00	+0.000e+00	+0.000e+00
193.00	+1.594e-01	+0.000e+00	+0.000e+00	+0.000e+00	+0.000e+00	+0.000e+00	+0.000e+00
194.00	+1.591e-01	+0.000e+00	+0.000e+00	+0.000e+00	+0.000e+00	+0.000e+00	+0.000e+00
195.00	+1.594e-01	+0.000e+00	+0.000e+00	+0.000e+00	+0.000e+00	+0.000e+00	+0.000e+00
196.00	+1.594e-01	+0.000e+00	+0.000e+00	+0.000e+00	+0.000e+00	+0.000e+00	+0.000e+00
197.00	+1.599e-01	+0.000e+00	+0.000e+00	+0.000e+00	+0.000e+00	+0.000e+00	+0.000e+00
198.00	+1.602e-01	+0.000e+00	+0.000e+00	+0.000e+00	+0.000e+00	+0.000e+00	+0.000e+00
199.00	+1.602e-01	+0.000e+00	+0.000e+00	+0.000e+00	+0.000e+00	+0.000e+00	+0.000e+00
200.00	+1.598e-01	+0.000e+00	+0.000e+00	+0.000e+00	+0.000e+00	+0.000e+00	+0.000e+00
201.00	+1.600e-01	+0.000e+00	+0.000e+00	+0.000e+00	+0.000e+00	+0.000e+00	+0.000e+00
202.00	+1.599e-01	+0.000e+00	+0.000e+00	+0.000e+00	+0.000e+00	+0.000e+00	+0.000e+00
203.00	+1.599e-01	+0.000e+00	+0.000e+00	+0.000e+00	+0.000e+00	+0.000e+00	+0.000e+00
204.00	+1.594e-01	+0.000e+00	+0.000e+00	+0.000e+00	+0.000e+00	+0.000e+00	+0.000e+00
205.00	+1.599e-01	+0.000e+00	+0.000e+00	+0.000e+00	+0.000e+00	+0.000e+00	+0.000e+00
206.00	+1.599e-01	+0.000e+00	+0.000e+00	+0.000e+00	+0.000e+00	+0.000e+00	+0.000e+00
207.00	+1.597e-01	+0.000e+00	+0.000e+00	+0.000e+00	+0.000e+00	+0.000e+00	+0.000e+00
208.00	+1.597e-01	+0.000e+00	+0.000e+00	+0.000e+00	+0.000e+00	+0.000e+00	+0.000e+00
209.00	+1.596e-01	+0.000e+00	+0.000e+00	+0.000e+00	+0.000e+00	+0.000e+00	+0.000e+00
210.00	+1.596e-01	+0.000e+00	+0.000e+00	+0.000e+00	+0.000e+00	+0.000e+00	+0.000e+00
211.00	+1.600e-01	+0.000e+00	+0.000e+00	+0.000e+00	+0.000e+00	+0.000e+00	+0.000e+00
212.00	+1.600e-01	+0.000e+00	+0.000e+00	+0.000e+00	+0.000e+00	+0.000e+00	+0.000e+00
213.00	+1.598e-01	+0.000e+00	+0.000e+00	+0.000e+00	+0.000e+00	+0.000e+00	+0.000e+00
214.00	+1.595e-01	+0.000e+00	+0.000e+00	+0.000e+00	+0.000e+00	+0.000e+00	+0.000e+00
215.00	+1.598e-01	+0.000e+00	+0.000e+00	+0.000e+00	+0.000e+00	+0.000e+00	+0.000e+00
216.00	+1.597e-01	+0.000e+00	+0.000e+00	+0.000e+00	+0.000e+00	+0.000e+00	+0.000e+00
217.00	+1.597e-01	+0.000e+00	+0.000e+00	+0.000e+00	+0.000e+00	+0.000e+00	+0.000e+00
218.00	+1.597e-01	+0.000e+00	+0.000e+00	+0.000e+00	+0.000e+00	+0.000e+00	+0.000e+00
219.00	+1.598e-01	+0.000e+00	+0.000e+00	+0.000e+00	+0.000e+00	+0.000e+00	+0.000e+00
220.00	+1.596e-01	+0.000e+00	+0.000e+00	+0.000e+00	+0.000e+00	+0.000e+00	+0.000e+00
221.00	+1.599e-01	+0.000e+00	+0.000e+00	+0.000e+00	+0.000e+00	+0.000e+00	+0.000e+00
222.00	+1.600e-01	+0.000e+00	+0.000e+00	+0.000e+00	+0.000e+00	+0.000e+00	+0.000e+00
223.00	+1.602e-01	+0.000e+00	+0.000e+00	+0.000e+00	+0.000e+00	+0.000e+00	+0.000e+00
224.00	+1.597e-01	+0.000e+00	+0.000e+00	+0.000e+00	+0.000e+00	+0.000e+00	+0.000e+00
225.00	+1.593e-01	+0.000e+00	+0.000e+00	+0.000e+00	+0.000e+00	+0.000e+00	+0.000e+00
226.00	+1.597e-01	+0.000e+00	+0.000e+00	+0.000e+00	+0.000e+00	+0.000e+00	+0.000e+00
227.00	+1.602e-01	+0.000e+00	+0.000e+00	+0.000e+00	+0.000e+00	+0.000e+00	+0.000e+00
228.00	+1.600e-01	+0.000e+00	+0.000e+00	+0.000e+00	+0.000e+00	+0.000e+00	+0.000e+00
229.00	+1.599e-01	+0.000e+00	+0.000e+00	+0.000e+00	+0.000e+00	+0.000e+00	+0.000e+00
230.00	+1.596e-01	+0.000e+00	+0.000e+00	+0.000e+00	+0.000e+00	+0.000e+00	+0.000e+00
231.00	+1.598e-01	+0.000e+00	+0.000e+00	+0.000e+00	+0.000e+00	+0.000e+00	+0.000e+00
232.00	+1.597e-01	+0.000e+00	+0.000e+00	+0.000e+00	+0.000e+00	+0.000e+00	+0.000e+00
233.00	+1.597e-01	+0.000e+00	+0.000e+00	+0.000e+00	+0.000e+00	+0.000e+00	+0.000e+00
234.00	+1.597e-01	+0.000e+00	+0.000e+00	+0.000e+00	+0.000e+00	+0.000e+00	+0.000e+00
235.00	+1.598e-01	+0.000e+00	+0.000e+00	+0.000e+00	+0.000e+00	+0.000e+00	+0.000e+00
236.00	+1.595e-01	+0.000e+00	+0.000e+00	+0.000e+00	+0.000e+00	+0.000e+00	+0.000e+00
237.00	+1.598e-01	+0.000e+00	+0.000e+00	+0.000e+00	+0.000e+00	+0.000e+00	+0.000e+00
238.00	+1.600e-01	+0.000e+00	+0.000e+00	+0.000e+00	+0.000e+00	+0.000e+00	+0.000e+00
239.00	+1.600e-01	+0.000e+00	+0.000e+00	+0.000e+00	+0.000e+00	+0.000e+00	+0.000e+00
240.00	+1.596e-01	+0.000e+00	+0.000e+00	+0.000e+00	+0.000e+00	+0.000e+00	+0.000e+00
241.00	+1.596e-01	+0.000e+00	+0.000e+00	+0.000e+00	+0.000e+00	+0.000e+00	+0.000e+00
242.00	+1.597e-01	+0.000e+00	+0.000e+00	+0.000e+00	+0.000e+00	+0.000e+00	+0.000e+00
243.00	+1.597e-01	+0.000e+00	+0.000e+00	+0.000e+00	+0.000e+00	+0.000e+00	+0.000e+00
244.00	+1.599e-01	+0.000e+00	+0.000e+00	+0.000e+00	+0.000e+00	+0.000e+00	+0.000e+00
245.00	+1.599e-01	+0.000e+00	+0.000e+00	+0.000e+00	+0.000e+00	+0.000e+00	+0.000e+00
246.00	+1.594e-01	+0.000e+00	+0.000e+00	+0.000e+00	+0.000e+00	+0.000e+00	+0.000e+00
247.00	+1.599e-01	+0.000e+00	+0.000e+00	+0.000e+00	+0.000e+00	+0.000e+00	+0.000e+00
248.00	+1.599e-01	+0.000e+00	+0.000e+00	+0.000e+00	+0.000e+00	+0.000e+00	+0.000e+00
249.00	+1.600e-01	+0.000e+00	+0.000e+00	+0.000e+00	+0.000e+00	+0.000e+00	+0.000e+00
250.00	+1.598e-01	+0.000e+00	+0.000e+00	+0.000e+00	+0.000e+00	+0.000e+00	+0.000e+00
251.00	+1.602e-01	+0.000e+00	+0.000e+00	+0.000e+00	+0.000e+00	+0.000e+00	+0.000e+00
252.00	+1.602e-01	+0.000e+00	+0.000e+00	+0.000e+00	+0.000e+00	+0.000e+00	+0.000e+00
253.00	+1.599e-01	+0.000e+00	+0.000e+00	+0.000e+00	+0.000e+00	+0.000e+00	+0.000e+00
254.00	+1.594e-01	+0.000e+00	+0.000e+00	+0.000e+00	+0.000e+00	+0.000e+00	+0.000e+00
255.00	+1.594e-01	+0.000e+00	+0.000e+00	+0.000e+00	+0.000e+00	+0.000e+00	+0.000e+00
256.00	+1.591e-01	+0.000e+00	+0.000e+00	+0.000e+00	+0.000e+00	+0.000e+00	+0.000e+00
257.00	+1.594e-01	+0.000e+00	+0.000e+00	+0.000e+00	+0.000e+00	+0.000e+00	+0.000e+00
258.00	+1.602e-01	+0.000e+00	+0.000e+00	+0.000e+00	+0.000e+00	+0.000e+00	+0.000e+00
259.00	+1.598e-01	+0.000e+00	+0.000e+00	+0.000e+00	+0.000e+00	+0.000e+00	+0.000e+00
260.00	+1.598e-01	+0.000e+00	+0.000e+00	+0.000e+00	+0.000e+00	+0.000e+00	+0.000e+00
261.00	+1.595e-01	+0.000e+00	+0.000e+00	+0.000e+00	+0.000e+00	+0.000e+00	+0.000e+00
262.00	+1.593e-01	+0.000e+00	+0.000e+00	+0.000e+00	+0.000e+00	+0.000e+00	+0.000e+00
263.00	+1.598e-01	+0.000e+00	+0.000e+00	+0.000e+00	+0.000e+00	+0.000e+00	+0.000e+00
264.00	+1.593e-01	+0.000e+00	+0.000e+00	+0.000e+00	+0.000e+00	+0.000e+00	+0.000e+00
265.00	+1.597e-01	+0.000e+00	+0.000e+00	+0.000e+00	+0.000e+00	+0.000e+00	+0.000e+00
266.00	+1.599e-01	+0.000e+00	+0.000e+00	+0.000e+00	+0.000e+00	+0.000e+00	+0.000e+00
267.00	+1.598e-01	+8.864e-07	+2.962e-07	+8.082e-10	+1.251e-17	+7.609e-13	-9.382e-30
268.00	+1.597e-01	+0.000e+00	+0.000e+00	+0.000e+00	+0.000e+00	+0.000e+00	+0.000e+00
269.00	+1.597e-01	+0.000e+00	+0.000e+00	+0.000e+00	+0.000e+00	+0.000e+00	+0.000e+00
270.00	+1.593e-01	+0.000e+00	+0.000e+00	+0.000e+00	+0.000e+00	+0.000e+00	+0.000e+00
271.00	+1.597e-01	+0.000e+00	+0.000e+00	+0.000e+00	+0.000e+00	+0.000e+00	+0.000e+00
272.00	+1.597e-01	+0.000e+00	+0.000e+00	+0.000e+00	+0.000e+00	+0.000e+00	+0.000e+00
273.00	+1.597e-01	+0.000e+00	+0.000e+00	+0.000e+00	+0.000e+00	+0.000e+00	+0.000e+00
274.00	+1.599e-01	+0.000e+00	+0.000e+00	+0.000e+00	+0.000e+00	+0.000e+00	+0.000e+00
275.00	+1.597e-01	+0.000e+00	+0.000e+00	+0.000e+00	+0.000e+00	+0.000e+00	+0.000e+00
276.00	+1.593e-01	+0.000e+00	+0.000e+00	+0.000e+00	+0.000e+00	+0.000e+00	+0.000e+00
277.00	+1.598e-01	+0.000e+00	+0.000e+00	+0.000e+00	+0.000e+00	+0.000e+00	+0.000e+00
278.00	+1.593e-01	+0.000e+00	+0.000e+00	+0.000e+00	+0.000e+00	+0.000e+00	+0.000e+00
279.00	+1.595e-01	+0.000e+00	+0.000e+00	+0.000e+00	+0.000e+00	+0.000e+00	+0.000e+00
280.00	+1.598e-01	+0.000e+00	+0.000e+00	+0.000e+00	+0.000e+00	+0.000e+00	+0.000e+00
281.00	+1.598e-01	+0.000e+00	+0.000e+00	+0.000e+00	+0.000e+00	+0.000e+00	+0.000e+00
282.00	+1.602e-01	+0.000e+00	+0.000e+00	+0.000e+00	+0.000e+00	+0.000e+00	+0.000e+00
283.00	+1.594e-01	+0.000e+00	+0.000e+00	+0.000e+00	+0.000e+00	+0.000e+00	+0.000e+00
284.00	+1.591e-01	+0.000e+00	+0.000e+00	+0.000e+00	+0.000e+00	+0.000e+00	+0.000e+00
285.00	+1.594e-01	+0.000e+00	+0.000e+00	+0.000e+00	+0.000e+00	+0.000e+00	+0.000e+00
286.00	+1.594e-01	+0.000e+00	+0.000e+00	+0.000e+00	+0.000e+00	+0.000e+00	+0.000e+00
287.00	+1.599e-01	+0.000e+00	+0.000e+00	+0.000e+00	+0.000e+00	+0.000e+00	+0.000e+00
288.00	+1.602e-01	+0.000e+00	+0.000e+00	+0.000e+00	+0.000e+00	+0.000e+00	+0.000e+00
289.00	+1.602e-01	+0.000e+00	+0.000e+00	+0.000e+00	+0.000e+00	+0.000e+00	+0.000e+00
290.00	+1.598e-01	+0.000e+00	+0.000e+00	+0.000e+00	+0.000e+00	+0.000e+00	+0.000e+00
291.00	+1.600e-01	+0.000e+00	+0.000e+00	+0.000e+00	+0.000e+00	+0.000e+00	+0.000e+00
292.00	+1.599e-01	+0.000e+00	+0.000e+00	+0.000e+00	+0.000e+00	+0.000e+00	+0.000e+00
293.00	+1.599e-01	+0.000e+00	+0.000e+00	+0.000e+00	+0.000e+00	+0.000e+00	+0.000e+00
294.00	+1.594e-01	+0.000e+00	+0.000e+00	+0.000e+00	+0.000e+00	+0.000e+00	+0.000e+00
295.00	+1.599e-01	+0.000e+00	+0.000e+00	+0.000e+00	+0.000e+00	+0.000e+00	+0.000e+00
296.00	+1.599e-01	+0.000e+00	+0.000e+00	+0.000e+00	+0.000e+00	+0.000e+00	+0.000e+00
297.00	+1.597e-01	+0.000e+00	+0.000e+00	+0.000e+00	+0.000e+00	+0.000e+00	+0.000e+00
298.00	+1.597e-01	+0.000e+00	+0.000e+00	+0.000e+00	+0.000e+00	+0.000e+00	+0.000e+00
299.00	+1.596e-01	+0.000e+00	+0.000e+00	+0.000e+00	+0.000e+00	+0.000e+00	+0.000e+00
300.00	+1.596e-01	+0.000e+00	+0.000e+00	+0.000e+00	+0.000e+00	+0.000e+00	+0.000e+00
301.00	+1.600e-01	+0.000e+00	+0.000e+00	+0.000e+00	+0.000e+00	+0.000e+00	+0.000e+00
302.00	+1.600e-01	+0.000e+00	+0.000e+00	+0.000e+00	+0.000e+00	+0.000e+00	+0.000e+00
303.00	+1.598e-01	+0.000e+00	+0.000e+00	+0.000e+00	+0.000e+00	+0.000e+00	+0.000e+00
304.00	+1.595e-01	+0.000e+00	+0.000e+00	+0.000e+00	+0.000e+00	+0.000e+00	+0.000e+00
305.00	+1.598e-01	+0.000e+00	+0.000e+00	+0.000e+00	+0.000e+00	+0.000e+00	+0.000e+00
306.00	+1.597e-01	+0.000e+00	+0.000e+00	+0.000e+00	+0.000e+00	+0.000e+00	+0.000e+00
307.00	+1.597e-01	+0.000e+00	+0.000e+00	+0.000e+00	+0.000e+00	+0.000e+00	+0.000e+00
308.00	+1.597e-01	+0.000e+00	+0.000e+00	+0.000e+00	+0.000e+00	+0.000e+00	+0.000e+00
309.00	+1.598e-01	+0.000e+00	+0.000e+00	+0.000e+00	+0.000e+00	+0.000e+00	+0.000e+00
310.00	+1.596e-01	+0.000e+00	+0.000e+00	+0.000e+00	+0.000e+00	+0.000e+00	+0.000e+00
311.00	+1.599e-01	+0.000e+00	+0.000e+00	+0.000e+00	+0.000e+00	+0.000e+00	+0.000e+00
312.00	+1.600e-01	+0.000e+00	+0.000e+00	+0.000e+00	+0.000e+00	+0.000e+00	+0.000e+00
313.00	+1.602e-01	+0.000e+00	+0.000e+00	+0.000e+00	+0.000e+00	+0.000e+00	+0.000e+00
314.00	+1.597e-01	+0.000e+00	+0.000e+00	+0.000e+00	+0.000e+00	+0.000e+00	+0.000e+00
315.00	+1.593e-01	+0.000e+00	+0.000e+00	+0.000e+00	+0.000e+00	+0.000e+00	+0.000e+00
316.00	+1.597e-01	+0.000e+00	+0.000e+00	+0.000e+00	+0.000e+00	+0.000e+00	+0.000e+00
317.00	+1.602e-01	+0.000e+00	+0.000e+00	+0.000e+00	+0.000e+00	+0.000e+00	+0.000e+00
318.00	+1.600e-01	+0.000e+00	+0.000e+00	+0.000e+00	+0.000e+00	+0.000e+00	+0.000e+00
319.00	+1.599e-01	+0.000e+00	+0.000e+00	+0.000e+00	+0.000e+00	+0.000e+00	+0.000e+00
320.00	+1.596e-01	+0.000e+00	+0.000e+00	+0.000e+00	+0.000e+00	+0.000e+00	+0.000e+00
321.00	+1.598e-01	+0.000e+00	+0.000e+00	+0.000e+00	+0.000e+00	+0.000e+00	+0.000e+00
322.00	+1.597e-01	+0.000e+00	+0.000e+00	+0.000e+00	+0.000e+00	+0.000e+00	+0.000e+00
323.00	+1.597e-01	+0.000e+00	+0.000e+00	+0.000e+00	+0.000e+00	+0.000e+00	+0.000e+00
324.00	+1.597e-01	+0.000e+00	+0.000e+00	+0.000e+00	+0.000e+00	+0.000e+00	+0.000e+00
325.00	+1.598e-01	+0.000e+00	+0.000e+00	+0.000e+00	+0.000e+00	+0.000e+00	+0.000e+00
326.00	+1.595e-01	+0.000e+00	+0.000e+00	+0.000e+00	+0.000e+00	+0.000e+00	+0.000e+00
327.00	+1.598e-01	+0.000e+00	+0.000e+00	+0.000e+00	+0.000e+00	+0.000e+00	+0.000e+00
328.00	+1.600e-01	+0.000e+00	+0.000e+00	+0.000e+00	+0.000e+00	+0.000e+00	+0.000e+00
329.00	+1.600e-01	+0.000e+00	+0.000e+00	+0.000e+00	+0.000e+00	+0.000e+00	+0.000e+00
330.00	+1.596e-01	+0.000e+00	+0.000e+00	+0.000e+00	+0.000e+00	+0.000e+00	+0.000e+00
331.00	+1.596e-01	+0.000e+00	+0.000e+00	+0.000e+00	+0.000e+00	+0.000e+00	+0.000e+00
332.00	+1.597e-01	+0.000e+00	+0.000e+00	+0.000e+00	+0.000e+00	+0.000e+00	+0.000e+00
333.00	+1.597e-01	+0.000e+00	+0.000e+00	+0.000e+00	+0.000e+00	+0.000e+00	+0.000e+00
334.00	+1.599e-01	+0.000e+00	+0.000e+00	+0.000e+00	+0.000e+00	+0.000e+00	+0.000e+00
335.00	+1.599e-01	+0.000e+00	+0.000e+00	+0.000e+00	+0.000e+00	+0.000e+00	+0.000e+00
336.00	+1.594e-01	+0.000e+00	+0.000e+00	+0.000e+00	+0.000e+00	+0.000e+00	+0.000e+00
337.00	+1.599e-01	+0.000e+00	+0.000e+00	+0.000e+00	+0.000e+00	+0.000e+00	+0.000e+00
338.00	+1.599e-01	+0.000e+00	+0.000e+00	+0.000e+00	+0.000e+00	+0.000e+00	+0.000e+00
339.00	+1.600e-01	+0.000e+00	+0.000e+00	+0.000e+00	+0.000e+00	+0.000e+00	+0.000e+00
340.00	+1.598e-01	+0.000e+00	+0.000e+00	+0.000e+00	+0.000e+00	+0.000e+00	+0.000e+00
341.00	+1.602e-01	+0.000e+00	+0.000e+00	+0.000e+00	+0.000e+00	+0.000e+00	+0.000e+00
342.00	+1.602e-01	+0.000e+00	+0.000e+00	+0.000e+00	+0.000e+00	+0.000e+00	+0.000e+00
343.00	+1.599e-01	+0.000e+00	+0.000e+00	+0.000e+00	+0.000e+00	+0.000e+00	+0.000e+00
344.00	+1.594e-01	+0.000e+00	+0.000e+00	+0.000e+00	+0.000e+00	+0.000e+00	+0.000e+00
345.00	+1.594e-01	+0.000e+00	+0.000e+00	+0.000e+00	+0.000e+00	+0.000e+00	+0.000e+00
346.00	+1.591e-01	+0.000e+00	+0.000e+00	+0.000e+00	+0.000e+00	+0.000e+00	+0.000e+00
347.00	+1.594e-01	+0.000e+00	+0.000e+00	+0.000e+00	+0.000e+00	+0.000e+00	+0.000e+00
348.00	+1.602e-01	+0.000e+00	+0.000e+00	+0.000e+00	+0.000e+00	+0.000e+00	+0.000e+00
349.00	+1.598e-01	+0.000e+00	+0.000e+00	+0.000e+00	+0.000e+00	+0.000e+00	+0.000e+00
350.00	+1.598e-01	+0.000e+00	+0.000e+00	+0.000e+00	+0.000e+00	+0.000e+00	+0.000e+00
351.00	+1.595e-01	+0.000e+00	+0.000e+00	+0.000e+00	+0.000e+00	+0.000e+00	+0.000e+00
352.00	+1.593e-01	+0.000e+00	+0.000e+00	+0.000e+00	+0.000e+00	+0.000e+00	+0.000e+00
353.00	+1.598e-01	+0.000e+00	+0.000e+00	+0.000e+00	+0.000e+00	+0.000e+00	+0.000e+00
354.00	+1.593e-01	+0.000e+00	+0.000e+00	+0.000e+00	+0.000e+00	+0.000e+00	+0.000e+00
355.00	+1.597e-01	+0.000e+00	+0.000e+00	+0.000e+00	+0.000e+00	+0.000e+00	+0.000e+00
356.00	+1.599e-01	+0.000e+00	+0.000e+00	+0.000e+00	+0.000e+00	+0.000e+00	+0.000e+00
357.00	+1.598e-01	+2.736e-11	+5.941e-07	+1.586e-09	-4.869e-17	-8.296e-15	+1.976e-30
358.00	+1.597e-01	+0.000e+00	+0.000e+00	+0.000e+00	+0.000e+00	+0.000e+00	+0.000e+00
359.00	+1.597e-01	+0.000e+00	+0.000e+00	+0.000e+00	+0.000e+00	+0.000e+00	+0.000e+00
