0.00	+2.788e-01	+5.239e-02	+7.591e-08	+3.651e-08	+1.922e-15	+8.356e-09	-1.517e-28
1.00	+2.743e-01	+4.989e-02	+6.597e-08	+3.024e-08	+1.350e-15	+6.753e-09	+1.276e-17
2.00	+2.745e-01	+5.000e-02	+6.616e-08	+3.025e-08	+1.353e-15	+6.763e-09	-2.487e-17
3.00	+2.740e-01	+4.974e-02	+6.572e-08	+2.996e-08	+1.329e-15	+6.681e-09	+1.037e-17
4.00	+2.751e-01	+5.032e-02	+6.663e-08	+3.034e-08	+1.364e-15	+6.800e-09	-2.891e-17
5.00	+2.743e-01	+4.988e-02	+6.508e-08	+3.345e-08	+1.561e-15	+7.469e-09	-1.492e-17
6.00	+2.745e-01	+4.997e-02	+6.834e-08	+3.166e-08	+1.472e-15	+7.074e-09	-2.088e-17
7.00	+2.742e-01	+4.983e-02	+7.199e-08	+3.050e-08	+1.429e-15	+6.804e-09	-3.011e-17
8.00	+2.752e-01	+5.032e-02	+6.502e-08	+2.863e-08	+1.235e-15	+6.422e-09	+8.990e-19
9.00	+2.744e-01	+4.992e-02	+6.786e-08	+3.001e-08	+1.354e-15	+6.701e-09	-2.559e-17
10.00	+2.738e-01	+4.961e-02	+7.424e-08	+3.080e-08	+1.464e-15	+6.505e-09	-1.635e-16
11.00	+2.746e-01	+5.005e-02	+7.149e-08	+2.878e-08	+1.305e-15	+6.439e-09	+5.892e-18
12.00	+2.749e-01	+5.021e-02	+5.207e-08	+1.075e-08	+2.002e-16	+1.152e-09	+1.569e-16
13.00	+2.743e-01	+4.988e-02	+6.170e-08	+3.267e-08	+1.467e-15	+7.295e-09	-1.171e-17
14.00	+2.749e-01	+5.024e-02	+9.356e-08	+3.453e-08	+1.947e-15	+7.377e-09	+2.468e-16
15.00	+2.743e-01	+4.986e-02	+8.058e-08	+3.551e-08	+1.886e-15	+7.424e-09	-2.288e-16
16.00	+2.739e-01	+4.962e-02	+2.343e-07	+1.012e-07	+1.551e-14	+2.159e-08	-1.435e-15
17.00	+2.749e-01	+5.020e-02	+1.338e-07	+5.639e-08	+4.877e-15	+1.224e-08	-4.563e-16
18.00	+2.748e-01	+5.016e-02	+3.541e-08	+1.477e-08	+3.340e-16	+3.011e-09	+5.066e-17
19.00	+2.749e-01	+5.018e-02	+8.147e-08	+3.729e-08	+2.055e-15	+8.351e-09	+1.741e-17
20.00	+2.746e-01	+5.002e-02	+1.358e-07	+4.651e-08	+3.583e-15	+8.744e-09	+9.076e-16
21.00	+2.746e-01	+5.002e-02	+1.199e-07	+5.342e-08	+4.267e-15	+1.175e-08	-2.465e-16
22.00	+2.747e-01	+5.008e-02	+1.179e-07	+3.096e-08	+1.696e-15	+4.985e-09	-7.868e-16
23.00	+2.740e-01	+4.969e-02	+5.373e-08	+2.580e-08	+9.605e-16	+5.751e-09	+7.781e-19
24.00	+2.747e-01	+5.012e-02	+1.804e-07	+6.789e-08	+7.402e-15	+1.391e-08	-1.291e-15
25.00	+2.740e-01	+4.969e-02	+7.515e-08	+1.981e-08	+6.899e-16	+2.899e-09	-3.290e-16
26.00	+2.756e-01	+5.062e-02	+1.490e-08	+2.739e-09	+1.189e-17	+1.819e-10	+1.284e-17
27.00	+2.753e-01	+5.042e-02	+6.219e-08	+1.343e-08	+3.053e-16	+1.381e-09	-2.395e-16
28.00	+2.735e-01	+4.946e-02	+3.301e-08	+1.225e-08	+2.420e-16	+2.445e-09	+4.665e-17
29.00	+2.743e-01	+4.989e-02	+7.479e-08	+2.874e-08	+1.312e-15	+5.860e-09	+2.353e-16
30.00	+2.741e-01	+4.974e-02	+6.337e-08	+2.629e-08	+1.061e-15	+5.327e-09	-1.595e-16
31.00	+2.746e-01	+5.003e-02	+6.921e-08	+2.664e-08	+1.129e-15	+5.455e-09	+1.865e-16
32.00	+2.753e-01	+5.039e-02	+1.142e-07	+5.295e-08	+4.117e-15	+1.187e-08	-5.786e-17
33.00	+2.747e-01	+5.011e-02	+1.766e-07	+7.908e-08	+9.329e-15	+1.748e-08	+5.646e-16
34.00	+2.741e-01	+4.974e-02	+4.079e-08	+1.746e-08	+4.657e-16	+3.877e-09	+1.687e-17
35.00	+2.753e-01	+5.041e-02	+1.109e-07	+3.373e-08	+1.927e-15	+5.489e-09	+7.383e-16
36.00	+2.747e-01	+5.009e-02	+8.043e-08	+3.255e-08	+1.655e-15	+6.939e-09	+1.861e-16
37.00	+2.739e-01	+4.964e-02	+1.590e-07	+5.619e-08	+5.155e-15	+1.072e-08	+1.275e-15
38.00	+2.744e-01	+4.994e-02	+8.930e-08	+3.000e-08	+1.492e-15	+5.442e-09	+4.309e-16
39.00	+2.749e-01	+5.021e-02	+4.151e-08	+1.275e-08	+2.763e-16	+2.121e-09	+9.845e-17
40.00	+2.750e-01	+5.026e-02	+1.581e-07	+7.516e-08	+8.193e-15	+1.683e-08	-7.167e-17
41.00	+2.749e-01	+5.024e-02	+1.390e-07	+5.312e-08	+4.493e-15	+1.070e-08	-8.058e-16
42.00	+2.750e-01	+5.027e-02	+6.438e-08	+2.717e-08	+1.136e-15	+6.087e-09	-1.495e-17
43.00	+2.747e-01	+5.009e-02	+6.291e-08	+2.968e-08	+1.282e-15	+6.629e-09	+3.358e-17
44.00	+2.729e-01	+4.914e-02	+8.710e-08	+3.166e-08	+1.625e-15	+6.074e-09	+3.488e-16
45.00	+2.741e-01	+4.977e-02	+7.005e-08	+3.088e-08	+1.436e-15	+6.889e-09	+1.762e-29
46.00	+2.729e-01	+4.914e-02	+8.710e-08	+3.166e-08	+1.625e-15	+6.074e-09	-3.488e-16
47.00	+2.747e-01	+5.009e-02	+6.291e-08	+2.968e-08	+1.282e-15	+6.629e-09	-3.358e-17
48.00	+2.750e-01	+5.027e-02	+6.438e-08	+2.717e-08	+1.136e-15	+6.087e-09	+1.495e-17
49.00	+2.749e-01	+5.024e-02	+1.390e-07	+5.312e-08	+4.493e-15	+1.070e-08	+8.058e-16
50.00	+2.750e-01	+5.026e-02	+1.581e-07	+7.516e-08	+8.193e-15	+1.683e-08	+7.167e-17
51.00	+2.749e-01	+5.021e-02	+4.151e-08	+1.275e-08	+2.763e-16	+2.121e-09	-9.845e-17
52.00	+2.744e-01	+4.994e-02	+8.930e-08	+3.000e-08	+1.492e-15	+5.442e-09	-4.309e-16
53.00	+2.739e-01	+4.964e-02	+1.590e-07	+5.619e-08	+5.155e-15	+1.072e-08	-1.275e-15
54.00	+2.747e-01	+5.009e-02	+8.043e-08	+3.255e-08	+1.655e-15	+6.939e-09	-1.861e-16
55.00	+2.753e-01	+5.041e-02	+1.109e-07	+3.373e-08	+1.927e-15	+5.489e-09	-7.383e-16
56.00	+2.741e-01	+4.974e-02	+7.470e-08	+1.850e-08	+6.004e-16	+2.556e-09	+3.352e-16
57.00	+2.747e-01	+5.011e-02	+1.766e-07	+7.908e-08	+9.329e-15	+1.748e-08	-5.646e-16
58.00	+2.753e-01	+5.039e-02	+1.142e-07	+5.295e-08	+4.117e-15	+1.187e-08	+5.786e-17
59.00	+2.746e-01	+5.003e-02	+6.921e-08	+2.664e-08	+1.129e-15	+5.455e-09	-1.865e-16
60.00	+2.741e-01	+4.974e-02	+6.337e-08	+2.629e-08	+1.061e-15	+5.327e-09	+1.595e-16
61.00	+2.743e-01	+4.989e-02	+7.479e-08	+2.874e-08	+1.312e-15	+5.860e-09	-2.353e-16
62.00	+2.735e-01	+4.946e-02	+3.301e-08	+1.225e-08	+2.420e-16	+2.445e-09	-4.665e-17
63.00	+2.753e-01	+5.042e-02	+6.219e-08	+1.343e-08	+3.053e-16	+1.381e-09	+2.395e-16
64.00	+2.756e-01	+5.062e-02	+1.490e-08	+2.739e-09	+1.189e-17	+1.819e-10	-1.284e-17
65.00	+2.740e-01	+4.969e-02	+1.065e-07	+5.089e-08	+3.746e-15	+1.134e-08	+2.131e-17
66.00	+2.747e-01	+5.012e-02	+1.804e-07	+6.789e-08	+7.402e-15	+1.391e-08	+1.291e-15
67.00	+2.740e-01	+4.969e-02	+5.373e-08	+2.580e-08	+9.605e-16	+5.751e-09	-7.781e-19
68.00	+2.747e-01	+5.008e-02	+1.179e-07	+3.096e-08	+1.696e-15	+4.985e-09	+7.868e-16
69.00	+2.746e-01	+5.002e-02	+1.199e-07	+5.342e-08	+4.267e-15	+1.175e-08	+2.465e-16
70.00	+2.746e-01	+5.002e-02	+1.358e-07	+4.651e-08	+3.583e-15	+8.744e-09	-9.076e-16
71.00	+2.749e-01	+5.022e-02	+7.584e-08	+3.051e-08	+1.450e-15	+6.306e-09	-2.268e-16
72.00	+2.748e-01	+5.016e-02	+3.541e-08	+1.477e-08	+3.340e-16	+3.011e-09	-5.066e-17
73.00	+2.747e-01	+5.010e-02	+7.839e-08	+3.494e-08	+1.828e-15	+7.818e-09	+2.021e-17
74.00	+2.739e-01	+4.962e-02	+6.048e-08	+3.046e-08	+1.307e-15	+6.783e-09	+2.062e-17
75.00	+2.743e-01	+4.986e-02	+8.058e-08	+3.551e-08	+1.886e-15	+7.424e-09	+2.288e-16
76.00	+2.749e-01	+5.024e-02	+9.356e-08	+3.453e-08	+1.947e-15	+7.377e-09	-2.468e-16
77.00	+2.743e-01	+4.988e-02	+6.170e-08	+3.267e-08	+1.467e-15	+7.295e-09	+1.171e-17
78.00	+2.749e-01	+5.021e-02	+3.698e-08	+1.731e-08	+4.366e-16	+3.806e-09	+3.312e-17
79.00	+2.746e-01	+5.005e-02	+7.149e-08	+2.878e-08	+1.305e-15	+6.439e-09	-5.892e-18
80.00	+2.738e-01	+4.961e-02	+7.424e-08	+3.080e-08	+1.464e-15	+6.505e-09	+1.635e-16
81.00	+2.744e-01	+4.992e-02	+6.786e-08	+3.001e-08	+1.354e-15	+6.701e-09	+2.559e-17
82.00	+2.752e-01	+5.032e-02	+6.502e-08	+2.863e-08	+1.235e-15	+6.422e-09	-8.990e-19
83.00	+2.742e-01	+4.983e-02	+7.199e-08	+3.050e-08	+1.429e-15	+6.804e-09	+3.011e-17
84.00	+2.745e-01	+4.997e-02	+6.834e-08	+3.166e-08	+1.472e-15	+7.074e-09	+2.088e-17
85.00	+2.743e-01	+4.988e-02	+6.508e-08	+3.345e-08	+1.561e-15	+7.469e-09	+1.492e-17
86.00	+2.751e-01	+5.032e-02	+6.663e-08	+3.034e-08	+1.364e-15	+6.800e-09	+2.891e-17
87.00	+2.740e-01	+4.974e-02	+6.572e-08	+2.996e-08	+1.329e-15	+6.681e-09	-1.037e-17
88.00	+2.745e-01	+5.000e-02	+6.616e-08	+3.025e-08	+1.353e-15	+6.763e-09	+2.487e-17
89.00	+2.743e-01	+4.989e-02	+6.597e-08	+3.024e-08	+1.350e-15	+6.753e-09	-1.276e-17
90.00	+2.788e-01	+5.239e-02	+7.591e-08	+3.651e-08	+1.922e-15	+8.356e-09	+1.134e-30
91.00	+2.743e-01	+4.989e-02	+6.597e-08	+3.024e-08	+1.350e-15	+6.753e-09	+1.276e-17
92.00	+2.745e-01	+5.000e-02	+6.616e-08	+3.025e-08	+1.353e-15	+6.763e-09	-2.487e-17
93.00	+2.740e-01	+4.974e-02	+6.572e-08	+2.996e-08	+1.329e-15	+6.681e-09	+1.037e-17
94.00	+2.751e-01	+5.032e-02	+6.663e-08	+3.034e-08	+1.364e-15	+6.800e-09	-2.891e-17
95.00	+2.743e-01	+4.988e-02	+6.508e-08	+3.345e-08	+1.561e-15	+7.469e-09	-1.492e-17
96.00	+2.745e-01	+4.997e-02	+6.834e-08	+3.166e-08	+1.472e-15	+7.074e-09	-2.088e-17
97.00	+2.742e-01	+4.983e-02	+7.199e-08	+3.050e-08	+1.429e-15	+6.804e-09	-3.011e-17
98.00	+2.752e-01	+5.032e-02	+6.502e-08	+2.863e-08	+1.235e-15	+6.422e-09	+8.990e-19
99.00	+2.744e-01	+4.992e-02	+6.786e-08	+3.001e-08	+1.354e-15	+6.701e-09	-2.559e-17
100.00	+2.738e-01	+4.961e-02	+7.424e-08	+3.080e-08	+1.464e-15	+6.505e-09	-1.635e-16
101.00	+2.746e-01	+5.005e-02	+7.149e-08	+2.878e-08	+1.305e-15	+6.439e-09	+5.892e-18
102.00	+2.749e-01	+5.021e-02	+5.207e-08	+1.075e-08	+2.002e-16	+1.152e-09	+1.569e-16
103.00	+2.743e-01	+4.988e-02	+6.170e-08	+3.267e-08	+1.467e-15	+7.295e-09	-1.171e-17
104.00	+2.749e-01	+5.024e-02	+9.356e-08	+3.453e-08	+1.947e-15	+7.377e-09	+2.468e-16
105.00	+2.743e-01	+4.986e-02	+8.058e-08	+3.551e-08	+1.886e-15	+7.424e-09	-2.288e-16
106.00	+2.739e-01	+4.962e-02	+2.343e-07	+1.012e-07	+1.551e-14	+2.159e-08	-1.435e-15
107.00	+2.749e-01	+5.020e-02	+1.338e-07	+5.639e-08	+4.877e-15	+1.224e-08	-4.563e-16
108.00	+2.748e-01	+5.016e-02	+3.541e-08	+1.477e-08	+3.340e-16	+3.011e-09	+5.066e-17
109.00	+2.749e-01	+5.022e-02	+7.584e-08	+3.051e-08	+1.450e-15	+6.306e-09	+2.268e-16
110.00	+2.746e-01	+5.002e-02	+1.358e-07	+4.651e-08	+3.583e-15	+8.744e-09	+9.076e-16
111.00	+2.746e-01	+5.002e-02	+1.199e-07	+5.342e-08	+4.267e-15	+1.175e-08	-2.465e-16
112.00	+2.747e-01	+5.008e-02	+1.179e-07	+3.096e-08	+1.696e-15	+4.985e-09	-7.868e-16
113.00	+2.740e-01	+4.969e-02	+5.373e-08	+2.580e-08	+9.605e-16	+5.751e-09	+7.781e-19
114.00	+2.747e-01	+5.012e-02	+1.804e-07	+6.789e-08	+7.402e-15	+1.391e-08	-1.291e-15
115.00	+2.740e-01	+4.969e-02	+7.515e-08	+1.981e-08	+6.899e-16	+2.899e-09	-3.290e-16
116.00	+2.756e-01	+5.062e-02	+1.490e-08	+2.739e-09	+1.189e-17	+1.819e-10	+1.284e-17
117.00	+2.752e-01	+5.036e-02	+2.339e-08	+7.562e-09	+9.716e-17	+1.440e-09	-2.596e-17
118.00	+2.735e-01	+4.946e-02	+3.301e-08	+1.225e-08	+2.420e-16	+2.445e-09	+4.665e-17
119.00	+2.743e-01	+4.989e-02	+7.479e-08	+2.874e-08	+1.312e-15	+5.860e-09	+2.353e-16
120.00	+2.741e-01	+4.974e-02	+6.337e-08	+2.629e-08	+1.061e-15	+5.327e-09	-1.595e-16
121.00	+2.746e-01	+5.003e-02	+6.921e-08	+2.664e-08	+1.129e-15	+5.455e-09	+1.865e-16
122.00	+2.753e-01	+5.039e-02	+1.142e-07	+5.295e-08	+4.117e-15	+1.187e-08	-5.786e-17
123.00	+2.747e-01	+5.011e-02	+1.766e-07	+7.908e-08	+9.329e-15	+1.748e-08	+5.646e-16
124.00	+2.740e-01	+4.969e-02	+4.493e-08	+1.688e-08	+4.580e-16	+3.447e-09	-7.894e-17
125.00	+2.753e-01	+5.041e-02	+1.109e-07	+3.373e-08	+1.927e-15	+5.489e-09	+7.383e-16
126.00	+2.747e-01	+5.009e-02	+8.043e-08	+3.255e-08	+1.655e-15	+6.939e-09	+1.861e-16
127.00	+2.739e-01	+4.964e-02	+1.590e-07	+5.619e-08	+5.155e-15	+1.072e-08	+1.275e-15
128.00	+2.744e-01	+4.994e-02	+8.930e-08	+3.000e-08	+1.492e-15	+5.442e-09	+4.309e-16
129.00	+2.749e-01	+5.021e-02	+4.151e-08	+1.275e-08	+2.763e-16	+2.121e-09	+9.845e-17
130.00	+2.750e-01	+5.026e-02	+1.581e-07	+7.516e-08	+8.193e-15	+1.683e-08	-7.167e-17
131.00	+2.749e-01	+5.024e-02	+1.390e-07	+5.312e-08	+4.493e-15	+1.070e-08	-8.058e-16
132.00	+2.750e-01	+5.027e-02	+6.438e-08	+2.717e-08	+1.136e-15	+6.087e-09	-1.495e-17
133.00	+2.747e-01	+5.009e-02	+6.291e-08	+2.968e-08	+1.282e-15	+6.629e-09	+3.358e-17
134.00	+2.729e-01	+4.914e-02	+8.710e-08	+3.166e-08	+1.625e-15	+6.074e-09	+3.488e-16
135.00	+2.741e-01	+4.977e-02	+7.005e-08	+3.088e-08	+1.436e-15	+6.889e-09	-1.494e-29
136.00	+2.729e-01	+4.914e-02	+8.710e-08	+3.166e-08	+1.625e-15	+6.074e-09	-3.488e-16
137.00	+2.747e-01	+5.009e-02	+6.291e-08	+2.968e-08	+1.282e-15	+6.629e-09	-3.358e-17
138.00	+2.750e-01	+5.027e-02	+6.438e-08	+2.717e-08	+1.136e-15	+6.087e-09	+1.495e-17
139.00	+2.749e-01	+5.024e-02	+1.390e-07	+5.312e-08	+4.493e-15	+1.070e-08	+8.058e-16
140.00	+2.750e-01	+5.026e-02	+1.581e-07	+7.516e-08	+8.193e-15	+1.683e-08	+7.167e-17
141.00	+2.749e-01	+5.021e-02	+4.151e-08	+1.275e-08	+2.763e-16	+2.121e-09	-9.845e-17
142.00	+2.744e-01	+4.994e-02	+8.930e-08	+3.000e-08	+1.492e-15	+5.442e-09	-4.309e-16
143.00	+2.739e-01	+4.964e-02	+1.590e-07	+5.619e-08	+5.155e-15	+1.072e-08	-1.275e-15
144.00	+2.747e-01	+5.009e-02	+8.043e-08	+3.255e-08	+1.655e-15	+6.939e-09	-1.861e-16
145.00	+2.753e-01	+5.041e-02	+1.109e-07	+3.373e-08	+1.927e-15	+5.489e-09	-7.383e-16
146.00	+2.740e-01	+4.969e-02	+4.493e-08	+1.688e-08	+4.580e-16	+3.447e-09	+7.894e-17
147.00	+2.747e-01	+5.011e-02	+1.766e-07	+7.908e-08	+9.329e-15	+1.748e-08	-5.646e-16
148.00	+2.753e-01	+5.039e-02	+1.142e-07	+5.295e-08	+4.117e-15	+1.187e-08	+5.786e-17
149.00	+2.746e-01	+5.003e-02	+6.921e-08	+2.664e-08	+1.129e-15	+5.455e-09	-1.865e-16
150.00	+2.741e-01	+4.974e-02	+6.337e-08	+2.629e-08	+1.061e-15	+5.327e-09	+1.595e-16
151.00	+2.743e-01	+4.989e-02	+7.479e-08	+2.874e-08	+1.312e-15	+5.860e-09	-2.353e-16
152.00	+2.735e-01	+4.946e-02	+3.301e-08	+1.225e-08	+2.420e-16	+2.445e-09	-4.665e-17
153.00	+2.753e-01	+5.042e-02	+6.219e-08	+1.343e-08	+3.053e-16	+1.381e-09	+2.395e-16
154.00	+2.756e-01	+5.062e-02	+1.490e-08	+2.739e-09	+1.189e-17	+1.819e-10	-1.284e-17
155.00	+2.740e-01	+4.969e-02	+1.065e-07	+5.089e-08	+3.746e-15	+1.134e-08	+2.131e-17
156.00	+2.747e-01	+5.012e-02	+1.804e-07	+6.789e-08	+7.402e-15	+1.391e-08	+1.291e-15
157.00	+2.740e-01	+4.969e-02	+5.373e-08	+2.580e-08	+9.605e-16	+5.751e-09	-7.781e-19
158.00	+2.747e-01	+5.008e-02	+1.179e-07	+3.096e-08	+1.696e-15	+4.985e-09	+7.868e-16
159.00	+2.746e-01	+5.002e-02	+1.199e-07	+5.342e-08	+4.267e-15	+1.175e-08	+2.465e-16
160.00	+2.746e-01	+5.002e-02	+1.358e-07	+4.651e-08	+3.583e-15	+8.744e-09	-9.076e-16
161.00	+2.749e-01	+5.021e-02	+2.413e-08	+1.014e-08	+1.583e-16	+2.229e-09	+1.050e-17
162.00	+2.748e-01	+5.016e-02	+3.541e-08	+1.477e-08	+3.340e-16	+3.011e-09	-5.066e-17
163.00	+2.749e-01	+5.020e-02	+5.212e-08	+1.996e-08	+6.375e-16	+4.180e-09	-9.137e-17
164.00	+2.739e-01	+4.962e-02	+6.048e-08	+3.046e-08	+1.307e-15	+6.783e-09	+2.062e-17
165.00	+2.743e-01	+4.986e-02	+8.058e-08	+3.551e-08	+1.886e-15	+7.424e-09	+2.288e-16
166.00	+2.749e-01	+5.024e-02	+9.356e-08	+3.453e-08	+1.947e-15	+7.377e-09	-2.468e-16
167.00	+2.743e-01	+4.988e-02	+6.170e-08	+3.267e-08	+1.467e-15	+7.295e-09	+1.171e-17
168.00	+2.749e-01	+5.021e-02	+3.698e-08	+1.731e-08	+4.366e-16	+3.806e-09	+3.312e-17
169.00	+2.746e-01	+5.005e-02	+7.149e-08	+2.878e-08	+1.305e-15	+6.439e-09	-5.892e-18
170.00	+2.738e-01	+4.961e-02	+7.424e-08	+3.080e-08	+1.464e-15	+6.505e-09	+1.635e-16
171.00	+2.744e-01	+4.992e-02	+6.786e-08	+3.001e-08	+1.354e-15	+6.701e-09	+2.559e-17
172.00	+2.752e-01	+5.032e-02	+6.502e-08	+2.863e-08	+1.235e-15	+6.422e-09	-8.990e-19
173.00	+2.742e-01	+4.983e-02	+7.199e-08	+3.050e-08	+1.429e-15	+6.804e-09	+3.011e-17
174.00	+2.745e-01	+4.997e-02	+6.834e-08	+3.166e-08	+1.472e-15	+7.074e-09	+2.088e-17
175.00	+2.743e-01	+4.988e-02	+6.508e-08	+3.345e-08	+1.561e-15	+7.469e-09	+1.492e-17
176.00	+2.751e-01	+5.032e-02	+6.663e-08	+3.034e-08	+1.364e-15	+6.800e-09	+2.891e-17
177.00	+2.739e-01	+4.966e-02	+1.583e-07	+7.166e-08	+7.630e-15	+1.593e-08	-1.674e-16
178.00	+2.745e-01	+5.000e-02	+6.616e-08	+3.025e-08	+1.353e-15	+6.763e-09	+2.487e-17
179.00	+2.743e-01	+4.989e-02	+6.597e-08	+3.024e-08	+1.350e-15	+6.753e-09	-1.276e-17
180.00	+2.788e-01	+5.239e-02	+7.591e-08	+3.651e-08	+1.922e-15	+8.356e-09	+1.517e-28
181.00	+2.743e-01	+4.989e-02	+6.597e-08	+3.024e-08	+1.350e-15	+6.753e-09	+1.276e-17
182.00	+2.745e-01	+5.000e-02	+6.616e-08	+3.025e-08	+1.353e-15	+6.763e-09	-2.487e-17
183.00	+2.739e-01	+4.966e-02	+1.417e-08	+6.165e-09	+5.756e-17	+1.348e-09	-2.404e-18
184.00	+2.751e-01	+5.032e-02	+6.663e-08	+3.034e-08	+1.364e-15	+6.800e-09	-2.891e-17
185.00	+2.743e-01	+4.988e-02	+6.508e-08	+3.345e-08	+1.561e-15	+7.469e-09	-1.492e-17
186.00	+2.745e-01	+4.997e-02	+6.834e-08	+3.166e-08	+1.472e-15	+7.074e-09	-2.088e-17
187.00	+2.742e-01	+4.983e-02	+7.199e-08	+3.050e-08	+1.429e-15	+6.804e-09	-3.011e-17
188.00	+2.752e-01	+5.032e-02	+6.502e-08	+2.863e-08	+1.235e-15	+6.422e-09	+8.990e-19
189.00	+2.744e-01	+4.992e-02	+6.786e-08	+3.001e-08	+1.354e-15	+6.701e-09	-2.559e-17
190.00	+2.738e-01	+4.961e-02	+7.424e-08	+3.080e-08	+1.464e-15	+6.505e-09	-1.635e-16
191.00	+2.746e-01	+5.005e-02	+7.149e-08	+2.878e-08	+1.305e-15	+6.439e-09	+5.892e-18
192.00	+2.749e-01	+5.021e-02	+5.207e-08	+1.075e-08	+2.002e-16	+1.152e-09	+1.569e-16
193.00	+2.743e-01	+4.988e-02	+6.170e-08	+3.267e-08	+1.467e-15	+7.295e-09	-1.171e-17
194.00	+2.750e-01	+5.029e-02	+8.227e-08	+3.395e-08	+1.794e-15	+7.611e-09	-2.785e-17
195.00	+2.743e-01	+4.986e-02	+8.058e-08	+3.551e-08	+1.886e-15	+7.424e-09	-2.288e-16
196.00	+2.739e-01	+4.962e-02	+2.343e-07	+1.012e-07	+1.551e-14	+2.159e-08	-1.435e-15
197.00	+2.749e-01	+5.020e-02	+1.338e-07	+5.639e-08	+4.877e-15	+1.224e-08	-4.563e-16
198.00	+2.748e-01	+5.016e-02	+3.541e-08	+1.477e-08	+3.340e-16	+3.011e-09	+5.066e-17
199.00	+2.750e-01	+5.025e-02	+1.725e-07	+7.193e-08	+7.945e-15	+1.516e-08	+1.032e-15
200.00	+2.746e-01	+5.002e-02	+1.358e-07	+4.651e-08	+3.583e-15	+8.744e-09	+9.076e-16
201.00	+2.746e-01	+5.002e-02	+1.199e-07	+5.342e-08	+4.267e-15	+1.175e-08	-2.465e-16
202.00	+2.747e-01	+5.008e-02	+1.179e-07	+3.096e-08	+1.696e-15	+4.985e-09	-7.868e-16
203.00	+2.740e-01	+4.969e-02	+5.373e-08	+2.580e-08	+9.605e-16	+5.751e-09	+7.781e-19
204.00	+2.747e-01	+5.012e-02	+1.804e-07	+6.789e-08	+7.402e-15	+1.391e-08	-1.291e-15
205.00	+2.740e-01	+4.969e-02	+7.515e-08	+1.981e-08	+6.899e-16	+2.899e-09	-3.290e-16
206.00	+2.756e-01	+5.062e-02	+1.490e-08	+2.739e-09	+1.189e-17	+1.819e-10	+1.284e-17
207.00	+2.753e-01	+5.042e-02	+6.219e-08	+1.343e-08	+3.053e-16	+1.381e-09	-2.395e-16
208.00	+2.735e-01	+4.946e-02	+3.301e-08	+1.225e-08	+2.420e-16	+2.445e-09	+4.665e-17
209.00	+2.743e-01	+4.989e-02	+7.479e-08	+2.874e-08	+1.312e-15	+5.860e-09	+2.353e-16
210.00	+2.741e-01	+4.974e-02	+6.337e-08	+2.629e-08	+1.061e-15	+5.327e-09	-1.595e-16
211.00	+2.746e-01	+5.003e-02	+6.921e-08	+2.664e-08	+1.129e-15	+5.455e-09	+1.865e-16
212.00	+2.753e-01	+5.039e-02	+1.142e-07	+5.295e-08	+4.117e-15	+1.187e-08	-5.786e-17
213.00	+2.747e-01	+5.011e-02	+1.766e-07	+7.908e-08	+9.329e-15	+1.748e-08	+5.646e-16
214.00	+2.740e-01	+4.969e-02	+4.493e-08	+1.688e-08	+4.580e-16	+3.447e-09	-7.894e-17
215.00	+2.753e-01	+5.041e-02	+1.109e-07	+3.373e-08	+1.927e-15	+5.489e-09	+7.383e-16
216.00	+2.747e-01	+5.009e-02	+8.043e-08	+3.255e-08	+1.655e-15	+6.939e-09	+1.861e-16
217.00	+2.739e-01	+4.964e-02	+1.590e-07	+5.619e-08	+5.155e-15	+1.072e-08	+1.275e-15
218.00	+2.744e-01	+4.994e-02	+8.930e-08	+3.000e-08	+1.492e-15	+5.442e-09	+4.309e-16
219.00	+2.749e-01	+5.021e-02	+4.151e-08	+1.275e-08	+2.763e-16	+2.121e-09	+9.845e-17
220.00	+2.750e-01	+5.026e-02	+1.581e-07	+7.516e-08	+8.193e-15	+1.683e-08	-7.167e-17
221.00	+2.749e-01	+5.024e-02	+1.390e-07	+5.312e-08	+4.493e-15	+1.070e-08	-8.058e-16
222.00	+2.750e-01	+5.027e-02	+6.438e-08	+2.717e-08	+1.136e-15	+6.087e-09	-1.495e-17
223.00	+2.747e-01	+5.009e-02	+6.291e-08	+2.968e-08	+1.282e-15	+6.629e-09	+3.358e-17
224.00	+2.729e-01	+4.914e-02	+8.710e-08	+3.166e-08	+1.625e-15	+6.074e-09	+3.488e-16
225.00	+2.741e-01	+4.977e-02	+7.005e-08	+3.088e-08	+1.436e-15	+6.889e-09	-1.710e-28
226.00	+2.729e-01	+4.914e-02	+8.710e-08	+3.166e-08	+1.625e-15	+6.074e-09	-3.488e-16
227.00	+2.747e-01	+5.009e-02	+6.291e-08	+2.968e-08	+1.282e-15	+6.629e-09	-3.358e-17
228.00	+2.750e-01	+5.027e-02	+6.438e-08	+2.717e-08	+1.136e-15	+6.087e-09	+1.495e-17
229.00	+2.749e-01	+5.024e-02	+1.390e-07	+5.312e-08	+4.493e-15	+1.070e-08	+8.058e-16
230.00	+2.750e-01	+5.026e-02	+1.581e-07	+7.516e-08	+8.193e-15	+1.683e-08	+7.167e-17
231.00	+2.749e-01	+5.021e-02	+4.151e-08	+1.275e-08	+2.763e-16	+2.121e-09	-9.845e-17
232.00	+2.744e-01	+4.994e-02	+8.930e-08	+3.000e-08	+1.492e-15	+5.442e-09	-4.309e-16
233.00	+2.739e-01	+4.964e-02	+1.590e-07	+5.619e-08	+5.155e-15	+1.072e-08	-1.275e-15
234.00	+2.747e-01	+5.009e-02	+8.043e-08	+3.255e-08	+1.655e-15	+6.939e-09	-1.861e-16
235.00	+2.753e-01	+5.041e-02	+1.109e-07	+3.373e-08	+1.927e-15	+5.489e-09	-7.383e-16
236.00	+2.740e-01	+4.969e-02	+4.493e-08	+1.688e-08	+4.580e-16	+3.447e-09	+7.894e-17
237.00	+2.747e-01	+5.011e-02	+1.766e-07	+7.908e-08	+9.329e-15	+1.748e-08	-5.646e-16
238.00	+2.753e-01	+5.039e-02	+1.142e-07	+5.295e-08	+4.117e-15	+1.187e-08	+5.786e-17
239.00	+2.746e-01	+5.003e-02	+6.921e-08	+2.664e-08	+1.129e-15	+5.455e-09	-1.865e-16
240.00	+2.741e-01	+4.974e-02	+6.337e-08	+2.629e-08	+1.061e-15	+5.327e-09	+1.595e-16
241.00	+2.743e-01	+4.989e-02	+7.479e-08	+2.874e-08	+1.312e-15	+5.860e-09	-2.353e-16
242.00	+2.735e-01	+4.946e-02	+3.301e-08	+1.225e-08	+2.420e-16	+2.445e-09	-4.665e-17
243.00	+2.753e-01	+5.042e-02	+6.219e-08	+1.343e-08	+3.053e-16	+1.381e-09	+2.395e-16
244.00	+2.756e-01	+5.062e-02	+1.490e-08	+2.739e-09	+1.189e-17	+1.819e-10	-1.284e-17
245.00	+2.740e-01	+4.969e-02	+1.065e-07	+5.089e-08	+3.746e-15	+1.134e-08	+2.131e-17
246.00	+2.747e-01	+5.012e-02	+1.804e-07	+6.789e-08	+7.402e-15	+1.391e-08	+1.291e-15
247.00	+2.740e-01	+4.969e-02	+5.373e-08	+2.580e-08	+9.605e-16	+5.751e-09	-7.781e-19
248.00	+2.747e-01	+5.008e-02	+1.179e-07	+3.096e-08	+1.696e-15	+4.985e-09	+7.868e-16
249.00	+2.746e-01	+5.002e-02	+1.199e-07	+5.342e-08	+4.267e-15	+1.175e-08	+2.465e-16
250.00	+2.746e-01	+5.002e-02	+1.358e-07	+4.651e-08	+3.583e-15	+8.744e-09	-9.076e-16
251.00	+2.749e-01	+5.022e-02	+7.584e-08	+3.051e-08	+1.450e-15	+6.306e-09	-2.268e-16
252.00	+2.748e-01	+5.016e-02	+3.541e-08	+1.477e-08	+3.340e-16	+3.011e-09	-5.066e-17
253.00	+2.749e-01	+5.020e-02	+5.212e-08	+1.996e-08	+6.375e-16	+4.180e-09	-9.137e-17
254.00	+2.739e-01	+4.962e-02	+6.048e-08	+3.046e-08	+1.307e-15	+6.783e-09	+2.062e-17
255.00	+2.743e-01	+4.986e-02	+8.058e-08	+3.551e-08	+1.886e-15	+7.424e-09	+2.288e-16
256.00	+2.750e-01	+5.029e-02	+8.227e-08	+3.395e-08	+1.794e-15	+7.611e-09	+2.785e-17
257.00	+2.743e-01	+4.988e-02	+6.170e-08	+3.267e-08	+1.467e-15	+7.295e-09	+1.171e-17
258.00	+2.749e-01	+5.021e-02	+3.698e-08	+1.731e-08	+4.366e-16	+3.806e-09	+3.312e-17
259.00	+2.746e-01	+5.005e-02	+7.149e-08	+2.878e-08	+1.305e-15	+6.439e-09	-5.892e-18
260.00	+2.738e-01	+4.961e-02	+7.424e-08	+3.080e-08	+1.464e-15	+6.505e-09	+1.635e-16
261.00	+2.744e-01	+4.992e-02	+6.786e-08	+3.001e-08	+1.354e-15	+6.701e-09	+2.559e-17
262.00	+2.752e-01	+5.032e-02	+6.502e-08	+2.863e-08	+1.235e-15	+6.422e-09	-8.990e-19
263.00	+2.742e-01	+4.983e-02	+7.199e-08	+3.050e-08	+1.429e-15	+6.804e-09	+3.011e-17
264.00	+2.745e-01	+4.997e-02	+6.834e-08	+3.166e-08	+1.472e-15	+7.074e-09	+2.088e-17
265.00	+2.743e-01	+4.988e-02	+6.508e-08	+3.345e-08	+1.561e-15	+7.469e-09	+1.492e-17
266.00	+2.751e-01	+5.032e-02	+6.663e-08	+3.034e-08	+1.364e-15	+6.800e-09	+2.891e-17
267.00	+2.740e-01	+4.974e-02	+6.572e-08	+2.996e-08	+1.329e-15	+6.681e-09	-1.037e-17
268.00	+2.745e-01	+5.000e-02	+6.616e-08	+3.025e-08	+1.353e-15	+6.763e-09	+2.487e-17
269.00	+2.743e-01	+4.989e-02	+6.597e-08	+3.024e-08	+1.350e-15	+6.753e-09	-1.276e-17
270.00	+2.788e-01	+5.239e-02	+7.591e-08	+3.651e-08	+1.922e-15	+8.356e-09	+1.620e-31
271.00	+2.743e-01	+4.989e-02	+6.597e-08	+3.024e-08	+1.350e-15	+6.753e-09	+1.276e-17
272.00	+2.745e-01	+5.000e-02	+6.616e-08	+3.025e-08	+1.353e-15	+6.763e-09	-2.487e-17
273.00	+2.740e-01	+4.974e-02	+6.572e-08	+2.996e-08	+1.329e-15	+6.681e-09	+1.037e-17
274.00	+2.751e-01	+5.032e-02	+6.663e-08	+3.034e-08	+1.364e-15	+6.800e-09	-2.891e-17
275.00	+2.743e-01	+4.988e-02	+6.508e-08	+3.345e-08	+1.561e-15	+7.469e-09	-1.492e-17
276.00	+2.745e-01	+4.997e-02	+6.834e-08	+3.166e-08	+1.472e-15	+7.074e-09	-2.088e-17
277.00	+2.742e-01	+4.983e-02	+7.199e-08	+3.050e-08	+1.429e-15	+6.804e-09	-3.011e-17
278.00	+2.752e-01	+5.032e-02	+6.502e-08	+2.863e-08	+1.235e-15	+6.422e-09	+8.990e-19
279.00	+2.744e-01	+4.992e-02	+6.786e-08	+3.001e-08	+1.354e-15	+6.701e-09	-2.559e-17
280.00	+2.738e-01	+4.961e-02	+7.424e-08	+3.080e-08	+1.464e-15	+6.505e-09	-1.635e-16
281.00	+2.746e-01	+5.005e-02	+7.149e-08	+2.878e-08	+1.305e-15	+6.439e-09	+5.892e-18
282.00	+2.749e-01	+5.021e-02	+5.207e-08	+1.075e-08	+2.002e-16	+1.152e-09	+1.569e-16
283.00	+2.743e-01	+4.988e-02	+6.170e-08	+3.267e-08	+1.467e-15	+7.295e-09	-1.171e-17
284.00	+2.750e-01	+5.029e-02	+8.227e-08	+3.395e-08	+1.794e-15	+7.611e-09	-2.785e-17
285.00	+2.743e-01	+4.986e-02	+8.058e-08	+3.551e-08	+1.886e-15	+7.424e-09	-2.288e-16
286.00	+2.739e-01	+4.962e-02	+2.343e-07	+1.012e-07	+1.551e-14	+2.159e-08	-1.435e-15
287.00	+2.747e-01	+5.010e-02	+7.839e-08	+3.494e-08	+1.828e-15	+7.818e-09	-2.021e-17
288.00	+2.748e-01	+5.016e-02	+3.541e-08	+1.477e-08	+3.340e-16	+3.011e-09	+5.066e-17
289.00	+2.749e-01	+5.022e-02	+7.584e-08	+3.051e-08	+1.450e-15	+6.306e-09	+2.268e-16
290.00	+2.746e-01	+5.002e-02	+1.358e-07	+4.651e-08	+3.583e-15	+8.744e-09	+9.076e-16
291.00	+2.746e-01	+5.002e-02	+1.199e-07	+5.342e-08	+4.267e-15	+1.175e-08	-2.465e-16
292.00	+2.747e-01	+5.008e-02	+1.179e-07	+3.096e-08	+1.696e-15	+4.985e-09	-7.868e-16
293.00	+2.740e-01	+4.969e-02	+5.373e-08	+2.580e-08	+9.605e-16	+5.751e-09	+7.781e-19
294.00	+2.747e-01	+5.012e-02	+1.804e-07	+6.789e-08	+7.402e-15	+1.391e-08	-1.291e-15
295.00	+2.740e-01	+4.969e-02	+7.515e-08	+1.981e-08	+6.899e-16	+2.899e-09	-3.290e-16
296.00	+2.756e-01	+5.062e-02	+1.490e-08	+2.739e-09	+1.189e-17	+1.819e-10	+1.284e-17
297.00	+2.752e-01	+5.036e-02	+2.339e-08	+7.562e-09	+9.716e-17	+1.440e-09	-2.596e-17
298.00	+2.735e-01	+4.946e-02	+3.301e-08	+1.225e-08	+2.420e-16	+2.445e-09	+4.665e-17
299.00	+2.743e-01	+4.989e-02	+7.479e-08	+2.874e-08	+1.312e-15	+5.860e-09	+2.353e-16
300.00	+2.741e-01	+4.974e-02	+6.337e-08	+2.629e-08	+1.061e-15	+5.327e-09	-1.595e-16
301.00	+2.746e-01	+5.003e-02	+6.921e-08	+2.664e-08	+1.129e-15	+5.455e-09	+1.865e-16
302.00	+2.753e-01	+5.039e-02	+1.142e-07	+5.295e-08	+4.117e-15	+1.187e-08	-5.786e-17
303.00	+2.747e-01	+5.011e-02	+1.766e-07	+7.908e-08	+9.329e-15	+1.748e-08	+5.646e-16
304.00	+2.741e-01	+4.974e-02	+4.079e-08	+1.746e-08	+4.657e-16	+3.877e-09	+1.687e-17
305.00	+2.753e-01	+5.041e-02	+1.109e-07	+3.373e-08	+1.927e-15	+5.489e-09	+7.383e-16
306.00	+2.747e-01	+5.009e-02	+8.043e-08	+3.255e-08	+1.655e-15	+6.939e-09	+1.861e-16
307.00	+2.739e-01	+4.964e-02	+1.590e-07	+5.619e-08	+5.155e-15	+1.072e-08	+1.275e-15
308.00	+2.744e-01	+4.994e-02	+8.930e-08	+3.000e-08	+1.492e-15	+5.442e-09	+4.309e-16
309.00	+2.749e-01	+5.021e-02	+4.151e-08	+1.275e-08	+2.763e-16	+2.121e-09	+9.845e-17
310.00	+2.750e-01	+5.026e-02	+1.581e-07	+7.516e-08	+8.193e-15	+1.683e-08	-7.167e-17
311.00	+2.749e-01	+5.024e-02	+1.390e-07	+5.312e-08	+4.493e-15	+1.070e-08	-8.058e-16
312.00	+2.750e-01	+5.027e-02	+6.438e-08	+2.717e-08	+1.136e-15	+6.087e-09	-1.495e-17
313.00	+2.747e-01	+5.009e-02	+6.291e-08	+2.968e-08	+1.282e-15	+6.629e-09	+3.358e-17
314.00	+2.729e-01	+4.914e-02	+8.710e-08	+3.166e-08	+1.625e-15	+6.074e-09	+3.488e-16
315.00	+2.741e-01	+4.977e-02	+7.005e-08	+3.088e-08	+1.436e-15	+6.889e-09	+1.684e-28
316.00	+2.729e-01	+4.914e-02	+8.710e-08	+3.166e-08	+1.625e-15	+6.074e-09	-3.488e-16
317.00	+2.747e-01	+5.009e-02	+6.291e-08	+2.968e-08	+1.282e-15	+6.629e-09	-3.358e-17
318.00	+2.750e-01	+5.027e-02	+6.438e-08	+2.717e-08	+1.136e-15	+6.087e-09	+1.495e-17
319.00	+2.749e-01	+5.024e-02	+1.390e-07	+5.312e-08	+4.493e-15	+1.070e-08	+8.058e-16
320.00	+2.750e-01	+5.026e-02	+1.581e-07	+7.516e-08	+8.193e-15	+1.683e-08	+7.167e-17
321.00	+2.749e-01	+5.021e-02	+4.151e-08	+1.275e-08	+2.763e-16	+2.121e-09	-9.845e-17
322.00	+2.744e-01	+4.994e-02	+8.930e-08	+3.000e-08	+1.492e-15	+5.442e-09	-4.309e-16
323.00	+2.739e-01	+4.964e-02	+1.590e-07	+5.619e-08	+5.155e-15	+1.072e-08	-1.275e-15
324.00	+2.747e-01	+5.009e-02	+8.043e-08	+3.255e-08	+1.655e-15	+6.939e-09	-1.861e-16
325.00	+2.753e-01	+5.041e-02	+1.109e-07	+3.373e-08	+1.927e-15	+5.489e-09	-7.383e-16
326.00	+2.741e-01	+4.974e-02	+7.470e-08	+1.850e-08	+6.004e-16	+2.556e-09	+3.352e-16
327.00	+2.747e-01	+5.011e-02	+1.766e-07	+7.908e-08	+9.329e-15	+1.748e-08	-5.646e-16
328.00	+2.753e-01	+5.039e-02	+1.142e-07	+5.295e-08	+4.117e-15	+1.187e-08	+5.786e-17
329.00	+2.746e-01	+5.003e-02	+6.921e-08	+2.664e-08	+1.129e-15	+5.455e-09	-1.865e-16
330.00	+2.741e-01	+4.974e-02	+6.337e-08	+2.629e-08	+1.061e-15	+5.327e-09	+1.595e-16
331.00	+2.743e-01	+4.989e-02	+7.479e-08	+2.874e-08	+1.312e-15	+5.860e-09	-2.353e-16
332.00	+2.735e-01	+4.946e-02	+3.301e-08	+1.225e-08	+2.420e-16	+2.445e-09	-4.665e-17
333.00	+2.753e-01	+5.042e-02	+6.219e-08	+1.343e-08	+3.053e-16	+1.381e-09	+2.395e-16
334.00	+2.756e-01	+5.062e-02	+1.490e-08	+2.739e-09	+1.189e-17	+1.819e-10	-1.284e-17
335.00	+2.740e-01	+4.969e-02	+1.065e-07	+5.089e-08	+3.746e-15	+1.134e-08	+2.131e-17
336.00	+2.747e-01	+5.012e-02	+1.804e-07	+6.789e-08	+7.402e-15	+1.391e-08	+1.291e-15
337.00	+2.740e-01	+4.969e-02	+5.373e-08	+2.580e-08	+9.605e-16	+5.751e-09	-7.781e-19
338.00	+2.747e-01	+5.008e-02	+1.179e-07	+3.096e-08	+1.696e-15	+4.985e-09	+7.868e-16
339.00	+2.746e-01	+5.002e-02	+1.199e-07	+5.342e-08	+4.267e-15	+1.175e-08	+2.465e-16
340.00	+2.746e-01	+5.002e-02	+1.358e-07	+4.651e-08	+3.583e-15	+8.744e-09	-9.076e-16
341.00	+2.749e-01	+5.022e-02	+7.584e-08	+3.051e-08	+1.450e-15	+6.306e-09	-2.268e-16
342.00	+2.748e-01	+5.016e-02	+3.541e-08	+1.477e-08	+3.340e-16	+3.011e-09	-5.066e-17
343.00	+2.749e-01	+5.020e-02	+5.212e-08	+1.996e-08	+6.375e-16	+4.180e-09	-9.137e-17
344.00	+2.739e-01	+4.962e-02	+6.048e-08	+3.046e-08	+1.307e-15	+6.783e-09	+2.062e-17
345.00	+2.743e-01	+4.986e-02	+8.058e-08	+3.551e-08	+1.886e-15	+7.424e-09	+2.288e-16
346.00	+2.750e-01	+5.029e-02	+8.227e-08	+3.395e-08	+1.794e-15	+7.611e-09	+2.785e-17
347.00	+2.743e-01	+4.988e-02	+6.170e-08	+3.267e-08	+1.467e-15	+7.295e-09	+1.171e-17
348.00	+2.749e-01	+5.021e-02	+3.698e-08	+1.731e-08	+4.366e-16	+3.806e-09	+3.312e-17
349.00	+2.746e-01	+5.005e-02	+7.149e-08	+2.878e-08	+1.305e-15	+6.439e-09	-5.892e-18
350.00	+2.738e-01	+4.961e-02	+7.424e-08	+3.080e-08	+1.464e-15	+6.505e-09	+1.635e-16
351.00	+2.744e-01	+4.992e-02	+6.786e-08	+3.001e-08	+1.354e-15	+6.701e-09	+2.559e-17
352.00	+2.752e-01	+5.032e-02	+6.502e-08	+2.863e-08	+1.235e-15	+6.422e-09	-8.990e-19
353.00	+2.742e-01	+4.983e-02	+7.199e-08	+3.050e-08	+1.429e-15	+6.804e-09	+3.011e-17
354.00	+2.745e-01	+4.997e-02	+6.834e-08	+3.166e-08	+1.472e-15	+7.074e-09	+2.088e-17
355.00	+2.743e-01	+4.988e-02	+6.508e-08	+3.345e-08	+1.561e-15	+7.469e-09	+1.492e-17
356.00	+2.751e-01	+5.032e-02	+6.663e-08	+3.034e-08	+1.364e-15	+6.800e-09	+2.891e-17
357.00	+2.740e-01	+4.974e-02	+6.572e-08	+2.996e-08	+1.329e-15	+6.681e-09	-1.037e-17
358.00	+2.745e-01	+5.000e-02	+6.616e-08	+3.025e-08	+1.353e-15	+6.763e-09	+2.487e-17
359.00	+2.743e-01	+4.989e-02	+6.597e-08	+3.024e-08	+1.350e-15	+6.753e-09	-1.276e-17
