0.00	+1.618e-01	+8.462e-04	+3.722e-08	+2.583e-10	-3.372e-19	-3.684e-12	-7.264e-19
1.00	+1.618e-01	+8.190e-04	+3.304e-08	+3.452e-10	-6.394e-19	-5.389e-12	-9.750e-19
2.00	+1.617e-01	+8.141e-04	+5.883e-08	+6.249e-10	-1.560e-18	-1.037e-11	-3.453e-18
3.00	+1.618e-01	+8.229e-04	+3.348e-08	+2.247e-10	-6.025e-19	-5.803e-12	-1.309e-19
4.00	+1.617e-01	+8.116e-04	+5.904e-08	+4.396e-10	-8.316e-19	-6.820e-12	-2.080e-18
5.00	+1.618e-01	+8.377e-04	+3.507e-08	+2.502e-10	+1.314e-19	-3.864e-13	-7.293e-19
6.00	+1.618e-01	+8.021e-04	+3.971e-08	+3.886e-10	-1.926e-19	-3.659e-12	-1.514e-18
7.00	+1.618e-01	+8.204e-04	+1.549e-08	+1.407e-10	-2.059e-19	-3.980e-12	+2.695e-20
8.00	+1.618e-01	+8.403e-04	+2.524e-08	+3.554e-10	+5.314e-19	+3.624e-12	-9.226e-19
9.00	+1.618e-01	+8.305e-04	+3.289e-08	+2.704e-10	+7.036e-20	-1.064e-12	-8.032e-19
10.00	+1.617e-01	+8.124e-04	+5.475e-08	+3.410e-10	-1.345e-18	-8.999e-12	-6.004e-19
11.00	+1.618e-01	+8.330e-04	+3.483e-08	+1.489e-10	-3.107e-19	-3.616e-12	-1.356e-19
12.00	+1.618e-01	+8.144e-04	+3.942e-08	+2.186e-10	-5.376e-20	-7.885e-13	-6.396e-19
13.00	+1.618e-01	+8.262e-04	+1.801e-08	+1.192e-10	-1.702e-19	-3.286e-12	+3.877e-20
14.00	+1.618e-01	+8.195e-04	+1.621e-08	+1.292e-10	-8.684e-20	-1.439e-12	-1.655e-19
15.00	+1.618e-01	+8.323e-04	+3.469e-08	+1.932e-10	-6.537e-20	-1.678e-12	-4.958e-19
16.00	+1.618e-01	+8.354e-04	+3.534e-08	+1.701e-10	-3.820e-19	-4.180e-12	-1.669e-19
17.00	+1.618e-01	+8.291e-04	+3.328e-08	+2.000e-10	-2.481e-19	-2.988e-12	-4.525e-19
18.00	+1.618e-01	+8.105e-04	+2.389e-08	+1.585e-10	+2.152e-19	+2.502e-12	-2.209e-19
19.00	+1.616e-01	+7.824e-04	+3.120e-08	+1.436e-10	-2.698e-19	-3.358e-12	-1.402e-19
20.00	+1.618e-01	+8.281e-04	+1.663e-08	+5.768e-11	+3.785e-21	+7.280e-14	-5.637e-20
21.00	+1.618e-01	+8.204e-04	+1.355e-07	+7.561e-10	-5.896e-18	-1.776e-11	-4.882e-18
22.00	+1.618e-01	+8.150e-04	+2.791e-08	+1.410e-10	+2.456e-19	+3.679e-12	-1.341e-19
23.00	+1.618e-01	+8.242e-04	+6.764e-08	+5.490e-10	-1.930e-18	-1.042e-11	-2.733e-18
24.00	+1.618e-01	+8.478e-04	+1.834e-08	+1.496e-10	+1.516e-19	+2.972e-12	-1.959e-19
25.00	+1.617e-01	+8.052e-04	+3.374e-08	+3.128e-10	-2.763e-19	-3.251e-12	-9.780e-19
26.00	+1.618e-01	+8.189e-04	+3.563e-08	+3.663e-10	+2.913e-19	-2.608e-13	-1.291e-18
27.00	+1.618e-01	+8.203e-04	+4.774e-08	+3.483e-10	-5.574e-19	-3.937e-12	-1.306e-18
28.00	+1.618e-01	+8.269e-04	+3.503e-08	+3.318e-10	-2.545e-19	-2.957e-12	-1.102e-18
29.00	+1.618e-01	+8.328e-04	+1.343e-08	+1.560e-10	+1.755e-19	+2.181e-12	-1.423e-19
30.00	+1.618e-01	+8.441e-04	+3.535e-09	+1.119e-11	+1.242e-21	+1.529e-13	-1.848e-21
31.00	+1.617e-01	+8.001e-04	+2.048e-08	+2.350e-10	+4.931e-19	+5.867e-12	-1.501e-19
32.00	+1.617e-01	+8.152e-04	+2.038e-08	+1.973e-10	+1.466e-19	+1.790e-12	-3.676e-19
33.00	+1.617e-01	+7.945e-04	+2.607e-08	+3.712e-10	-4.282e-19	-4.717e-12	-1.072e-18
34.00	+1.619e-01	+8.402e-04	+2.965e-08	+3.067e-10	-8.831e-19	-8.558e-12	-2.753e-19
35.00	+1.618e-01	+8.268e-04	+3.127e-08	+2.503e-10	-2.787e-19	-3.558e-12	-6.425e-19
36.00	+1.618e-01	+8.245e-04	+1.192e-08	+3.576e-11	-2.318e-20	-1.011e-12	+2.740e-21
37.00	+1.618e-01	+8.143e-04	+4.669e-10	+1.879e-11	-4.377e-22	+5.287e-13	-1.705e-21
38.00	+1.619e-01	+8.530e-04	+8.572e-08	+5.290e-10	-3.959e-19	-2.869e-12	-3.540e-18
39.00	+1.617e-01	+8.086e-04	+3.572e-08	+2.288e-10	-5.972e-19	-5.978e-12	-2.670e-19
40.00	+1.617e-01	+7.903e-04	+8.337e-09	+9.818e-11	-7.730e-20	-2.549e-12	+4.376e-20
41.00	+1.618e-01	+7.991e-04	+6.761e-08	+5.776e-10	+1.425e-18	+1.738e-12	-3.316e-18
42.00	+1.618e-01	+8.156e-04	+1.570e-07	+1.142e-09	-5.653e-18	-1.556e-11	-1.421e-17
43.00	+1.618e-01	+8.427e-04	+2.796e-08	+2.797e-10	-8.007e-20	-5.624e-13	-7.783e-19
44.00	+1.617e-01	+8.001e-04	+5.531e-08	+5.013e-10	-1.658e-18	-1.036e-11	-2.054e-18
45.00	+1.617e-01	+8.044e-04	+2.487e-08	+1.176e-10	-2.010e-19	-3.334e-12	-1.610e-31
46.00	+1.617e-01	+8.001e-04	+6.485e-08	+3.876e-10	-1.406e-18	-7.569e-12	-1.341e-18
47.00	+1.618e-01	+8.427e-04	+7.376e-08	+6.437e-10	-1.374e-18	-6.990e-12	-4.217e-18
48.00	+1.618e-01	+8.195e-04	+3.918e-08	+4.608e-10	-1.138e-18	-7.670e-12	-1.594e-18
49.00	+1.618e-01	+7.991e-04	+2.220e-08	+1.123e-10	-9.311e-20	-1.074e-12	-1.509e-19
50.00	+1.617e-01	+7.903e-04	+7.594e-09	+1.262e-10	+9.168e-20	+2.840e-12	+8.275e-20
51.00	+1.617e-01	+8.086e-04	+5.052e-08	+3.765e-10	-1.387e-19	-1.721e-12	-1.636e-18
52.00	+1.619e-01	+8.530e-04	+1.287e-07	+9.533e-10	-7.242e-18	-2.113e-11	-7.682e-18
53.00	+1.618e-01	+8.143e-04	+2.470e-08	+2.941e-10	+3.731e-19	+1.487e-12	-6.992e-19
54.00	+1.618e-01	+8.245e-04	+2.367e-08	+3.022e-10	+6.137e-19	+5.114e-12	-5.261e-19
55.00	+1.618e-01	+8.268e-04	+3.671e-08	+1.960e-10	-9.303e-20	-1.414e-12	-5.174e-19
56.00	+1.619e-01	+8.402e-04	+8.965e-08	+6.092e-10	-4.146e-18	-1.614e-11	-1.757e-18
57.00	+1.617e-01	+7.892e-04	+6.741e-08	+3.893e-10	-1.676e-18	-8.443e-12	-1.080e-18
58.00	+1.617e-01	+8.152e-04	+1.001e-08	+8.440e-11	-2.603e-20	-8.215e-13	-7.309e-20
59.00	+1.617e-01	+8.001e-04	+8.584e-08	+6.295e-10	-4.616e-18	-1.768e-11	-3.226e-19
60.00	+1.618e-01	+8.441e-04	+1.392e-08	+2.023e-10	+3.057e-19	+5.245e-12	-1.475e-19
61.00	+1.618e-01	+8.328e-04	+1.661e-08	+9.878e-11	-5.314e-20	-8.248e-13	-1.148e-19
62.00	+1.618e-01	+8.269e-04	+3.418e-08	+1.531e-10	-1.563e-19	-2.190e-12	-3.135e-19
63.00	+1.618e-01	+8.203e-04	+1.040e-07	+8.477e-10	-4.007e-18	-1.411e-11	-6.876e-18
64.00	+1.618e-01	+8.189e-04	+3.185e-08	+1.499e-10	-3.123e-19	-3.736e-12	-9.891e-20
65.00	+1.617e-01	+8.052e-04	+3.785e-08	+2.107e-10	-3.421e-19	-3.520e-12	-4.871e-19
66.00	+1.618e-01	+8.478e-04	+3.775e-08	+3.298e-10	+1.855e-20	-5.079e-13	-1.163e-18
67.00	+1.618e-01	+8.242e-04	+6.941e-08	+5.290e-10	-2.848e-18	-1.293e-11	-1.471e-18
68.00	+1.618e-01	+8.150e-04	+2.906e-08	+4.775e-10	+1.776e-18	+1.363e-11	+1.010e-19
69.00	+1.618e-01	+8.204e-04	+1.310e-07	+9.428e-10	-9.448e-18	-2.419e-11	-4.527e-18
70.00	+1.618e-01	+8.281e-04	+1.389e-08	+1.782e-10	+7.144e-20	+5.627e-13	-2.712e-19
71.00	+1.616e-01	+7.824e-04	+3.334e-08	+3.028e-10	+4.250e-19	+1.201e-12	-8.632e-19
72.00	+1.618e-01	+8.105e-04	+1.165e-08	+6.730e-11	+1.745e-20	-1.176e-13	-5.696e-20
73.00	+1.618e-01	+8.291e-04	+3.462e-08	+2.892e-10	+8.088e-20	-1.064e-12	-9.116e-19
74.00	+1.618e-01	+8.354e-04	+3.405e-08	+3.952e-10	-8.630e-20	-2.741e-12	-1.447e-18
75.00	+1.618e-01	+8.323e-04	+3.396e-08	+2.884e-10	-3.691e-19	-3.736e-12	-8.238e-19
76.00	+1.618e-01	+8.195e-04	+1.656e-08	+1.905e-10	+1.089e-19	+7.813e-13	-3.203e-19
77.00	+1.618e-01	+8.211e-04	+2.698e-08	+2.200e-10	+3.365e-19	+3.278e-12	-4.172e-19
78.00	+1.618e-01	+8.144e-04	+2.000e-08	+2.752e-10	+4.626e-19	+5.945e-12	-4.507e-19
79.00	+1.618e-01	+8.330e-04	+3.187e-08	+3.799e-10	+2.536e-19	-5.319e-13	-1.297e-18
80.00	+1.617e-01	+8.124e-04	+6.965e-08	+5.985e-10	-1.505e-18	-7.259e-12	-3.558e-18
81.00	+1.618e-01	+8.305e-04	+3.138e-08	+1.696e-10	-2.485e-19	-3.167e-12	-3.024e-19
82.00	+1.618e-01	+8.403e-04	+1.529e-08	+9.216e-11	-1.080e-19	-2.450e-12	-1.751e-20
83.00	+1.618e-01	+8.204e-04	+5.593e-08	+5.305e-10	-2.061e-18	-1.238e-11	-2.026e-18
84.00	+1.618e-01	+8.021e-04	+3.997e-08	+3.486e-10	-1.276e-18	-8.863e-12	-2.547e-19
85.00	+1.618e-01	+8.377e-04	+3.226e-08	+2.097e-10	-4.531e-19	-4.677e-12	-3.034e-19
86.00	+1.617e-01	+8.116e-04	+6.290e-08	+3.111e-10	-1.106e-18	-6.819e-12	-8.189e-19
87.00	+1.618e-01	+8.229e-04	+3.603e-08	+3.269e-10	+3.205e-19	-6.032e-14	-1.075e-18
88.00	+1.617e-01	+8.141e-04	+6.771e-08	+2.955e-10	-1.203e-18	-7.167e-12	-5.466e-19
89.00	+1.618e-01	+8.190e-04	+3.601e-08	+1.684e-10	-8.580e-20	-1.715e-12	-4.058e-19
90.00	+1.618e-01	+8.462e-04	+3.722e-08	+2.583e-10	-3.372e-19	-3.684e-12	-7.264e-19
91.00	+1.618e-01	+8.190e-04	+3.304e-08	+3.452e-10	-6.394e-19	-5.389e-12	-9.750e-19
92.00	+1.617e-01	+8.141e-04	+5.883e-08	+6.249e-10	-1.560e-18	-1.037e-11	-3.453e-18
93.00	+1.618e-01	+8.229e-04	+3.348e-08	+2.247e-10	-6.025e-19	-5.803e-12	-1.309e-19
94.00	+1.617e-01	+8.116e-04	+5.904e-08	+4.396e-10	-8.316e-19	-6.820e-12	-2.080e-18
95.00	+1.618e-01	+8.377e-04	+3.507e-08	+2.502e-10	+1.314e-19	-3.864e-13	-7.293e-19
96.00	+1.618e-01	+8.021e-04	+3.971e-08	+3.886e-10	-1.926e-19	-3.659e-12	-1.514e-18
97.00	+1.618e-01	+8.204e-04	+1.549e-08	+1.407e-10	-2.059e-19	-3.980e-12	+2.695e-20
98.00	+1.618e-01	+8.403e-04	+2.524e-08	+3.554e-10	+5.314e-19	+3.624e-12	-9.226e-19
99.00	+1.618e-01	+8.305e-04	+3.289e-08	+2.704e-10	+7.036e-20	-1.064e-12	-8.032e-19
100.00	+1.617e-01	+8.124e-04	+5.475e-08	+3.410e-10	-1.345e-18	-8.999e-12	-6.004e-19
101.00	+1.618e-01	+8.330e-04	+3.483e-08	+1.489e-10	-3.107e-19	-3.616e-12	-1.356e-19
102.00	+1.618e-01	+8.144e-04	+3.942e-08	+2.186e-10	-5.376e-20	-7.885e-13	-6.396e-19
103.00	+1.618e-01	+8.211e-04	+1.227e-08	+8.945e-11	-1.718e-20	-1.043e-12	-9.213e-20
104.00	+1.618e-01	+8.195e-04	+1.621e-08	+1.292e-10	-8.684e-20	-1.439e-12	-1.655e-19
105.00	+1.618e-01	+8.323e-04	+3.469e-08	+1.932e-10	-6.537e-20	-1.678e-12	-4.958e-19
106.00	+1.618e-01	+8.354e-04	+3.534e-08	+1.701e-10	-3.820e-19	-4.180e-12	-1.669e-19
107.00	+1.618e-01	+8.291e-04	+3.328e-08	+2.000e-10	-2.481e-19	-2.988e-12	-4.525e-19
108.00	+1.618e-01	+8.105e-04	+2.389e-08	+1.585e-10	+2.152e-19	+2.502e-12	-2.209e-19
109.00	+1.616e-01	+7.824e-04	+3.120e-08	+1.436e-10	-2.698e-19	-3.358e-12	-1.402e-19
110.00	+1.618e-01	+8.281e-04	+1.663e-08	+5.768e-11	+3.785e-21	+7.280e-14	-5.637e-20
111.00	+1.618e-01	+8.204e-04	+1.355e-07	+7.561e-10	-5.896e-18	-1.776e-11	-4.882e-18
112.00	+1.618e-01	+8.150e-04	+2.791e-08	+1.410e-10	+2.456e-19	+3.679e-12	-1.341e-19
113.00	+1.618e-01	+8.242e-04	+6.764e-08	+5.490e-10	-1.930e-18	-1.042e-11	-2.733e-18
114.00	+1.618e-01	+8.478e-04	+1.834e-08	+1.496e-10	+1.516e-19	+2.972e-12	-1.959e-19
115.00	+1.617e-01	+8.052e-04	+3.374e-08	+3.128e-10	-2.763e-19	-3.251e-12	-9.780e-19
116.00	+1.618e-01	+8.189e-04	+3.563e-08	+3.663e-10	+2.913e-19	-2.608e-13	-1.291e-18
117.00	+1.618e-01	+8.203e-04	+4.774e-08	+3.483e-10	-5.574e-19	-3.937e-12	-1.306e-18
118.00	+1.618e-01	+8.269e-04	+3.503e-08	+3.318e-10	-2.545e-19	-2.957e-12	-1.102e-18
119.00	+1.618e-01	+8.328e-04	+1.343e-08	+1.560e-10	+1.755e-19	+2.181e-12	-1.423e-19
120.00	+1.618e-01	+8.441e-04	+3.535e-09	+1.119e-11	+1.242e-21	+1.529e-13	-1.848e-21
121.00	+1.617e-01	+8.001e-04	+2.048e-08	+2.350e-10	+4.931e-19	+5.867e-12	-1.501e-19
122.00	+1.617e-01	+8.152e-04	+2.038e-08	+1.973e-10	+1.466e-19	+1.790e-12	-3.676e-19
123.00	+1.617e-01	+7.892e-04	+2.957e-08	+4.210e-10	+5.867e-19	+3.785e-12	-1.365e-18
124.00	+1.619e-01	+8.402e-04	+2.965e-08	+3.067e-10	-8.831e-19	-8.558e-12	-2.753e-19
125.00	+1.618e-01	+8.268e-04	+3.127e-08	+2.503e-10	-2.787e-19	-3.558e-12	-6.425e-19
126.00	+1.618e-01	+8.245e-04	+1.192e-08	+3.576e-11	-2.318e-20	-1.011e-12	+2.740e-21
127.00	+1.618e-01	+8.143e-04	+4.669e-10	+1.879e-11	-4.377e-22	+5.287e-13	-1.705e-21
128.00	+1.619e-01	+8.530e-04	+8.572e-08	+5.290e-10	-3.959e-19	-2.869e-12	-3.540e-18
129.00	+1.617e-01	+8.086e-04	+3.572e-08	+2.288e-10	-5.972e-19	-5.978e-12	-2.670e-19
130.00	+1.617e-01	+7.903e-04	+8.337e-09	+9.818e-11	-7.730e-20	-2.549e-12	+4.376e-20
131.00	+1.618e-01	+7.991e-04	+6.761e-08	+5.776e-10	+1.425e-18	+1.738e-12	-3.316e-18
132.00	+1.618e-01	+8.195e-04	+1.143e-07	+8.365e-10	-3.117e-18	-1.029e-11	-7.563e-18
133.00	+1.618e-01	+8.427e-04	+2.796e-08	+2.797e-10	-8.007e-20	-5.624e-13	-7.783e-19
134.00	+1.617e-01	+8.001e-04	+5.531e-08	+5.013e-10	-1.658e-18	-1.036e-11	-2.054e-18
135.00	+1.617e-01	+8.044e-04	+2.487e-08	+1.176e-10	-2.010e-19	-3.334e-12	+1.701e-31
136.00	+1.617e-01	+8.001e-04	+6.485e-08	+3.876e-10	-1.406e-18	-7.569e-12	-1.341e-18
137.00	+1.618e-01	+8.427e-04	+7.376e-08	+6.437e-10	-1.374e-18	-6.990e-12	-4.217e-18
138.00	+1.618e-01	+8.195e-04	+3.918e-08	+4.608e-10	-1.138e-18	-7.670e-12	-1.594e-18
139.00	+1.618e-01	+7.991e-04	+2.220e-08	+1.123e-10	-9.311e-20	-1.074e-12	-1.509e-19
140.00	+1.617e-01	+7.903e-04	+7.594e-09	+1.262e-10	+9.168e-20	+2.840e-12	+8.275e-20
141.00	+1.617e-01	+8.086e-04	+5.052e-08	+3.765e-10	-1.387e-19	-1.721e-12	-1.636e-18
142.00	+1.619e-01	+8.530e-04	+1.287e-07	+9.533e-10	-7.242e-18	-2.113e-11	-7.682e-18
143.00	+1.618e-01	+8.143e-04	+2.470e-08	+2.941e-10	+3.731e-19	+1.487e-12	-6.992e-19
144.00	+1.618e-01	+8.245e-04	+2.367e-08	+3.022e-10	+6.137e-19	+5.114e-12	-5.261e-19
145.00	+1.618e-01	+8.268e-04	+3.671e-08	+1.960e-10	-9.303e-20	-1.414e-12	-5.174e-19
146.00	+1.619e-01	+8.402e-04	+8.965e-08	+6.092e-10	-4.146e-18	-1.614e-11	-1.757e-18
147.00	+1.617e-01	+7.945e-04	+1.017e-07	+7.020e-10	-3.263e-18	-9.942e-12	-4.953e-18
148.00	+1.617e-01	+8.152e-04	+1.001e-08	+8.440e-11	-2.603e-20	-8.215e-13	-7.309e-20
149.00	+1.617e-01	+8.001e-04	+8.584e-08	+6.295e-10	-4.616e-18	-1.768e-11	-3.226e-19
150.00	+1.618e-01	+8.441e-04	+1.392e-08	+2.023e-10	+3.057e-19	+5.245e-12	-1.475e-19
151.00	+1.618e-01	+8.328e-04	+1.661e-08	+9.878e-11	-5.314e-20	-8.248e-13	-1.148e-19
152.00	+1.618e-01	+8.269e-04	+3.418e-08	+1.531e-10	-1.563e-19	-2.190e-12	-3.135e-19
153.00	+1.618e-01	+8.203e-04	+1.040e-07	+8.477e-10	-4.007e-18	-1.411e-11	-6.876e-18
154.00	+1.618e-01	+8.170e-04	+5.561e-08	+2.807e-10	-3.188e-19	-2.236e-12	-1.062e-18
155.00	+1.617e-01	+8.052e-04	+3.785e-08	+2.107e-10	-3.421e-19	-3.520e-12	-4.871e-19
156.00	+1.618e-01	+8.478e-04	+3.775e-08	+3.298e-10	+1.855e-20	-5.079e-13	-1.163e-18
157.00	+1.618e-01	+8.242e-04	+6.941e-08	+5.290e-10	-2.848e-18	-1.293e-11	-1.471e-18
158.00	+1.618e-01	+8.150e-04	+2.906e-08	+4.775e-10	+1.776e-18	+1.363e-11	+1.010e-19
159.00	+1.618e-01	+8.204e-04	+1.310e-07	+9.428e-10	-9.448e-18	-2.419e-11	-4.527e-18
160.00	+1.618e-01	+8.281e-04	+1.389e-08	+1.782e-10	+7.144e-20	+5.627e-13	-2.712e-19
161.00	+1.616e-01	+7.824e-04	+3.334e-08	+3.028e-10	+4.250e-19	+1.201e-12	-8.632e-19
162.00	+1.618e-01	+8.105e-04	+1.165e-08	+6.730e-11	+1.745e-20	-1.176e-13	-5.696e-20
163.00	+1.618e-01	+8.291e-04	+3.462e-08	+2.892e-10	+8.088e-20	-1.064e-12	-9.116e-19
164.00	+1.618e-01	+8.354e-04	+3.405e-08	+3.952e-10	-8.630e-20	-2.741e-12	-1.447e-18
165.00	+1.618e-01	+8.323e-04	+3.396e-08	+2.884e-10	-3.691e-19	-3.736e-12	-8.238e-19
166.00	+1.618e-01	+8.195e-04	+1.656e-08	+1.905e-10	+1.089e-19	+7.813e-13	-3.203e-19
167.00	+1.618e-01	+8.262e-04	+5.438e-08	+4.892e-10	+1.651e-18	+8.142e-12	-1.908e-18
168.00	+1.618e-01	+8.144e-04	+2.000e-08	+2.752e-10	+4.626e-19	+5.945e-12	-4.507e-19
169.00	+1.618e-01	+8.330e-04	+3.187e-08	+3.799e-10	+2.536e-19	-5.319e-13	-1.297e-18
170.00	+1.617e-01	+8.124e-04	+6.965e-08	+5.985e-10	-1.505e-18	-7.259e-12	-3.558e-18
171.00	+1.618e-01	+8.305e-04	+3.138e-08	+1.696e-10	-2.485e-19	-3.167e-12	-3.024e-19
172.00	+1.618e-01	+8.403e-04	+1.529e-08	+9.216e-11	-1.080e-19	-2.450e-12	-1.751e-20
173.00	+1.618e-01	+8.204e-04	+5.593e-08	+5.305e-10	-2.061e-18	-1.238e-11	-2.026e-18
174.00	+1.618e-01	+8.021e-04	+3.997e-08	+3.486e-10	-1.276e-18	-8.863e-12	-2.547e-19
175.00	+1.618e-01	+8.377e-04	+3.226e-08	+2.097e-10	-4.531e-19	-4.677e-12	-3.034e-19
176.00	+1.617e-01	+8.116e-04	+6.290e-08	+3.111e-10	-1.106e-18	-6.819e-12	-8.189e-19
177.00	+1.618e-01	+8.229e-04	+3.603e-08	+3.269e-10	+3.205e-19	-6.032e-14	-1.075e-18
178.00	+1.617e-01	+8.141e-04	+6.771e-08	+2.955e-10	-1.203e-18	-7.167e-12	-5.466e-19
179.00	+1.618e-01	+8.190e-04	+3.601e-08	+1.684e-10	-8.580e-20	-1.715e-12	-4.058e-19
180.00	+1.618e-01	+8.462e-04	+3.722e-08	+2.583e-10	-3.372e-19	-3.684e-12	-7.264e-19
181.00	+1.618e-01	+8.190e-04	+3.304e-08	+3.452e-10	-6.394e-19	-5.389e-12	-9.750e-19
182.00	+1.617e-01	+8.069e-04	+3.143e-08	+4.038e-10	-1.238e-19	-3.439e-12	-1.433e-18
183.00	+1.618e-01	+8.229e-04	+3.348e-08	+2.247e-10	-6.025e-19	-5.803e-12	-1.309e-19
184.00	+1.617e-01	+8.116e-04	+5.904e-08	+4.396e-10	-8.316e-19	-6.820e-12	-2.080e-18
185.00	+1.618e-01	+8.377e-04	+3.507e-08	+2.502e-10	+1.314e-19	-3.864e-13	-7.293e-19
186.00	+1.618e-01	+8.021e-04	+3.971e-08	+3.886e-10	-1.926e-19	-3.659e-12	-1.514e-18
187.00	+1.618e-01	+8.204e-04	+1.549e-08	+1.407e-10	-2.059e-19	-3.980e-12	+2.695e-20
188.00	+1.618e-01	+8.403e-04	+2.524e-08	+3.554e-10	+5.314e-19	+3.624e-12	-9.226e-19
189.00	+1.618e-01	+8.305e-04	+3.289e-08	+2.704e-10	+7.036e-20	-1.064e-12	-8.032e-19
190.00	+1.617e-01	+8.124e-04	+5.475e-08	+3.410e-10	-1.345e-18	-8.999e-12	-6.004e-19
191.00	+1.618e-01	+8.330e-04	+3.483e-08	+1.489e-10	-3.107e-19	-3.616e-12	-1.356e-19
192.00	+1.618e-01	+8.144e-04	+3.942e-08	+2.186e-10	-5.376e-20	-7.885e-13	-6.396e-19
193.00	+1.618e-01	+8.211e-04	+1.227e-08	+8.945e-11	-1.718e-20	-1.043e-12	-9.213e-20
194.00	+1.618e-01	+8.195e-04	+1.621e-08	+1.292e-10	-8.684e-20	-1.439e-12	-1.655e-19
195.00	+1.618e-01	+8.323e-04	+3.469e-08	+1.932e-10	-6.537e-20	-1.678e-12	-4.958e-19
196.00	+1.618e-01	+8.354e-04	+3.534e-08	+1.701e-10	-3.820e-19	-4.180e-12	-1.669e-19
197.00	+1.618e-01	+8.291e-04	+3.328e-08	+2.000e-10	-2.481e-19	-2.988e-12	-4.525e-19
198.00	+1.618e-01	+8.105e-04	+2.389e-08	+1.585e-10	+2.152e-19	+2.502e-12	-2.209e-19
199.00	+1.616e-01	+7.824e-04	+3.120e-08	+1.436e-10	-2.698e-19	-3.358e-12	-1.402e-19
200.00	+1.618e-01	+8.281e-04	+1.663e-08	+5.768e-11	+3.785e-21	+7.280e-14	-5.637e-20
201.00	+1.618e-01	+8.204e-04	+1.355e-07	+7.561e-10	-5.896e-18	-1.776e-11	-4.882e-18
202.00	+1.618e-01	+8.150e-04	+2.791e-08	+1.410e-10	+2.456e-19	+3.679e-12	-1.341e-19
203.00	+1.618e-01	+8.242e-04	+6.764e-08	+5.490e-10	-1.930e-18	-1.042e-11	-2.733e-18
204.00	+1.618e-01	+8.478e-04	+1.834e-08	+1.496e-10	+1.516e-19	+2.972e-12	-1.959e-19
205.00	+1.617e-01	+8.052e-04	+3.374e-08	+3.128e-10	-2.763e-19	-3.251e-12	-9.780e-19
206.00	+1.618e-01	+8.170e-04	+4.403e-08	+5.564e-10	+1.702e-18	+7.637e-12	-2.165e-18
207.00	+1.618e-01	+8.203e-04	+4.774e-08	+3.483e-10	-5.574e-19	-3.937e-12	-1.306e-18
208.00	+1.618e-01	+8.269e-04	+3.503e-08	+3.318e-10	-2.545e-19	-2.957e-12	-1.102e-18
209.00	+1.618e-01	+8.328e-04	+1.343e-08	+1.560e-10	+1.755e-19	+2.181e-12	-1.423e-19
210.00	+1.618e-01	+8.441e-04	+3.535e-09	+1.119e-11	+1.242e-21	+1.529e-13	-1.848e-21
211.00	+1.617e-01	+8.001e-04	+2.048e-08	+2.350e-10	+4.931e-19	+5.867e-12	-1.501e-19
212.00	+1.617e-01	+8.152e-04	+2.038e-08	+1.973e-10	+1.466e-19	+1.790e-12	-3.676e-19
213.00	+1.617e-01	+7.945e-04	+2.607e-08	+3.712e-10	-4.282e-19	-4.717e-12	-1.072e-18
214.00	+1.619e-01	+8.402e-04	+2.965e-08	+3.067e-10	-8.831e-19	-8.558e-12	-2.753e-19
215.00	+1.618e-01	+8.268e-04	+3.127e-08	+2.503e-10	-2.787e-19	-3.558e-12	-6.425e-19
216.00	+1.618e-01	+8.245e-04	+1.192e-08	+3.576e-11	-2.318e-20	-1.011e-12	+2.740e-21
217.00	+1.618e-01	+8.143e-04	+4.669e-10	+1.879e-11	-4.377e-22	+5.287e-13	-1.705e-21
218.00	+1.619e-01	+8.530e-04	+8.572e-08	+5.290e-10	-3.959e-19	-2.869e-12	-3.540e-18
219.00	+1.617e-01	+8.086e-04	+3.572e-08	+2.288e-10	-5.972e-19	-5.978e-12	-2.670e-19
220.00	+1.617e-01	+7.903e-04	+8.337e-09	+9.818e-11	-7.730e-20	-2.549e-12	+4.376e-20
221.00	+1.618e-01	+7.991e-04	+6.761e-08	+5.776e-10	+1.425e-18	+1.738e-12	-3.316e-18
222.00	+1.618e-01	+8.156e-04	+1.570e-07	+1.142e-09	-5.653e-18	-1.556e-11	-1.421e-17
223.00	+1.618e-01	+8.427e-04	+2.796e-08	+2.797e-10	-8.007e-20	-5.624e-13	-7.783e-19
224.00	+1.617e-01	+8.001e-04	+5.531e-08	+5.013e-10	-1.658e-18	-1.036e-11	-2.054e-18
225.00	+1.617e-01	+8.044e-04	+2.487e-08	+1.176e-10	-2.010e-19	-3.334e-12	-8.698e-32
226.00	+1.617e-01	+8.001e-04	+6.485e-08	+3.876e-10	-1.406e-18	-7.569e-12	-1.341e-18
227.00	+1.618e-01	+8.427e-04	+7.376e-08	+6.437e-10	-1.374e-18	-6.990e-12	-4.217e-18
228.00	+1.618e-01	+8.195e-04	+3.918e-08	+4.608e-10	-1.138e-18	-7.670e-12	-1.594e-18
229.00	+1.618e-01	+7.991e-04	+2.220e-08	+1.123e-10	-9.311e-20	-1.074e-12	-1.509e-19
230.00	+1.617e-01	+7.903e-04	+7.594e-09	+1.262e-10	+9.168e-20	+2.840e-12	+8.275e-20
231.00	+1.617e-01	+8.086e-04	+5.052e-08	+3.765e-10	-1.387e-19	-1.721e-12	-1.636e-18
232.00	+1.619e-01	+8.530e-04	+1.287e-07	+9.533e-10	-7.242e-18	-2.113e-11	-7.682e-18
233.00	+1.618e-01	+8.143e-04	+2.470e-08	+2.941e-10	+3.731e-19	+1.487e-12	-6.992e-19
234.00	+1.618e-01	+8.245e-04	+2.367e-08	+3.022e-10	+6.137e-19	+5.114e-12	-5.261e-19
235.00	+1.618e-01	+8.268e-04	+3.671e-08	+1.960e-10	-9.303e-20	-1.414e-12	-5.174e-19
236.00	+1.619e-01	+8.402e-04	+8.965e-08	+6.092e-10	-4.146e-18	-1.614e-11	-1.757e-18
237.00	+1.617e-01	+7.945e-04	+1.017e-07	+7.020e-10	-3.263e-18	-9.942e-12	-4.953e-18
238.00	+1.617e-01	+8.152e-04	+1.001e-08	+8.440e-11	-2.603e-20	-8.215e-13	-7.309e-20
239.00	+1.617e-01	+8.001e-04	+8.584e-08	+6.295e-10	-4.616e-18	-1.768e-11	-3.226e-19
240.00	+1.618e-01	+8.441e-04	+1.392e-08	+2.023e-10	+3.057e-19	+5.245e-12	-1.475e-19
241.00	+1.618e-01	+8.328e-04	+1.661e-08	+9.878e-11	-5.314e-20	-8.248e-13	-1.148e-19
242.00	+1.618e-01	+8.269e-04	+3.418e-08	+1.531e-10	-1.563e-19	-2.190e-12	-3.135e-19
243.00	+1.618e-01	+8.203e-04	+1.040e-07	+8.477e-10	-4.007e-18	-1.411e-11	-6.876e-18
244.00	+1.618e-01	+8.182e-04	+3.239e-08	+2.200e-10	-9.297e-21	+1.960e-13	-5.873e-19
245.00	+1.617e-01	+8.052e-04	+3.785e-08	+2.107e-10	-3.421e-19	-3.520e-12	-4.871e-19
246.00	+1.618e-01	+8.478e-04	+3.775e-08	+3.298e-10	+1.855e-20	-5.079e-13	-1.163e-18
247.00	+1.618e-01	+8.242e-04	+6.941e-08	+5.290e-10	-2.848e-18	-1.293e-11	-1.471e-18
248.00	+1.618e-01	+8.150e-04	+2.906e-08	+4.775e-10	+1.776e-18	+1.363e-11	+1.010e-19
249.00	+1.618e-01	+8.204e-04	+1.310e-07	+9.428e-10	-9.448e-18	-2.419e-11	-4.527e-18
250.00	+1.618e-01	+8.281e-04	+1.389e-08	+1.782e-10	+7.144e-20	+5.627e-13	-2.712e-19
251.00	+1.616e-01	+7.824e-04	+3.334e-08	+3.028e-10	+4.250e-19	+1.201e-12	-8.632e-19
252.00	+1.618e-01	+8.105e-04	+1.165e-08	+6.730e-11	+1.745e-20	-1.176e-13	-5.696e-20
253.00	+1.618e-01	+8.291e-04	+3.462e-08	+2.892e-10	+8.088e-20	-1.064e-12	-9.116e-19
254.00	+1.618e-01	+8.354e-04	+3.405e-08	+3.952e-10	-8.630e-20	-2.741e-12	-1.447e-18
255.00	+1.618e-01	+8.323e-04	+3.396e-08	+2.884e-10	-3.691e-19	-3.736e-12	-8.238e-19
256.00	+1.618e-01	+8.195e-04	+1.656e-08	+1.905e-10	+1.089e-19	+7.813e-13	-3.203e-19
257.00	+1.618e-01	+8.211e-04	+2.698e-08	+2.200e-10	+3.365e-19	+3.278e-12	-4.172e-19
258.00	+1.618e-01	+8.144e-04	+2.000e-08	+2.752e-10	+4.626e-19	+5.945e-12	-4.507e-19
259.00	+1.618e-01	+8.330e-04	+3.187e-08	+3.799e-10	+2.536e-19	-5.319e-13	-1.297e-18
260.00	+1.617e-01	+8.124e-04	+6.965e-08	+5.985e-10	-1.505e-18	-7.259e-12	-3.558e-18
261.00	+1.618e-01	+8.305e-04	+3.138e-08	+1.696e-10	-2.485e-19	-3.167e-12	-3.024e-19
262.00	+1.618e-01	+8.403e-04	+1.529e-08	+9.216e-11	-1.080e-19	-2.450e-12	-1.751e-20
263.00	+1.618e-01	+8.204e-04	+5.593e-08	+5.305e-10	-2.061e-18	-1.238e-11	-2.026e-18
264.00	+1.618e-01	+8.021e-04	+3.997e-08	+3.486e-10	-1.276e-18	-8.863e-12	-2.547e-19
265.00	+1.618e-01	+8.377e-04	+3.226e-08	+2.097e-10	-4.531e-19	-4.677e-12	-3.034e-19
266.00	+1.617e-01	+8.116e-04	+6.290e-08	+3.111e-10	-1.106e-18	-6.819e-12	-8.189e-19
267.00	+1.618e-01	+8.229e-04	+3.603e-08	+3.269e-10	+3.205e-19	-6.032e-14	-1.075e-18
268.00	+1.617e-01	+8.141e-04	+6.771e-08	+2.955e-10	-1.203e-18	-7.167e-12	-5.466e-19
269.00	+1.618e-01	+8.190e-04	+3.601e-08	+1.684e-10	-8.580e-20	-1.715e-12	-4.058e-19
270.00	+1.618e-01	+8.462e-04	+3.722e-08	+2.583e-10	-3.372e-19	-3.684e-12	-7.264e-19
271.00	+1.618e-01	+8.190e-04	+3.304e-08	+3.452e-10	-6.394e-19	-5.389e-12	-9.750e-19
272.00	+1.617e-01	+8.141e-04	+5.883e-08	+6.249e-10	-1.560e-18	-1.037e-11	-3.453e-18
273.00	+1.618e-01	+8.229e-04	+3.348e-08	+2.247e-10	-6.025e-19	-5.803e-12	-1.309e-19
274.00	+1.617e-01	+8.116e-04	+5.904e-08	+4.396e-10	-8.316e-19	-6.820e-12	-2.080e-18
275.00	+1.618e-01	+8.377e-04	+3.507e-08	+2.502e-10	+1.314e-19	-3.864e-13	-7.293e-19
276.00	+1.618e-01	+8.021e-04	+3.971e-08	+3.886e-10	-1.926e-19	-3.659e-12	-1.514e-18
277.00	+1.618e-01	+8.204e-04	+1.549e-08	+1.407e-10	-2.059e-19	-3.980e-12	+2.695e-20
278.00	+1.618e-01	+8.403e-04	+2.524e-08	+3.554e-10	+5.314e-19	+3.624e-12	-9.226e-19
279.00	+1.618e-01	+8.305e-04	+3.289e-08	+2.704e-10	+7.036e-20	-1.064e-12	-8.032e-19
280.00	+1.617e-01	+8.124e-04	+5.475e-08	+3.410e-10	-1.345e-18	-8.999e-12	-6.004e-19
281.00	+1.618e-01	+8.330e-04	+3.483e-08	+1.489e-10	-3.107e-19	-3.616e-12	-1.356e-19
282.00	+1.618e-01	+8.144e-04	+3.942e-08	+2.186e-10	-5.376e-20	-7.885e-13	-6.396e-19
283.00	+1.618e-01	+8.211e-04	+1.227e-08	+8.945e-11	-1.718e-20	-1.043e-12	-9.213e-20
284.00	+1.618e-01	+8.195e-04	+1.621e-08	+1.292e-10	-8.684e-20	-1.439e-12	-1.655e-19
285.00	+1.618e-01	+8.323e-04	+3.469e-08	+1.932e-10	-6.537e-20	-1.678e-12	-4.958e-19
286.00	+1.618e-01	+8.354e-04	+3.534e-08	+1.701e-10	-3.820e-19	-4.180e-12	-1.669e-19
287.00	+1.618e-01	+8.291e-04	+3.328e-08	+2.000e-10	-2.481e-19	-2.988e-12	-4.525e-19
288.00	+1.618e-01	+8.105e-04	+2.389e-08	+1.585e-10	+2.152e-19	+2.502e-12	-2.209e-19
289.00	+1.616e-01	+7.824e-04	+3.120e-08	+1.436e-10	-2.698e-19	-3.358e-12	-1.402e-19
290.00	+1.618e-01	+8.281e-04	+1.663e-08	+5.768e-11	+3.785e-21	+7.280e-14	-5.637e-20
291.00	+1.618e-01	+8.204e-04	+1.355e-07	+7.561e-10	-5.896e-18	-1.776e-11	-4.882e-18
292.00	+1.618e-01	+8.150e-04	+2.791e-08	+1.410e-10	+2.456e-19	+3.679e-12	-1.341e-19
293.00	+1.618e-01	+8.242e-04	+6.764e-08	+5.490e-10	-1.930e-18	-1.042e-11	-2.733e-18
294.00	+1.618e-01	+8.478e-04	+1.834e-08	+1.496e-10	+1.516e-19	+2.972e-12	-1.959e-19
295.00	+1.617e-01	+8.052e-04	+3.374e-08	+3.128e-10	-2.763e-19	-3.251e-12	-9.780e-19
296.00	+1.618e-01	+8.182e-04	+1.687e-08	+1.825e-10	-1.652e-19	-3.279e-12	-2.743e-19
297.00	+1.618e-01	+8.203e-04	+4.774e-08	+3.483e-10	-5.574e-19	-3.937e-12	-1.306e-18
298.00	+1.618e-01	+8.269e-04	+3.503e-08	+3.318e-10	-2.545e-19	-2.957e-12	-1.102e-18
299.00	+1.618e-01	+8.328e-04	+1.343e-08	+1.560e-10	+1.755e-19	+2.181e-12	-1.423e-19
300.00	+1.618e-01	+8.441e-04	+3.535e-09	+1.119e-11	+1.242e-21	+1.529e-13	-1.848e-21
301.00	+1.617e-01	+8.001e-04	+2.048e-08	+2.350e-10	+4.931e-19	+5.867e-12	-1.501e-19
302.00	+1.617e-01	+8.152e-04	+2.038e-08	+1.973e-10	+1.466e-19	+1.790e-12	-3.676e-19
303.00	+1.617e-01	+7.945e-04	+2.607e-08	+3.712e-10	-4.282e-19	-4.717e-12	-1.072e-18
304.00	+1.619e-01	+8.402e-04	+2.965e-08	+3.067e-10	-8.831e-19	-8.558e-12	-2.753e-19
305.00	+1.618e-01	+8.268e-04	+3.127e-08	+2.503e-10	-2.787e-19	-3.558e-12	-6.425e-19
306.00	+1.618e-01	+8.245e-04	+1.192e-08	+3.576e-11	-2.318e-20	-1.011e-12	+2.740e-21
307.00	+1.618e-01	+8.143e-04	+4.669e-10	+1.879e-11	-4.377e-22	+5.287e-13	-1.705e-21
308.00	+1.619e-01	+8.530e-04	+8.572e-08	+5.290e-10	-3.959e-19	-2.869e-12	-3.540e-18
309.00	+1.617e-01	+8.086e-04	+3.572e-08	+2.288e-10	-5.972e-19	-5.978e-12	-2.670e-19
310.00	+1.617e-01	+7.903e-04	+8.337e-09	+9.818e-11	-7.730e-20	-2.549e-12	+4.376e-20
311.00	+1.618e-01	+7.991e-04	+6.761e-08	+5.776e-10	+1.425e-18	+1.738e-12	-3.316e-18
312.00	+1.618e-01	+8.156e-04	+1.570e-07	+1.142e-09	-5.653e-18	-1.556e-11	-1.421e-17
313.00	+1.618e-01	+8.427e-04	+2.796e-08	+2.797e-10	-8.007e-20	-5.624e-13	-7.783e-19
314.00	+1.617e-01	+8.001e-04	+5.531e-08	+5.013e-10	-1.658e-18	-1.036e-11	-2.054e-18
315.00	+1.617e-01	+8.044e-04	+2.487e-08	+1.176e-10	-2.010e-19	-3.334e-12	+7.796e-32
316.00	+1.617e-01	+8.001e-04	+6.485e-08	+3.876e-10	-1.406e-18	-7.569e-12	-1.341e-18
317.00	+1.618e-01	+8.427e-04	+7.376e-08	+6.437e-10	-1.374e-18	-6.990e-12	-4.217e-18
318.00	+1.618e-01	+8.195e-04	+3.918e-08	+4.608e-10	-1.138e-18	-7.670e-12	-1.594e-18
319.00	+1.618e-01	+7.991e-04	+2.220e-08	+1.123e-10	-9.311e-20	-1.074e-12	-1.509e-19
320.00	+1.617e-01	+7.903e-04	+7.594e-09	+1.262e-10	+9.168e-20	+2.840e-12	+8.275e-20
321.00	+1.617e-01	+8.086e-04	+5.052e-08	+3.765e-10	-1.387e-19	-1.721e-12	-1.636e-18
322.00	+1.619e-01	+8.530e-04	+1.287e-07	+9.533e-10	-7.242e-18	-2.113e-11	-7.682e-18
323.00	+1.618e-01	+8.143e-04	+2.470e-08	+2.941e-10	+3.731e-19	+1.487e-12	-6.992e-19
324.00	+1.618e-01	+8.245e-04	+2.367e-08	+3.022e-10	+6.137e-19	+5.114e-12	-5.261e-19
325.00	+1.618e-01	+8.268e-04	+3.671e-08	+1.960e-10	-9.303e-20	-1.414e-12	-5.174e-19
326.00	+1.619e-01	+8.402e-04	+8.965e-08	+6.092e-10	-4.146e-18	-1.614e-11	-1.757e-18
327.00	+1.617e-01	+7.945e-04	+1.017e-07	+7.020e-10	-3.263e-18	-9.942e-12	-4.953e-18
328.00	+1.617e-01	+8.152e-04	+1.001e-08	+8.440e-11	-2.603e-20	-8.215e-13	-7.309e-20
329.00	+1.617e-01	+8.001e-04	+8.584e-08	+6.295e-10	-4.616e-18	-1.768e-11	-3.226e-19
330.00	+1.618e-01	+8.441e-04	+1.392e-08	+2.023e-10	+3.057e-19	+5.245e-12	-1.475e-19
331.00	+1.618e-01	+8.328e-04	+1.661e-08	+9.878e-11	-5.314e-20	-8.248e-13	-1.148e-19
332.00	+1.618e-01	+8.269e-04	+3.418e-08	+1.531e-10	-1.563e-19	-2.190e-12	-3.135e-19
333.00	+1.618e-01	+8.203e-04	+1.040e-07	+8.477e-10	-4.007e-18	-1.411e-11	-6.876e-18
334.00	+1.618e-01	+8.189e-04	+3.185e-08	+1.499e-10	-3.123e-19	-3.736e-12	-9.891e-20
335.00	+1.617e-01	+8.052e-04	+3.785e-08	+2.107e-10	-3.421e-19	-3.520e-12	-4.871e-19
336.00	+1.618e-01	+8.478e-04	+3.775e-08	+3.298e-10	+1.855e-20	-5.079e-13	-1.163e-18
337.00	+1.618e-01	+8.242e-04	+6.941e-08	+5.290e-10	-2.848e-18	-1.293e-11	-1.471e-18
338.00	+1.618e-01	+8.150e-04	+2.906e-08	+4.775e-10	+1.776e-18	+1.363e-11	+1.010e-19
339.00	+1.618e-01	+8.204e-04	+1.310e-07	+9.428e-10	-9.448e-18	-2.419e-11	-4.527e-18
340.00	+1.618e-01	+8.281e-04	+1.389e-08	+1.782e-10	+7.144e-20	+5.627e-13	-2.712e-19
341.00	+1.616e-01	+7.824e-04	+3.334e-08	+3.028e-10	+4.250e-19	+1.201e-12	-8.632e-19
342.00	+1.618e-01	+8.105e-04	+1.165e-08	+6.730e-11	+1.745e-20	-1.176e-13	-5.696e-20
343.00	+1.618e-01	+8.291e-04	+3.462e-08	+2.892e-10	+8.088e-20	-1.064e-12	-9.116e-19
344.00	+1.618e-01	+8.354e-04	+3.405e-08	+3.952e-10	-8.630e-20	-2.741e-12	-1.447e-18
345.00	+1.618e-01	+8.323e-04	+3.396e-08	+2.884e-10	-3.691e-19	-3.736e-12	-8.238e-19
346.00	+1.618e-01	+8.195e-04	+1.656e-08	+1.905e-10	+1.089e-19	+7.813e-13	-3.203e-19
347.00	+1.618e-01	+8.211e-04	+2.698e-08	+2.200e-10	+3.365e-19	+3.278e-12	-4.172e-19
348.00	+1.618e-01	+8.144e-04	+2.000e-08	+2.752e-10	+4.626e-19	+5.945e-12	-4.507e-19
349.00	+1.618e-01	+8.330e-04	+3.187e-08	+3.799e-10	+2.536e-19	-5.319e-13	-1.297e-18
350.00	+1.617e-01	+8.124e-04	+6.965e-08	+5.985e-10	-1.505e-18	-7.259e-12	-3.558e-18
351.00	+1.618e-01	+8.305e-04	+3.138e-08	+1.696e-10	-2.485e-19	-3.167e-12	-3.024e-19
352.00	+1.618e-01	+8.403e-04	+1.529e-08	+9.216e-11	-1.080e-19	-2.450e-12	-1.751e-20
353.00	+1.618e-01	+8.204e-04	+5.593e-08	+5.305e-10	-2.061e-18	-1.238e-11	-2.026e-18
354.00	+1.618e-01	+8.021e-04	+3.997e-08	+3.486e-10	-1.276e-18	-8.863e-12	-2.547e-19
355.00	+1.618e-01	+8.377e-04	+3.226e-08	+2.097e-10	-4.531e-19	-4.677e-12	-3.034e-19
356.00	+1.617e-01	+8.116e-04	+6.290e-08	+3.111e-10	-1.106e-18	-6.819e-12	-8.189e-19
357.00	+1.618e-01	+8.229e-04	+3.603e-08	+3.269e-10	+3.205e-19	-6.032e-14	-1.075e-18
358.00	+1.617e-01	+8.069e-04	+3.783e-08	+1.284e-10	-2.302e-19	-2.631e-12	-1.646e-19
359.00	+1.618e-01	+8.190e-04	+3.601e-08	+1.684e-10	-8.580e-20	-1.715e-12	-4.058e-19
