0	2.258510e-01	2.568363e-02	1.611902e-07	5.022060e-08	4.518478e-15	8.048411e-09	1.181715e-28
1	2.228560e-01	2.428058e-02	1.377165e-07	4.003378e-08	2.972515e-15	6.236252e-09	1.895938e-17
2	2.225072e-01	2.412923e-02	1.375187e-07	3.966459e-08	2.929229e-15	6.159159e-09	3.552228e-17
3	2.226481e-01	2.418998e-02	1.369709e-07	3.982368e-08	2.935749e-15	6.188641e-09	1.791676e-16
4	2.224403e-01	2.410950e-02	1.368367e-07	3.932482e-08	2.880681e-15	6.097401e-09	-1.523138e-16
5	2.237378e-01	2.466612e-02	1.389913e-07	4.069107e-08	3.059718e-15	6.385184e-09	-5.127149e-17
6	2.230364e-01	2.434122e-02	1.408768e-07	4.219131e-08	3.249646e-15	6.580642e-09	1.426715e-16
7	2.229021e-01	2.431996e-02	1.411011e-07	3.878368e-08	2.868648e-15	6.048230e-09	-4.828953e-17
8	2.232332e-01	2.447060e-02	1.420950e-07	3.916942e-08	2.921524e-15	6.126579e-09	6.291614e-17
9	2.236635e-01	2.465922e-02	1.278454e-07	4.189625e-08	3.065834e-15	6.578096e-09	-4.953976e-17
10	2.226274e-01	2.418417e-02	1.296119e-07	4.273830e-08	3.178424e-15	6.639862e-09	1.251496e-16
11	2.228462e-01	2.425704e-02	1.427362e-07	3.991357e-08	3.012616e-15	6.216309e-09	-1.317886e-17
12	2.230919e-01	2.439846e-02	1.297500e-07	4.233837e-08	3.136661e-15	6.610180e-09	-9.211105e-17
13	2.226715e-01	2.420543e-02	1.290681e-07	4.185123e-08	3.075847e-15	6.509391e-09	-1.762874e-17
14	2.230558e-01	2.437196e-02	1.499985e-07	3.781050e-08	2.845951e-15	5.895459e-09	9.360458e-17
15	2.231513e-01	2.441342e-02	1.335691e-07	4.295376e-08	3.249156e-15	6.703469e-09	-1.686425e-16
16	2.228682e-01	2.428294e-02	1.341215e-07	3.953949e-08	2.877555e-15	6.157980e-09	1.018990e-16
17	2.233897e-01	2.453381e-02	4.130136e-08	9.790350e-09	1.912947e-16	1.436412e-09	4.652016e-17
18	2.221963e-01	2.400982e-02	1.393675e-07	3.893919e-08	2.867838e-15	6.033666e-09	-6.349479e-17
19	2.223773e-01	2.407035e-02	1.391480e-07	3.912978e-08	2.887149e-15	6.070486e-09	3.409484e-17
20	2.230268e-01	2.434807e-02	3.031887e-07	9.129601e-08	1.516978e-14	1.417490e-08	7.674325e-16
21	2.236906e-01	2.465221e-02	3.678895e-08	1.070340e-08	2.112748e-16	1.618642e-09	2.177100e-17
22	2.237152e-01	2.466434e-02	1.489940e-07	4.024014e-08	3.114673e-15	6.318462e-09	-8.485092e-17
23	2.227762e-01	2.423116e-02	3.125348e-07	9.052146e-08	1.521903e-14	1.404810e-08	4.498505e-16
24	2.233823e-01	2.451493e-02	1.336108e-07	4.135936e-08	3.074364e-15	6.474256e-09	-3.373901e-17
25	2.236135e-01	2.463249e-02	1.400010e-07	4.273348e-08	3.304208e-15	6.705001e-09	8.700718e-17
26	2.231033e-01	2.436979e-02	3.040258e-07	9.339030e-08	1.571136e-14	1.449555e-08	-8.890693e-16
27	2.229208e-01	2.430057e-02	1.377682e-07	3.981818e-08	2.947021e-15	6.199817e-09	-1.119815e-16
28	2.232552e-01	2.445523e-02	1.449031e-07	4.113194e-08	3.175463e-15	6.432206e-09	-5.157486e-18
29	2.243752e-01	2.494411e-02	1.350975e-07	4.363839e-08	3.350500e-15	6.891901e-09	-2.968136e-17
30	2.241258e-01	2.485663e-02	1.339484e-07	4.334472e-08	3.302375e-15	6.833713e-09	4.835424e-17
31	2.237925e-01	2.471979e-02	4.009630e-08	1.061828e-08	2.167744e-16	1.616390e-09	3.180667e-17
32	2.230388e-01	2.437484e-02	1.390903e-07	4.037695e-08	3.022727e-15	6.298701e-09	-1.376391e-16
33	2.243152e-01	2.493478e-02	1.427119e-07	4.178088e-08	3.225853e-15	6.594277e-09	-4.987723e-17
34	2.239055e-01	2.476588e-02	3.109016e-07	9.535115e-08	1.639413e-14	1.492266e-08	-8.708905e-16
35	2.219943e-01	2.391014e-02	1.324752e-07	4.064184e-08	2.982052e-15	6.284281e-09	2.240722e-17
36	2.233357e-01	2.449464e-02	1.370702e-07	4.215731e-08	3.203353e-15	6.597462e-09	9.126115e-17
37	2.235125e-01	2.459102e-02	3.386535e-08	7.446242e-09	1.088588e-16	8.897828e-10	-4.617006e-17
38	2.230790e-01	2.438579e-02	3.147797e-07	9.266021e-08	1.581384e-14	1.442046e-08	-5.937327e-16
39	2.227120e-01	2.420691e-02	3.078176e-07	8.866356e-08	1.463888e-14	1.374524e-08	5.034155e-16
40	2.216891e-01	2.378297e-02	3.037570e-07	8.642544e-08	1.398321e-14	1.325392e-08	-7.469704e-16
41	2.227187e-01	2.421031e-02	1.438758e-07	3.963616e-08	2.992305e-15	6.166154e-09	7.188885e-17
42	2.226544e-01	2.421336e-02	1.311313e-07	3.983370e-08	2.877664e-15	6.194949e-09	8.496589e-17
43	2.221938e-01	2.401158e-02	1.367020e-07	3.931177e-08	2.878975e-15	6.082071e-09	1.287094e-16
44	2.212055e-01	2.356590e-02	1.461037e-07	3.876644e-08	2.885202e-15	5.656036e-09	-4.330765e-16
45	2.221738e-01	2.399346e-02	0.000000e+00	0.000000e+00	0.000000e+00	0.000000e+00	0.000000e+00
46	2.212055e-01	2.356590e-02	1.461037e-07	3.876644e-08	2.885202e-15	5.656036e-09	4.330765e-16
47	2.221938e-01	2.401158e-02	1.367020e-07	3.931177e-08	2.878975e-15	6.082071e-09	-1.287094e-16
48	2.226544e-01	2.421336e-02	1.311313e-07	3.983370e-08	2.877664e-15	6.194949e-09	-8.496589e-17
49	2.227187e-01	2.421031e-02	1.438758e-07	3.963616e-08	2.992305e-15	6.166154e-09	-7.188885e-17
50	2.216891e-01	2.378297e-02	3.037570e-07	8.642544e-08	1.398321e-14	1.325392e-08	7.469704e-16
51	2.227120e-01	2.420691e-02	3.078176e-07	8.866356e-08	1.463888e-14	1.374524e-08	-5.034155e-16
52	2.230790e-01	2.438579e-02	3.147797e-07	9.266021e-08	1.581384e-14	1.442046e-08	5.937327e-16
53	2.235125e-01	2.459102e-02	3.386535e-08	7.446242e-09	1.088588e-16	8.897828e-10	4.617006e-17
54	2.233357e-01	2.449464e-02	1.370702e-07	4.215731e-08	3.203353e-15	6.597462e-09	-9.126115e-17
55	2.219943e-01	2.391014e-02	1.324752e-07	4.064184e-08	2.982052e-15	6.284281e-09	-2.240722e-17
56	2.239055e-01	2.476588e-02	3.109016e-07	9.535115e-08	1.639413e-14	1.492266e-08	8.708905e-16
57	2.243152e-01	2.493478e-02	1.427119e-07	4.178088e-08	3.225853e-15	6.594277e-09	4.987723e-17
58	2.230388e-01	2.437484e-02	1.390903e-07	4.037695e-08	3.022727e-15	6.298701e-09	1.376391e-16
59	2.237925e-01	2.471979e-02	4.009630e-08	1.061828e-08	2.167744e-16	1.616390e-09	-3.180667e-17
60	2.241258e-01	2.485663e-02	1.339484e-07	4.334472e-08	3.302375e-15	6.833713e-09	-4.835424e-17
61	2.243752e-01	2.494411e-02	1.350975e-07	4.363839e-08	3.350500e-15	6.891901e-09	2.968136e-17
62	2.232552e-01	2.445523e-02	1.449031e-07	4.113194e-08	3.175463e-15	6.432206e-09	5.157486e-18
63	2.229208e-01	2.430057e-02	1.377682e-07	3.981818e-08	2.947021e-15	6.199817e-09	1.119815e-16
64	2.231033e-01	2.436979e-02	3.040258e-07	9.339030e-08	1.571136e-14	1.449555e-08	8.890693e-16
65	2.236135e-01	2.463249e-02	1.400010e-07	4.273348e-08	3.304208e-15	6.705001e-09	-8.700718e-17
66	2.233823e-01	2.451493e-02	1.336108e-07	4.135936e-08	3.074364e-15	6.474256e-09	3.373901e-17
67	2.227762e-01	2.423116e-02	3.125348e-07	9.052146e-08	1.521903e-14	1.404810e-08	-4.498505e-16
68	2.237638e-01	2.468329e-02	1.030272e-07	2.416241e-08	1.161853e-15	3.304196e-09	-3.216442e-16
69	2.236906e-01	2.465221e-02	3.678895e-08	1.070340e-08	2.112748e-16	1.618642e-09	-2.177100e-17
70	2.230268e-01	2.434807e-02	3.031887e-07	9.129601e-08	1.516978e-14	1.417490e-08	-7.674325e-16
71	2.223773e-01	2.407035e-02	1.391480e-07	3.912978e-08	2.887149e-15	6.070486e-09	-3.409484e-17
72	2.221963e-01	2.400982e-02	1.393675e-07	3.893919e-08	2.867838e-15	6.033666e-09	6.349479e-17
73	2.233897e-01	2.453381e-02	4.130136e-08	9.790350e-09	1.912947e-16	1.436412e-09	-4.652016e-17
74	2.228682e-01	2.428294e-02	1.341215e-07	3.953949e-08	2.877555e-15	6.157980e-09	-1.018990e-16
75	2.231513e-01	2.441342e-02	1.335691e-07	4.295376e-08	3.249156e-15	6.703469e-09	1.686425e-16
76	2.230558e-01	2.437196e-02	1.499985e-07	3.781050e-08	2.845951e-15	5.895459e-09	-9.360458e-17
77	2.226715e-01	2.420543e-02	1.290681e-07	4.185123e-08	3.075847e-15	6.509391e-09	1.762874e-17
78	2.228534e-01	2.429239e-02	1.123820e-07	3.087675e-08	1.786681e-15	4.333711e-09	-3.405414e-16
79	2.228462e-01	2.425704e-02	1.427362e-07	3.991357e-08	3.012616e-15	6.216309e-09	1.317886e-17
80	2.226274e-01	2.418417e-02	1.296119e-07	4.273830e-08	3.178424e-15	6.639862e-09	-1.251496e-16
81	2.236635e-01	2.465922e-02	1.278454e-07	4.189625e-08	3.065834e-15	6.578096e-09	4.953976e-17
82	2.232332e-01	2.447060e-02	1.420950e-07	3.916942e-08	2.921524e-15	6.126579e-09	-6.291614e-17
83	2.229021e-01	2.431996e-02	1.411011e-07	3.878368e-08	2.868648e-15	6.048230e-09	4.828953e-17
84	2.230364e-01	2.434122e-02	1.408768e-07	4.219131e-08	3.249646e-15	6.580642e-09	-1.426715e-16
85	2.237378e-01	2.466612e-02	1.389913e-07	4.069107e-08	3.059718e-15	6.385184e-09	5.127149e-17
86	2.224403e-01	2.410950e-02	1.368367e-07	3.932482e-08	2.880681e-15	6.097401e-09	1.523138e-16
87	2.226481e-01	2.418998e-02	1.369709e-07	3.982368e-08	2.935749e-15	6.188641e-09	-1.791676e-16
88	2.226879e-01	2.421092e-02	9.274632e-08	2.390798e-08	1.099661e-15	3.357905e-09	2.412075e-16
89	2.228560e-01	2.428058e-02	1.377165e-07	4.003378e-08	2.972515e-15	6.236252e-09	-1.895938e-17
90	2.258510e-01	2.568363e-02	1.611902e-07	5.022060e-08	4.518478e-15	8.048411e-09	-9.847627e-31
91	2.228560e-01	2.428058e-02	1.377165e-07	4.003378e-08	2.972515e-15	6.236252e-09	1.895938e-17
92	2.226900e-01	2.421156e-02	2.422539e-07	6.329481e-08	7.742275e-15	9.364452e-09	1.219184e-15
93	2.226481e-01	2.418998e-02	1.369709e-07	3.982368e-08	2.935749e-15	6.188641e-09	1.791676e-16
94	2.224403e-01	2.410950e-02	1.368367e-07	3.932482e-08	2.880681e-15	6.097401e-09	-1.523138e-16
95	2.237378e-01	2.466612e-02	1.389913e-07	4.069107e-08	3.059718e-15	6.385184e-09	-5.127149e-17
96	2.230364e-01	2.434122e-02	1.408768e-07	4.219131e-08	3.249646e-15	6.580642e-09	1.426715e-16
97	2.229021e-01	2.431996e-02	1.411011e-07	3.878368e-08	2.868648e-15	6.048230e-09	-4.828953e-17
98	2.232332e-01	2.447060e-02	1.420950e-07	3.916942e-08	2.921524e-15	6.126579e-09	6.291614e-17
99	2.236635e-01	2.465922e-02	1.278454e-07	4.189625e-08	3.065834e-15	6.578096e-09	-4.953976e-17
100	2.226274e-01	2.418417e-02	1.296119e-07	4.273830e-08	3.178424e-15	6.639862e-09	1.251496e-16
101	2.228462e-01	2.425704e-02	1.427362e-07	3.991357e-08	3.012616e-15	6.216309e-09	-1.317886e-17
102	2.230919e-01	2.439846e-02	1.297500e-07	4.233837e-08	3.136661e-15	6.610180e-09	-9.211105e-17
103	2.226715e-01	2.420543e-02	1.290681e-07	4.185123e-08	3.075847e-15	6.509391e-09	-1.762874e-17
104	2.230558e-01	2.437196e-02	1.499985e-07	3.781050e-08	2.845951e-15	5.895459e-09	9.360458e-17
105	2.231513e-01	2.441342e-02	1.335691e-07	4.295376e-08	3.249156e-15	6.703469e-09	-1.686425e-16
106	2.228682e-01	2.428294e-02	1.341215e-07	3.953949e-08	2.877555e-15	6.157980e-09	1.018990e-16
107	2.233897e-01	2.453381e-02	4.130136e-08	9.790350e-09	1.912947e-16	1.436412e-09	4.652016e-17
108	2.221963e-01	2.400982e-02	1.393675e-07	3.893919e-08	2.867838e-15	6.033666e-09	-6.349479e-17
109	2.223773e-01	2.407035e-02	1.391480e-07	3.912978e-08	2.887149e-15	6.070486e-09	3.409484e-17
110	2.230268e-01	2.434807e-02	3.031887e-07	9.129601e-08	1.516978e-14	1.417490e-08	7.674325e-16
111	2.236906e-01	2.465221e-02	3.678895e-08	1.070340e-08	2.112748e-16	1.618642e-09	2.177100e-17
112	2.237638e-01	2.468329e-02	1.030272e-07	2.416241e-08	1.161853e-15	3.304196e-09	3.216442e-16
113	2.227762e-01	2.423116e-02	3.125348e-07	9.052146e-08	1.521903e-14	1.404810e-08	4.498505e-16
114	2.233823e-01	2.451493e-02	1.336108e-07	4.135936e-08	3.074364e-15	6.474256e-09	-3.373901e-17
115	2.236135e-01	2.463249e-02	1.400010e-07	4.273348e-08	3.304208e-15	6.705001e-09	8.700718e-17
116	2.231033e-01	2.436979e-02	3.040258e-07	9.339030e-08	1.571136e-14	1.449555e-08	-8.890693e-16
117	2.229208e-01	2.430057e-02	1.377682e-07	3.981818e-08	2.947021e-15	6.199817e-09	-1.119815e-16
118	2.232552e-01	2.445523e-02	1.449031e-07	4.113194e-08	3.175463e-15	6.432206e-09	-5.157486e-18
119	2.243752e-01	2.494411e-02	1.350975e-07	4.363839e-08	3.350500e-15	6.891901e-09	-2.968136e-17
120	2.241258e-01	2.485663e-02	1.339484e-07	4.334472e-08	3.302375e-15	6.833713e-09	4.835424e-17
121	2.237925e-01	2.471979e-02	4.009630e-08	1.061828e-08	2.167744e-16	1.616390e-09	3.180667e-17
122	2.230388e-01	2.437484e-02	1.390903e-07	4.037695e-08	3.022727e-15	6.298701e-09	-1.376391e-16
123	2.243152e-01	2.493478e-02	1.427119e-07	4.178088e-08	3.225853e-15	6.594277e-09	-4.987723e-17
124	2.239055e-01	2.476588e-02	3.109016e-07	9.535115e-08	1.639413e-14	1.492266e-08	-8.708905e-16
125	2.219943e-01	2.391014e-02	1.324752e-07	4.064184e-08	2.982052e-15	6.284281e-09	2.240722e-17
126	2.233357e-01	2.449464e-02	1.370702e-07	4.215731e-08	3.203353e-15	6.597462e-09	9.126115e-17
127	2.235125e-01	2.459102e-02	3.386535e-08	7.446242e-09	1.088588e-16	8.897828e-10	-4.617006e-17
128	2.230790e-01	2.438579e-02	3.147797e-07	9.266021e-08	1.581384e-14	1.442046e-08	-5.937327e-16
129	2.227120e-01	2.420691e-02	3.078176e-07	8.866356e-08	1.463888e-14	1.374524e-08	5.034155e-16
130	2.216891e-01	2.378297e-02	3.037570e-07	8.642544e-08	1.398321e-14	1.325392e-08	-7.469704e-16
131	2.227187e-01	2.421031e-02	1.438758e-07	3.963616e-08	2.992305e-15	6.166154e-09	7.188885e-17
132	2.226544e-01	2.421336e-02	1.311313e-07	3.983370e-08	2.877664e-15	6.194949e-09	8.496589e-17
133	2.221938e-01	2.401158e-02	1.367020e-07	3.931177e-08	2.878975e-15	6.082071e-09	1.287094e-16
134	2.212055e-01	2.356590e-02	1.461037e-07	3.876644e-08	2.885202e-15	5.656036e-09	-4.330765e-16
135	2.221738e-01	2.399346e-02	0.000000e+00	0.000000e+00	0.000000e+00	0.000000e+00	0.000000e+00
136	2.212055e-01	2.356590e-02	1.461037e-07	3.876644e-08	2.885202e-15	5.656036e-09	4.330765e-16
137	2.221938e-01	2.401158e-02	1.367020e-07	3.931177e-08	2.878975e-15	6.082071e-09	-1.287094e-16
138	2.226544e-01	2.421336e-02	1.311313e-07	3.983370e-08	2.877664e-15	6.194949e-09	-8.496589e-17
139	2.227187e-01	2.421031e-02	1.438758e-07	3.963616e-08	2.992305e-15	6.166154e-09	-7.188885e-17
140	2.216891e-01	2.378297e-02	3.037570e-07	8.642544e-08	1.398321e-14	1.325392e-08	7.469704e-16
141	2.227120e-01	2.420691e-02	3.078176e-07	8.866356e-08	1.463888e-14	1.374524e-08	-5.034155e-16
142	2.230790e-01	2.438579e-02	3.147797e-07	9.266021e-08	1.581384e-14	1.442046e-08	5.937327e-16
143	2.235125e-01	2.459102e-02	3.386535e-08	7.446242e-09	1.088588e-16	8.897828e-10	4.617006e-17
144	2.233357e-01	2.449464e-02	1.370702e-07	4.215731e-08	3.203353e-15	6.597462e-09	-9.126115e-17
145	2.219943e-01	2.391014e-02	1.324752e-07	4.064184e-08	2.982052e-15	6.284281e-09	-2.240722e-17
146	2.239055e-01	2.476588e-02	3.109016e-07	9.535115e-08	1.639413e-14	1.492266e-08	8.708905e-16
147	2.243152e-01	2.493478e-02	1.427119e-07	4.178088e-08	3.225853e-15	6.594277e-09	4.987723e-17
148	2.230388e-01	2.437484e-02	1.390903e-07	4.037695e-08	3.022727e-15	6.298701e-09	1.376391e-16
149	2.237925e-01	2.471979e-02	4.009630e-08	1.061828e-08	2.167744e-16	1.616390e-09	-3.180667e-17
150	2.241258e-01	2.485663e-02	1.339484e-07	4.334472e-08	3.302375e-15	6.833713e-09	-4.835424e-17
151	2.243752e-01	2.494411e-02	1.350975e-07	4.363839e-08	3.350500e-15	6.891901e-09	2.968136e-17
152	2.232552e-01	2.445523e-02	1.449031e-07	4.113194e-08	3.175463e-15	6.432206e-09	5.157486e-18
153	2.229208e-01	2.430057e-02	1.377682e-07	3.981818e-08	2.947021e-15	6.199817e-09	1.119815e-16
154	2.231033e-01	2.436979e-02	3.040258e-07	9.339030e-08	1.571136e-14	1.449555e-08	8.890693e-16
155	2.236135e-01	2.463249e-02	1.400010e-07	4.273348e-08	3.304208e-15	6.705001e-09	-8.700718e-17
156	2.233823e-01	2.451493e-02	1.336108e-07	4.135936e-08	3.074364e-15	6.474256e-09	3.373901e-17
157	2.227762e-01	2.423116e-02	3.125348e-07	9.052146e-08	1.521903e-14	1.404810e-08	-4.498505e-16
158	2.237152e-01	2.466434e-02	1.489940e-07	4.024014e-08	3.114673e-15	6.318462e-09	8.485092e-17
159	2.236906e-01	2.465221e-02	3.678895e-08	1.070340e-08	2.112748e-16	1.618642e-09	-2.177100e-17
160	2.230268e-01	2.434807e-02	3.031887e-07	9.129601e-08	1.516978e-14	1.417490e-08	-7.674325e-16
161	2.223773e-01	2.407035e-02	1.391480e-07	3.912978e-08	2.887149e-15	6.070486e-09	-3.409484e-17
162	2.221963e-01	2.400982e-02	1.393675e-07	3.893919e-08	2.867838e-15	6.033666e-09	6.349479e-17
163	2.233897e-01	2.453381e-02	4.130136e-08	9.790350e-09	1.912947e-16	1.436412e-09	-4.652016e-17
164	2.228682e-01	2.428294e-02	1.341215e-07	3.953949e-08	2.877555e-15	6.157980e-09	-1.018990e-16
165	2.231513e-01	2.441342e-02	1.335691e-07	4.295376e-08	3.249156e-15	6.703469e-09	1.686425e-16
166	2.230558e-01	2.437196e-02	1.499985e-07	3.781050e-08	2.845951e-15	5.895459e-09	-9.360458e-17
167	2.226715e-01	2.420543e-02	1.290681e-07	4.185123e-08	3.075847e-15	6.509391e-09	1.762874e-17
168	2.230919e-01	2.439846e-02	1.297500e-07	4.233837e-08	3.136661e-15	6.610180e-09	9.211105e-17
169	2.228462e-01	2.425704e-02	1.427362e-07	3.991357e-08	3.012616e-15	6.216309e-09	1.317886e-17
170	2.226274e-01	2.418417e-02	1.296119e-07	4.273830e-08	3.178424e-15	6.639862e-09	-1.251496e-16
171	2.236635e-01	2.465922e-02	1.278454e-07	4.189625e-08	3.065834e-15	6.578096e-09	4.953976e-17
172	2.232332e-01	2.447060e-02	1.420950e-07	3.916942e-08	2.921524e-15	6.126579e-09	-6.291614e-17
173	2.229021e-01	2.431996e-02	1.411011e-07	3.878368e-08	2.868648e-15	6.048230e-09	4.828953e-17
174	2.230364e-01	2.434122e-02	1.408768e-07	4.219131e-08	3.249646e-15	6.580642e-09	-1.426715e-16
175	2.237378e-01	2.466612e-02	1.389913e-07	4.069107e-08	3.059718e-15	6.385184e-09	5.127149e-17
176	2.224403e-01	2.410950e-02	1.368367e-07	3.932482e-08	2.880681e-15	6.097401e-09	1.523138e-16
177	2.226481e-01	2.418998e-02	1.369709e-07	3.982368e-08	2.935749e-15	6.188641e-09	-1.791676e-16
178	2.226879e-01	2.421092e-02	9.274632e-08	2.390798e-08	1.099661e-15	3.357905e-09	2.412075e-16
179	2.228560e-01	2.428058e-02	1.377165e-07	4.003378e-08	2.972515e-15	6.236252e-09	-1.895938e-17
180	2.258510e-01	2.568363e-02	1.611902e-07	5.022060e-08	4.518478e-15	8.048411e-09	-1.181715e-28
181	2.228560e-01	2.428058e-02	1.377165e-07	4.003378e-08	2.972515e-15	6.236252e-09	1.895938e-17
182	2.226900e-01	2.421156e-02	2.422539e-07	6.329481e-08	7.742275e-15	9.364452e-09	1.219184e-15
183	2.226481e-01	2.418998e-02	1.369709e-07	3.982368e-08	2.935749e-15	6.188641e-09	1.791676e-16
184	2.224403e-01	2.410950e-02	1.368367e-07	3.932482e-08	2.880681e-15	6.097401e-09	-1.523138e-16
185	2.237378e-01	2.466612e-02	1.389913e-07	4.069107e-08	3.059718e-15	6.385184e-09	-5.127149e-17
186	2.230364e-01	2.434122e-02	1.408768e-07	4.219131e-08	3.249646e-15	6.580642e-09	1.426715e-16
187	2.229021e-01	2.431996e-02	1.411011e-07	3.878368e-08	2.868648e-15	6.048230e-09	-4.828953e-17
188	2.232332e-01	2.447060e-02	1.420950e-07	3.916942e-08	2.921524e-15	6.126579e-09	6.291614e-17
189	2.236635e-01	2.465922e-02	1.278454e-07	4.189625e-08	3.065834e-15	6.578096e-09	-4.953976e-17
190	2.226274e-01	2.418417e-02	1.296119e-07	4.273830e-08	3.178424e-15	6.639862e-09	1.251496e-16
191	2.228462e-01	2.425704e-02	1.427362e-07	3.991357e-08	3.012616e-15	6.216309e-09	-1.317886e-17
192	2.230919e-01	2.439846e-02	1.297500e-07	4.233837e-08	3.136661e-15	6.610180e-09	-9.211105e-17
193	2.226715e-01	2.420543e-02	1.290681e-07	4.185123e-08	3.075847e-15	6.509391e-09	-1.762874e-17
194	2.230558e-01	2.437196e-02	1.499985e-07	3.781050e-08	2.845951e-15	5.895459e-09	9.360458e-17
195	2.231513e-01	2.441342e-02	1.335691e-07	4.295376e-08	3.249156e-15	6.703469e-09	-1.686425e-16
196	2.228682e-01	2.428294e-02	1.341215e-07	3.953949e-08	2.877555e-15	6.157980e-09	1.018990e-16
197	2.233897e-01	2.453381e-02	4.130136e-08	9.790350e-09	1.912947e-16	1.436412e-09	4.652016e-17
198	2.221963e-01	2.400982e-02	1.393675e-07	3.893919e-08	2.867838e-15	6.033666e-09	-6.349479e-17
199	2.223773e-01	2.407035e-02	1.391480e-07	3.912978e-08	2.887149e-15	6.070486e-09	3.409484e-17
200	2.230268e-01	2.434807e-02	3.031887e-07	9.129601e-08	1.516978e-14	1.417490e-08	7.674325e-16
201	2.236906e-01	2.465221e-02	3.678895e-08	1.070340e-08	2.112748e-16	1.618642e-09	2.177100e-17
202	2.237152e-01	2.466434e-02	1.489940e-07	4.024014e-08	3.114673e-15	6.318462e-09	-8.485092e-17
203	2.227762e-01	2.423116e-02	3.125348e-07	9.052146e-08	1.521903e-14	1.404810e-08	4.498505e-16
204	2.233823e-01	2.451493e-02	1.336108e-07	4.135936e-08	3.074364e-15	6.474256e-09	-3.373901e-17
205	2.236135e-01	2.463249e-02	1.400010e-07	4.273348e-08	3.304208e-15	6.705001e-09	8.700718e-17
206	2.231033e-01	2.436979e-02	3.040258e-07	9.339030e-08	1.571136e-14	1.449555e-08	-8.890693e-16
207	2.229208e-01	2.430057e-02	1.377682e-07	3.981818e-08	2.947021e-15	6.199817e-09	-1.119815e-16
208	2.232552e-01	2.445523e-02	1.449031e-07	4.113194e-08	3.175463e-15	6.432206e-09	-5.157486e-18
209	2.243752e-01	2.494411e-02	1.350975e-07	4.363839e-08	3.350500e-15	6.891901e-09	-2.968136e-17
210	2.241258e-01	2.485663e-02	1.339484e-07	4.334472e-08	3.302375e-15	6.833713e-09	4.835424e-17
211	2.237925e-01	2.471979e-02	4.009630e-08	1.061828e-08	2.167744e-16	1.616390e-09	3.180667e-17
212	2.230388e-01	2.437484e-02	1.390903e-07	4.037695e-08	3.022727e-15	6.298701e-09	-1.376391e-16
213	2.243152e-01	2.493478e-02	1.427119e-07	4.178088e-08	3.225853e-15	6.594277e-09	-4.987723e-17
214	2.239055e-01	2.476588e-02	3.109016e-07	9.535115e-08	1.639413e-14	1.492266e-08	-8.708905e-16
215	2.219943e-01	2.391014e-02	1.324752e-07	4.064184e-08	2.982052e-15	6.284281e-09	2.240722e-17
216	2.233357e-01	2.449464e-02	1.370702e-07	4.215731e-08	3.203353e-15	6.597462e-09	9.126115e-17
217	2.236057e-01	2.463301e-02	3.688429e-08	1.062313e-08	2.090753e-16	1.607022e-09	2.248241e-17
218	2.230790e-01	2.438579e-02	3.147797e-07	9.266021e-08	1.581384e-14	1.442046e-08	-5.937327e-16
219	2.227120e-01	2.420691e-02	3.078176e-07	8.866356e-08	1.463888e-14	1.374524e-08	5.034155e-16
220	2.216891e-01	2.378297e-02	3.037570e-07	8.642544e-08	1.398321e-14	1.325392e-08	-7.469704e-16
221	2.227187e-01	2.421031e-02	1.438758e-07	3.963616e-08	2.992305e-15	6.166154e-09	7.188885e-17
222	2.226544e-01	2.421336e-02	1.311313e-07	3.983370e-08	2.877664e-15	6.194949e-09	8.496589e-17
223	2.221938e-01	2.401158e-02	1.367020e-07	3.931177e-08	2.878975e-15	6.082071e-09	1.287094e-16
224	2.212055e-01	2.356590e-02	1.461037e-07	3.876644e-08	2.885202e-15	5.656036e-09	-4.330765e-16
225	2.221738e-01	2.399346e-02	0.000000e+00	0.000000e+00	0.000000e+00	0.000000e+00	0.000000e+00
226	2.212055e-01	2.356590e-02	1.461037e-07	3.876644e-08	2.885202e-15	5.656036e-09	4.330765e-16
227	2.221938e-01	2.401158e-02	1.367020e-07	3.931177e-08	2.878975e-15	6.082071e-09	-1.287094e-16
228	2.226544e-01	2.421336e-02	1.311313e-07	3.983370e-08	2.877664e-15	6.194949e-09	-8.496589e-17
229	2.227187e-01	2.421031e-02	1.438758e-07	3.963616e-08	2.992305e-15	6.166154e-09	-7.188885e-17
230	2.217532e-01	2.380950e-02	1.387227e-07	3.856258e-08	2.820255e-15	5.950145e-09	3.554940e-17
231	2.227120e-01	2.420691e-02	3.078176e-07	8.866356e-08	1.463888e-14	1.374524e-08	-5.034155e-16
232	2.230790e-01	2.438579e-02	3.147797e-07	9.266021e-08	1.581384e-14	1.442046e-08	5.937327e-16
233	2.235125e-01	2.459102e-02	3.386535e-08	7.446242e-09	1.088588e-16	8.897828e-10	4.617006e-17
234	2.233357e-01	2.449464e-02	1.370702e-07	4.215731e-08	3.203353e-15	6.597462e-09	-9.126115e-17
235	2.219943e-01	2.391014e-02	1.324752e-07	4.064184e-08	2.982052e-15	6.284281e-09	-2.240722e-17
236	2.239055e-01	2.476588e-02	3.109016e-07	9.535115e-08	1.639413e-14	1.492266e-08	8.708905e-16
237	2.243152e-01	2.493478e-02	1.427119e-07	4.178088e-08	3.225853e-15	6.594277e-09	4.987723e-17
238	2.230388e-01	2.437484e-02	1.390903e-07	4.037695e-08	3.022727e-15	6.298701e-09	1.376391e-16
239	2.237925e-01	2.471979e-02	4.009630e-08	1.061828e-08	2.167744e-16	1.616390e-09	-3.180667e-17
240	2.241258e-01	2.485663e-02	1.339484e-07	4.334472e-08	3.302375e-15	6.833713e-09	-4.835424e-17
241	2.243752e-01	2.494411e-02	1.350975e-07	4.363839e-08	3.350500e-15	6.891901e-09	2.968136e-17
242	2.232552e-01	2.445523e-02	1.449031e-07	4.113194e-08	3.175463e-15	6.432206e-09	5.157486e-18
243	2.229208e-01	2.430057e-02	1.377682e-07	3.981818e-08	2.947021e-15	6.199817e-09	1.119815e-16
244	2.231033e-01	2.436979e-02	3.040258e-07	9.339030e-08	1.571136e-14	1.449555e-08	8.890693e-16
245	2.236135e-01	2.463249e-02	1.400010e-07	4.273348e-08	3.304208e-15	6.705001e-09	-8.700718e-17
246	2.233823e-01	2.451493e-02	1.336108e-07	4.135936e-08	3.074364e-15	6.474256e-09	3.373901e-17
247	2.227762e-01	2.423116e-02	3.125348e-07	9.052146e-08	1.521903e-14	1.404810e-08	-4.498505e-16
248	2.237152e-01	2.466434e-02	1.489940e-07	4.024014e-08	3.114673e-15	6.318462e-09	8.485092e-17
249	2.236906e-01	2.465221e-02	3.678895e-08	1.070340e-08	2.112748e-16	1.618642e-09	-2.177100e-17
250	2.230268e-01	2.434807e-02	3.031887e-07	9.129601e-08	1.516978e-14	1.417490e-08	-7.674325e-16
251	2.223773e-01	2.407035e-02	1.391480e-07	3.912978e-08	2.887149e-15	6.070486e-09	-3.409484e-17
252	2.221963e-01	2.400982e-02	1.393675e-07	3.893919e-08	2.867838e-15	6.033666e-09	6.349479e-17
253	2.233897e-01	2.453381e-02	4.130136e-08	9.790350e-09	1.912947e-16	1.436412e-09	-4.652016e-17
254	2.228682e-01	2.428294e-02	1.341215e-07	3.953949e-08	2.877555e-15	6.157980e-09	-1.018990e-16
255	2.231513e-01	2.441342e-02	1.335691e-07	4.295376e-08	3.249156e-15	6.703469e-09	1.686425e-16
256	2.230558e-01	2.437196e-02	1.499985e-07	3.781050e-08	2.845951e-15	5.895459e-09	-9.360458e-17
257	2.226715e-01	2.420543e-02	1.290681e-07	4.185123e-08	3.075847e-15	6.509391e-09	1.762874e-17
258	2.230919e-01	2.439846e-02	1.297500e-07	4.233837e-08	3.136661e-15	6.610180e-09	9.211105e-17
259	2.228462e-01	2.425704e-02	1.427362e-07	3.991357e-08	3.012616e-15	6.216309e-09	1.317886e-17
260	2.226274e-01	2.418417e-02	1.296119e-07	4.273830e-08	3.178424e-15	6.639862e-09	-1.251496e-16
261	2.236635e-01	2.465922e-02	1.278454e-07	4.189625e-08	3.065834e-15	6.578096e-09	4.953976e-17
262	2.232332e-01	2.447060e-02	1.420950e-07	3.916942e-08	2.921524e-15	6.126579e-09	-6.291614e-17
263	2.229021e-01	2.431996e-02	1.411011e-07	3.878368e-08	2.868648e-15	6.048230e-09	4.828953e-17
264	2.230364e-01	2.434122e-02	1.408768e-07	4.219131e-08	3.249646e-15	6.580642e-09	-1.426715e-16
265	2.237378e-01	2.466612e-02	1.389913e-07	4.069107e-08	3.059718e-15	6.385184e-09	5.127149e-17
266	2.224403e-01	2.410950e-02	1.368367e-07	3.932482e-08	2.880681e-15	6.097401e-09	1.523138e-16
267	2.226481e-01	2.418998e-02	1.369709e-07	3.982368e-08	2.935749e-15	6.188641e-09	-1.791676e-16
268	2.226879e-01	2.421092e-02	9.274632e-08	2.390798e-08	1.099661e-15	3.357905e-09	2.412075e-16
269	2.228560e-01	2.428058e-02	1.377165e-07	4.003378e-08	2.972515e-15	6.236252e-09	-1.895938e-17
270	2.258510e-01	2.568363e-02	1.611902e-07	5.022060e-08	4.518478e-15	8.048411e-09	-5.416195e-30
271	2.228560e-01	2.428058e-02	1.377165e-07	4.003378e-08	2.972515e-15	6.236252e-09	1.895938e-17
272	2.226900e-01	2.421156e-02	2.422539e-07	6.329481e-08	7.742275e-15	9.364452e-09	1.219184e-15
273	2.226481e-01	2.418998e-02	1.369709e-07	3.982368e-08	2.935749e-15	6.188641e-09	1.791676e-16
274	2.224403e-01	2.410950e-02	1.368367e-07	3.932482e-08	2.880681e-15	6.097401e-09	-1.523138e-16
275	2.237378e-01	2.466612e-02	1.389913e-07	4.069107e-08	3.059718e-15	6.385184e-09	-5.127149e-17
276	2.230364e-01	2.434122e-02	1.408768e-07	4.219131e-08	3.249646e-15	6.580642e-09	1.426715e-16
277	2.229021e-01	2.431996e-02	1.411011e-07	3.878368e-08	2.868648e-15	6.048230e-09	-4.828953e-17
278	2.232332e-01	2.447060e-02	1.420950e-07	3.916942e-08	2.921524e-15	6.126579e-09	6.291614e-17
279	2.236635e-01	2.465922e-02	1.278454e-07	4.189625e-08	3.065834e-15	6.578096e-09	-4.953976e-17
280	2.226274e-01	2.418417e-02	1.296119e-07	4.273830e-08	3.178424e-15	6.639862e-09	1.251496e-16
281	2.228462e-01	2.425704e-02	1.427362e-07	3.991357e-08	3.012616e-15	6.216309e-09	-1.317886e-17
282	2.228532e-01	2.429232e-02	2.060306e-07	5.910444e-08	6.411749e-15	8.567587e-09	-1.195383e-15
283	2.226715e-01	2.420543e-02	1.290681e-07	4.185123e-08	3.075847e-15	6.509391e-09	-1.762874e-17
284	2.230558e-01	2.437196e-02	1.499985e-07	3.781050e-08	2.845951e-15	5.895459e-09	9.360458e-17
285	2.231513e-01	2.441342e-02	1.335691e-07	4.295376e-08	3.249156e-15	6.703469e-09	-1.686425e-16
286	2.228682e-01	2.428294e-02	1.341215e-07	3.953949e-08	2.877555e-15	6.157980e-09	1.018990e-16
287	2.233897e-01	2.453381e-02	4.130136e-08	9.790350e-09	1.912947e-16	1.436412e-09	4.652016e-17
288	2.221963e-01	2.400982e-02	1.393675e-07	3.893919e-08	2.867838e-15	6.033666e-09	-6.349479e-17
289	2.223773e-01	2.407035e-02	1.391480e-07	3.912978e-08	2.887149e-15	6.070486e-09	3.409484e-17
290	2.230268e-01	2.434807e-02	3.031887e-07	9.129601e-08	1.516978e-14	1.417490e-08	7.674325e-16
291	2.236906e-01	2.465221e-02	3.678895e-08	1.070340e-08	2.112748e-16	1.618642e-09	2.177100e-17
292	2.237152e-01	2.466434e-02	1.489940e-07	4.024014e-08	3.114673e-15	6.318462e-09	-8.485092e-17
293	2.227762e-01	2.423116e-02	3.125348e-07	9.052146e-08	1.521903e-14	1.404810e-08	4.498505e-16
294	2.233823e-01	2.451493e-02	1.336108e-07	4.135936e-08	3.074364e-15	6.474256e-09	-3.373901e-17
295	2.236135e-01	2.463249e-02	1.400010e-07	4.273348e-08	3.304208e-15	6.705001e-09	8.700718e-17
296	2.231033e-01	2.436979e-02	3.040258e-07	9.339030e-08	1.571136e-14	1.449555e-08	-8.890693e-16
297	2.229208e-01	2.430057e-02	1.377682e-07	3.981818e-08	2.947021e-15	6.199817e-09	-1.119815e-16
298	2.232552e-01	2.445523e-02	1.449031e-07	4.113194e-08	3.175463e-15	6.432206e-09	-5.157486e-18
299	2.243752e-01	2.494411e-02	1.350975e-07	4.363839e-08	3.350500e-15	6.891901e-09	-2.968136e-17
300	2.241258e-01	2.485663e-02	1.339484e-07	4.334472e-08	3.302375e-15	6.833713e-09	4.835424e-17
301	2.237925e-01	2.471979e-02	4.009630e-08	1.061828e-08	2.167744e-16	1.616390e-09	3.180667e-17
302	2.230388e-01	2.437484e-02	1.390903e-07	4.037695e-08	3.022727e-15	6.298701e-09	-1.376391e-16
303	2.243152e-01	2.493478e-02	1.427119e-07	4.178088e-08	3.225853e-15	6.594277e-09	-4.987723e-17
304	2.239055e-01	2.476588e-02	3.109016e-07	9.535115e-08	1.639413e-14	1.492266e-08	-8.708905e-16
305	2.219943e-01	2.391014e-02	1.324752e-07	4.064184e-08	2.982052e-15	6.284281e-09	2.240722e-17
306	2.233357e-01	2.449464e-02	1.370702e-07	4.215731e-08	3.203353e-15	6.597462e-09	9.126115e-17
307	2.235125e-01	2.459102e-02	3.386535e-08	7.446242e-09	1.088588e-16	8.897828e-10	-4.617006e-17
308	2.230790e-01	2.438579e-02	3.147797e-07	9.266021e-08	1.581384e-14	1.442046e-08	-5.937327e-16
309	2.227120e-01	2.420691e-02	3.078176e-07	8.866356e-08	1.463888e-14	1.374524e-08	5.034155e-16
310	2.217532e-01	2.380950e-02	1.387227e-07	3.856258e-08	2.820255e-15	5.950145e-09	-3.554940e-17
311	2.227187e-01	2.421031e-02	1.438758e-07	3.963616e-08	2.992305e-15	6.166154e-09	7.188885e-17
312	2.226544e-01	2.421336e-02	1.311313e-07	3.983370e-08	2.877664e-15	6.194949e-09	8.496589e-17
313	2.221938e-01	2.401158e-02	1.367020e-07	3.931177e-08	2.878975e-15	6.082071e-09	1.287094e-16
314	2.212055e-01	2.356590e-02	1.461037e-07	3.876644e-08	2.885202e-15	5.656036e-09	-4.330765e-16
315	2.221738e-01	2.399346e-02	0.000000e+00	0.000000e+00	0.000000e+00	0.000000e+00	0.000000e+00
316	2.212055e-01	2.356590e-02	1.461037e-07	3.876644e-08	2.885202e-15	5.656036e-09	4.330765e-16
317	2.221938e-01	2.401158e-02	1.367020e-07	3.931177e-08	2.878975e-15	6.082071e-09	-1.287094e-16
318	2.226544e-01	2.421336e-02	1.311313e-07	3.983370e-08	2.877664e-15	6.194949e-09	-8.496589e-17
319	2.227187e-01	2.421031e-02	1.438758e-07	3.963616e-08	2.992305e-15	6.166154e-09	-7.188885e-17
320	2.216891e-01	2.378297e-02	3.037570e-07	8.642544e-08	1.398321e-14	1.325392e-08	7.469704e-16
321	2.227120e-01	2.420691e-02	3.078176e-07	8.866356e-08	1.463888e-14	1.374524e-08	-5.034155e-16
322	2.230790e-01	2.438579e-02	3.147797e-07	9.266021e-08	1.581384e-14	1.442046e-08	5.937327e-16
323	2.236057e-01	2.463301e-02	3.688429e-08	1.062313e-08	2.090753e-16	1.607022e-09	-2.248241e-17
324	2.233357e-01	2.449464e-02	1.370702e-07	4.215731e-08	3.203353e-15	6.597462e-09	-9.126115e-17
325	2.219943e-01	2.391014e-02	1.324752e-07	4.064184e-08	2.982052e-15	6.284281e-09	-2.240722e-17
326	2.239055e-01	2.476588e-02	3.109016e-07	9.535115e-08	1.639413e-14	1.492266e-08	8.708905e-16
327	2.243152e-01	2.493478e-02	1.427119e-07	4.178088e-08	3.225853e-15	6.594277e-09	4.987723e-17
328	2.230388e-01	2.437484e-02	1.390903e-07	4.037695e-08	3.022727e-15	6.298701e-09	1.376391e-16
329	2.237925e-01	2.471979e-02	4.009630e-08	1.061828e-08	2.167744e-16	1.616390e-09	-3.180667e-17
330	2.241258e-01	2.485663e-02	1.339484e-07	4.334472e-08	3.302375e-15	6.833713e-09	-4.835424e-17
331	2.243752e-01	2.494411e-02	1.350975e-07	4.363839e-08	3.350500e-15	6.891901e-09	2.968136e-17
332	2.232552e-01	2.445523e-02	1.449031e-07	4.113194e-08	3.175463e-15	6.432206e-09	5.157486e-18
333	2.229208e-01	2.430057e-02	1.377682e-07	3.981818e-08	2.947021e-15	6.199817e-09	1.119815e-16
334	2.231033e-01	2.436979e-02	3.040258e-07	9.339030e-08	1.571136e-14	1.449555e-08	8.890693e-16
335	2.236135e-01	2.463249e-02	1.400010e-07	4.273348e-08	3.304208e-15	6.705001e-09	-8.700718e-17
336	2.233823e-01	2.451493e-02	1.336108e-07	4.135936e-08	3.074364e-15	6.474256e-09	3.373901e-17
337	2.227762e-01	2.423116e-02	3.125348e-07	9.052146e-08	1.521903e-14	1.404810e-08	-4.498505e-16
338	2.237152e-01	2.466434e-02	1.489940e-07	4.024014e-08	3.114673e-15	6.318462e-09	8.485092e-17
339	2.236906e-01	2.465221e-02	3.678895e-08	1.070340e-08	2.112748e-16	1.618642e-09	-2.177100e-17
340	2.230268e-01	2.434807e-02	3.031887e-07	9.129601e-08	1.516978e-14	1.417490e-08	-7.674325e-16
341	2.223773e-01	2.407035e-02	1.391480e-07	3.912978e-08	2.887149e-15	6.070486e-09	-3.409484e-17
342	2.221963e-01	2.400982e-02	1.393675e-07	3.893919e-08	2.867838e-15	6.033666e-09	6.349479e-17
343	2.233897e-01	2.453381e-02	4.130136e-08	9.790350e-09	1.912947e-16	1.436412e-09	-4.652016e-17
344	2.228682e-01	2.428294e-02	1.341215e-07	3.953949e-08	2.877555e-15	6.157980e-09	-1.018990e-16
345	2.231513e-01	2.441342e-02	1.335691e-07	4.295376e-08	3.249156e-15	6.703469e-09	1.686425e-16
346	2.230558e-01	2.437196e-02	1.499985e-07	3.781050e-08	2.845951e-15	5.895459e-09	-9.360458e-17
347	2.226715e-01	2.420543e-02	1.290681e-07	4.185123e-08	3.075847e-15	6.509391e-09	1.762874e-17
348	2.230919e-01	2.439846e-02	1.297500e-07	4.233837e-08	3.136661e-15	6.610180e-09	9.211105e-17
349	2.228462e-01	2.425704e-02	1.427362e-07	3.991357e-08	3.012616e-15	6.216309e-09	1.317886e-17
350	2.226274e-01	2.418417e-02	1.296119e-07	4.273830e-08	3.178424e-15	6.639862e-09	-1.251496e-16
351	2.236635e-01	2.465922e-02	1.278454e-07	4.189625e-08	3.065834e-15	6.578096e-09	4.953976e-17
352	2.232332e-01	2.447060e-02	1.420950e-07	3.916942e-08	2.921524e-15	6.126579e-09	-6.291614e-17
353	2.229021e-01	2.431996e-02	1.411011e-07	3.878368e-08	2.868648e-15	6.048230e-09	4.828953e-17
354	2.230364e-01	2.434122e-02	1.408768e-07	4.219131e-08	3.249646e-15	6.580642e-09	-1.426715e-16
355	2.237378e-01	2.466612e-02	1.389913e-07	4.069107e-08	3.059718e-15	6.385184e-09	5.127149e-17
356	2.224403e-01	2.410950e-02	1.368367e-07	3.932482e-08	2.880681e-15	6.097401e-09	1.523138e-16
357	2.226481e-01	2.418998e-02	1.369709e-07	3.982368e-08	2.935749e-15	6.188641e-09	-1.791676e-16
358	2.225072e-01	2.412923e-02	1.375187e-07	3.966459e-08	2.929229e-15	6.159159e-09	-3.552228e-17
359	2.228560e-01	2.428058e-02	1.377165e-07	4.003378e-08	2.972515e-15	6.236252e-09	-1.895938e-17
