0	2.222222e-01	4.938272e-02	0.000000e+00	0.000000e+00	0.000000e+00	0.000000e+00	0.000000e+00
1	1.875000e-01	1.562500e-02	0.000000e+00	0.000000e+00	0.000000e+00	0.000000e+00	0.000000e+00
2	1.875000e-01	1.562500e-02	0.000000e+00	0.000000e+00	0.000000e+00	0.000000e+00	0.000000e+00
3	1.875000e-01	1.562500e-02	0.000000e+00	0.000000e+00	0.000000e+00	0.000000e+00	0.000000e+00
4	1.875000e-01	1.562500e-02	0.000000e+00	0.000000e+00	0.000000e+00	0.000000e+00	0.000000e+00
5	1.875000e-01	1.562500e-02	0.000000e+00	0.000000e+00	0.000000e+00	0.000000e+00	0.000000e+00
6	2.109375e-01	1.910400e-02	1.459122e-03	2.994537e-04	1.175540e-07	7.137656e-06	1.592562e-07
7	2.565598e-01	3.916735e-02	1.289104e-03	6.285436e-04	5.481200e-07	1.122069e-04	1.402522e-07
8	1.875000e-01	1.562500e-02	0.000000e+00	0.000000e+00	0.000000e+00	0.000000e+00	0.000000e+00
9	1.875000e-01	1.562500e-02	0.000000e+00	0.000000e+00	0.000000e+00	0.000000e+00	0.000000e+00
10	1.875000e-01	1.562500e-02	0.000000e+00	0.000000e+00	0.000000e+00	0.000000e+00	0.000000e+00
11	1.875000e-01	1.562500e-02	0.000000e+00	0.000000e+00	0.000000e+00	0.000000e+00	0.000000e+00
12	1.865889e-01	1.482376e-02	7.582965e-04	1.365925e-04	4.054616e-08	1.313866e-05	1.698556e-08
13	2.099125e-01	1.740771e-02	2.899369e-04	9.565440e-05	1.372354e-08	9.996758e-06	8.088363e-09
14	2.324219e-01	2.423477e-02	6.611645e-04	8.514524e-05	-6.559204e-09	-6.924442e-06	1.910757e-08
15	2.030178e-01	1.418784e-02	1.064089e-03	1.564244e-04	-7.219738e-09	-3.677816e-06	-6.340866e-08
16	1.865889e-01	1.482376e-02	7.582965e-04	1.365925e-04	4.054616e-08	1.313866e-05	1.698556e-08
17	1.875000e-01	1.562500e-02	0.000000e+00	0.000000e+00	0.000000e+00	0.000000e+00	0.000000e+00
18	2.109375e-01	1.910400e-02	1.459122e-03	2.994537e-04	1.175540e-07	7.137656e-06	1.592562e-07
19	2.109375e-01	1.910400e-02	1.459122e-03	2.994537e-04	1.175540e-07	7.137656e-06	1.592562e-07
20	2.187500e-01	2.441406e-02	0.000000e+00	0.000000e+00	0.000000e+00	0.000000e+00	0.000000e+00
21	2.187500e-01	2.441406e-02	0.000000e+00	0.000000e+00	0.000000e+00	0.000000e+00	0.000000e+00
22	2.109375e-01	1.910400e-02	1.459122e-03	2.994537e-04	1.175540e-07	7.137656e-06	1.592562e-07
23	1.898148e-01	1.339592e-02	8.255855e-04	2.159224e-04	7.469275e-08	1.787593e-05	5.226879e-08
24	1.690962e-01	3.603941e-03	1.304716e-03	8.073628e-05	9.111678e-09	-1.896066e-06	2.456840e-08
25	1.992188e-01	1.283264e-02	2.843142e-03	1.499653e-04	-6.078551e-09	1.778826e-07	-9.773430e-08
26	2.215743e-01	2.624757e-02	1.364934e-03	1.159748e-04	-3.049442e-08	-1.639616e-05	3.462975e-08
27	1.865569e-01	1.204273e-02	3.729798e-04	2.730883e-05	-2.756114e-09	-2.996854e-06	1.043106e-21
28	2.187500e-01	2.441406e-02	0.000000e+00	0.000000e+00	0.000000e+00	0.000000e+00	0.000000e+00
29	2.187500e-01	2.441406e-02	0.000000e+00	0.000000e+00	0.000000e+00	0.000000e+00	0.000000e+00
30	1.865569e-01	1.204273e-02	3.729798e-04	2.730883e-05	-2.756114e-09	-2.996854e-06	4.979972e-22
31	1.933594e-01	1.541519e-02	7.845461e-04	1.322329e-04	3.571403e-08	9.374635e-06	-2.320576e-08
32	2.304688e-01	2.088928e-02	2.413988e-03	2.167225e-04	-1.133353e-07	-2.703164e-05	-1.082935e-07
33	2.304688e-01	2.088928e-02	2.413988e-03	2.167225e-04	-1.133353e-07	-2.703164e-05	-1.082935e-07
34	2.167969e-01	2.063370e-02	1.508743e-03	2.041161e-04	1.105716e-07	2.835965e-05	2.458705e-08
35	1.975309e-01	1.524158e-02	9.408382e-05	3.763353e-06	-7.081412e-11	4.646115e-07	4.824137e-24
36	1.933594e-01	1.541519e-02	7.845461e-04	1.322329e-04	3.571403e-08	9.374635e-06	-2.320576e-08
37	2.099125e-01	1.740771e-02	2.899369e-04	9.565440e-05	1.372354e-08	9.996758e-06	8.088363e-09
38	1.898148e-01	1.339592e-02	8.255855e-04	2.159224e-04	7.469275e-08	1.787593e-05	5.226879e-08
39	1.632653e-01	6.663890e-03	0.000000e+00	0.000000e+00	0.000000e+00	0.000000e+00	0.000000e+00
40	1.632653e-01	6.663890e-03	0.000000e+00	0.000000e+00	0.000000e+00	0.000000e+00	0.000000e+00
41	1.898148e-01	1.339592e-02	8.255855e-04	2.159224e-04	7.469275e-08	1.787593e-05	5.226879e-08
42	2.314815e-01	2.477709e-02	3.054666e-03	1.587664e-04	7.795954e-08	1.787593e-05	7.840318e-08
43	1.875000e-01	8.789063e-03	0.000000e+00	0.000000e+00	0.000000e+00	0.000000e+00	0.000000e+00
44	1.975309e-01	1.524158e-02	9.408382e-05	3.763353e-06	-7.081412e-11	4.646115e-07	-3.942853e-24
45	1.975309e-01	1.524158e-02	9.408382e-05	3.763353e-06	-7.081412e-11	4.646115e-07	-3.942853e-24
46	2.638889e-01	5.111883e-02	0.000000e+00	0.000000e+00	0.000000e+00	0.000000e+00	0.000000e+00
47	1.933594e-01	1.541519e-02	7.845461e-04	1.322329e-04	3.571403e-08	9.374635e-06	2.320576e-08
48	1.975309e-01	1.524158e-02	9.408382e-05	3.763353e-06	-7.081412e-11	4.646115e-07	4.824137e-24
49	1.975309e-01	1.524158e-02	9.408382e-05	3.763353e-06	-7.081412e-11	4.646115e-07	4.824137e-24
50	2.167969e-01	2.063370e-02	1.508743e-03	2.041161e-04	1.105716e-07	2.835965e-05	-2.458705e-08
51	2.304688e-01	2.088928e-02	2.413988e-03	2.167225e-04	-1.133353e-07	-2.703164e-05	1.082935e-07
52	1.933594e-01	1.541519e-02	7.845461e-04	1.322329e-04	3.571403e-08	9.374635e-06	-2.320576e-08
53	1.632653e-01	6.663890e-03	0.000000e+00	0.000000e+00	0.000000e+00	0.000000e+00	0.000000e+00
54	1.933594e-01	1.541519e-02	7.845461e-04	1.322329e-04	3.571403e-08	9.374635e-06	-2.320576e-08
55	2.304688e-01	2.088928e-02	2.413988e-03	2.167225e-04	-1.133353e-07	-2.703164e-05	1.082935e-07
56	2.167969e-01	2.063370e-02	1.508743e-03	2.041161e-04	1.105716e-07	2.835965e-05	-2.458705e-08
57	2.167969e-01	2.063370e-02	1.508743e-03	2.041161e-04	1.105716e-07	2.835965e-05	-2.458705e-08
58	1.933594e-01	1.541519e-02	7.845461e-04	1.322329e-04	3.571403e-08	9.374635e-06	2.320576e-08
59	1.865569e-01	1.204273e-02	3.729798e-04	2.730883e-05	-2.756114e-09	-2.996854e-06	1.561055e-22
60	2.099125e-01	1.740771e-02	2.899369e-04	9.565440e-05	1.372354e-08	9.996758e-06	-8.088363e-09
61	1.777344e-01	7.663727e-03	8.717179e-05	1.469254e-05	4.409140e-10	-7.525668e-07	-2.864908e-10
62	2.167969e-01	2.063370e-02	1.508743e-03	2.041161e-04	1.105716e-07	2.835965e-05	-2.458705e-08
63	2.215743e-01	2.624757e-02	1.364934e-03	1.159748e-04	-3.049442e-08	-1.639616e-05	-3.462975e-08
64	1.865569e-01	1.204273e-02	3.729798e-04	2.730883e-05	-2.756114e-09	-2.996854e-06	2.156558e-22
65	2.187500e-01	2.441406e-02	0.000000e+00	0.000000e+00	0.000000e+00	0.000000e+00	0.000000e+00
66	2.187500e-01	2.441406e-02	0.000000e+00	0.000000e+00	0.000000e+00	0.000000e+00	0.000000e+00
67	1.865569e-01	1.204273e-02	3.729798e-04	2.730883e-05	-2.756114e-09	-2.996854e-06	-3.596749e-22
68	2.109375e-01	1.910400e-02	1.459122e-03	2.994537e-04	1.175540e-07	7.137656e-06	-1.592562e-07
69	2.109375e-01	1.910400e-02	1.459122e-03	2.994537e-04	1.175540e-07	7.137656e-06	-1.592562e-07
70	2.109375e-01	1.910400e-02	1.459122e-03	2.994537e-04	1.175540e-07	7.137656e-06	-1.592562e-07
71	2.187500e-01	2.441406e-02	0.000000e+00	0.000000e+00	0.000000e+00	0.000000e+00	0.000000e+00
72	2.187500e-01	2.441406e-02	0.000000e+00	0.000000e+00	0.000000e+00	0.000000e+00	0.000000e+00
73	2.109375e-01	1.910400e-02	1.459122e-03	2.994537e-04	1.175540e-07	7.137656e-06	-1.592562e-07
74	2.109375e-01	1.910400e-02	1.459122e-03	2.994537e-04	1.175540e-07	7.137656e-06	-1.592562e-07
75	1.875000e-01	1.562500e-02	0.000000e+00	0.000000e+00	0.000000e+00	0.000000e+00	0.000000e+00
76	2.109375e-01	1.910400e-02	1.459122e-03	2.994537e-04	1.175540e-07	7.137656e-06	-1.592562e-07
77	1.865569e-01	1.204273e-02	3.729798e-04	2.730883e-05	-2.756114e-09	-2.996854e-06	2.011655e-22
78	2.187500e-01	2.441406e-02	0.000000e+00	0.000000e+00	0.000000e+00	0.000000e+00	0.000000e+00
79	2.109375e-01	1.910400e-02	1.459122e-03	2.994537e-04	1.175540e-07	7.137656e-06	-1.592562e-07
80	1.875000e-01	1.562500e-02	0.000000e+00	0.000000e+00	0.000000e+00	0.000000e+00	0.000000e+00
81	1.875000e-01	1.562500e-02	0.000000e+00	0.000000e+00	0.000000e+00	0.000000e+00	0.000000e+00
82	1.875000e-01	1.562500e-02	0.000000e+00	0.000000e+00	0.000000e+00	0.000000e+00	0.000000e+00
83	2.109375e-01	1.910400e-02	1.459122e-03	2.994537e-04	1.175540e-07	7.137656e-06	-1.592562e-07
84	2.187500e-01	2.441406e-02	0.000000e+00	0.000000e+00	0.000000e+00	0.000000e+00	0.000000e+00
85	1.875000e-01	1.562500e-02	0.000000e+00	0.000000e+00	0.000000e+00	0.000000e+00	0.000000e+00
86	1.875000e-01	1.562500e-02	0.000000e+00	0.000000e+00	0.000000e+00	0.000000e+00	0.000000e+00
87	1.875000e-01	1.562500e-02	0.000000e+00	0.000000e+00	0.000000e+00	0.000000e+00	0.000000e+00
88	1.875000e-01	1.562500e-02	0.000000e+00	0.000000e+00	0.000000e+00	0.000000e+00	0.000000e+00
89	1.875000e-01	1.562500e-02	0.000000e+00	0.000000e+00	0.000000e+00	0.000000e+00	0.000000e+00
90	2.222222e-01	4.938272e-02	0.000000e+00	0.000000e+00	0.000000e+00	0.000000e+00	0.000000e+00
91	1.875000e-01	1.562500e-02	0.000000e+00	0.000000e+00	0.000000e+00	0.000000e+00	0.000000e+00
92	1.875000e-01	1.562500e-02	0.000000e+00	0.000000e+00	0.000000e+00	0.000000e+00	0.000000e+00
93	1.875000e-01	1.562500e-02	0.000000e+00	0.000000e+00	0.000000e+00	0.000000e+00	0.000000e+00
94	1.875000e-01	1.562500e-02	0.000000e+00	0.000000e+00	0.000000e+00	0.000000e+00	0.000000e+00
95	1.875000e-01	1.562500e-02	0.000000e+00	0.000000e+00	0.000000e+00	0.000000e+00	0.000000e+00
96	2.109375e-01	1.910400e-02	1.459122e-03	2.994537e-04	1.175540e-07	7.137656e-06	1.592562e-07
97	2.565598e-01	3.916735e-02	1.289104e-03	6.285436e-04	5.481200e-07	1.122069e-04	1.402522e-07
98	1.875000e-01	1.562500e-02	0.000000e+00	0.000000e+00	0.000000e+00	0.000000e+00	0.000000e+00
99	1.875000e-01	1.562500e-02	0.000000e+00	0.000000e+00	0.000000e+00	0.000000e+00	0.000000e+00
100	1.875000e-01	1.562500e-02	0.000000e+00	0.000000e+00	0.000000e+00	0.000000e+00	0.000000e+00
101	1.875000e-01	1.562500e-02	0.000000e+00	0.000000e+00	0.000000e+00	0.000000e+00	0.000000e+00
102	1.865889e-01	1.482376e-02	7.582965e-04	1.365925e-04	4.054616e-08	1.313866e-05	1.698556e-08
103	2.099125e-01	1.740771e-02	2.899369e-04	9.565440e-05	1.372354e-08	9.996758e-06	8.088363e-09
104	2.324219e-01	2.423477e-02	6.611645e-04	8.514524e-05	-6.559204e-09	-6.924442e-06	1.910757e-08
105	2.030178e-01	1.418784e-02	1.064089e-03	1.564244e-04	-7.219738e-09	-3.677816e-06	-6.340866e-08
106	1.865889e-01	1.482376e-02	7.582965e-04	1.365925e-04	4.054616e-08	1.313866e-05	1.698556e-08
107	1.875000e-01	1.562500e-02	0.000000e+00	0.000000e+00	0.000000e+00	0.000000e+00	0.000000e+00
108	2.109375e-01	1.910400e-02	1.459122e-03	2.994537e-04	1.175540e-07	7.137656e-06	1.592562e-07
109	2.109375e-01	1.910400e-02	1.459122e-03	2.994537e-04	1.175540e-07	7.137656e-06	1.592562e-07
110	2.187500e-01	2.441406e-02	0.000000e+00	0.000000e+00	0.000000e+00	0.000000e+00	0.000000e+00
111	2.187500e-01	2.441406e-02	0.000000e+00	0.000000e+00	0.000000e+00	0.000000e+00	0.000000e+00
112	2.109375e-01	1.910400e-02	1.459122e-03	2.994537e-04	1.175540e-07	7.137656e-06	1.592562e-07
113	1.898148e-01	1.339592e-02	8.255855e-04	2.159224e-04	7.469275e-08	1.787593e-05	5.226879e-08
114	1.690962e-01	3.603941e-03	1.304716e-03	8.073628e-05	9.111678e-09	-1.896066e-06	2.456840e-08
115	1.992188e-01	1.283264e-02	2.843142e-03	1.499653e-04	-6.078551e-09	1.778826e-07	-9.773430e-08
116	2.215743e-01	2.624757e-02	1.364934e-03	1.159748e-04	-3.049442e-08	-1.639616e-05	3.462975e-08
117	1.865569e-01	1.204273e-02	3.729798e-04	2.730883e-05	-2.756114e-09	-2.996854e-06	6.076244e-22
118	2.187500e-01	2.441406e-02	0.000000e+00	0.000000e+00	0.000000e+00	0.000000e+00	0.000000e+00
119	2.187500e-01	2.441406e-02	0.000000e+00	0.000000e+00	0.000000e+00	0.000000e+00	0.000000e+00
120	1.865569e-01	1.204273e-02	3.729798e-04	2.730883e-05	-2.756114e-09	-2.996854e-06	3.506917e-22
121	1.933594e-01	1.541519e-02	7.845461e-04	1.322329e-04	3.571403e-08	9.374635e-06	-2.320576e-08
122	2.304688e-01	2.088928e-02	2.413988e-03	2.167225e-04	-1.133353e-07	-2.703164e-05	-1.082935e-07
123	2.304688e-01	2.088928e-02	2.413988e-03	2.167225e-04	-1.133353e-07	-2.703164e-05	-1.082935e-07
124	2.167969e-01	2.063370e-02	1.508743e-03	2.041161e-04	1.105716e-07	2.835965e-05	2.458705e-08
125	1.975309e-01	1.524158e-02	9.408382e-05	3.763353e-06	-7.081412e-11	4.646115e-07	-1.352294e-22
126	1.933594e-01	1.541519e-02	7.845461e-04	1.322329e-04	3.571403e-08	9.374635e-06	-2.320576e-08
127	2.099125e-01	1.740771e-02	2.899369e-04	9.565440e-05	1.372354e-08	9.996758e-06	8.088363e-09
128	1.898148e-01	1.339592e-02	8.255855e-04	2.159224e-04	7.469275e-08	1.787593e-05	5.226879e-08
129	1.632653e-01	6.663890e-03	0.000000e+00	0.000000e+00	0.000000e+00	0.000000e+00	0.000000e+00
130	1.632653e-01	6.663890e-03	0.000000e+00	0.000000e+00	0.000000e+00	0.000000e+00	0.000000e+00
131	1.898148e-01	1.339592e-02	8.255855e-04	2.159224e-04	7.469275e-08	1.787593e-05	5.226879e-08
132	2.314815e-01	2.477709e-02	3.054666e-03	1.587664e-04	7.795954e-08	1.787593e-05	7.840318e-08
133	1.875000e-01	8.789063e-03	0.000000e+00	0.000000e+00	0.000000e+00	0.000000e+00	0.000000e+00
134	1.975309e-01	1.524158e-02	9.408382e-05	3.763353e-06	-7.081412e-11	4.646115e-07	-1.661905e-23
135	1.975309e-01	1.524158e-02	9.408382e-05	3.763353e-06	-7.081412e-11	4.646115e-07	-1.661905e-23
136	2.638889e-01	5.111883e-02	0.000000e+00	0.000000e+00	0.000000e+00	-0.000000e+00	0.000000e+00
137	1.933594e-01	1.541519e-02	7.845461e-04	1.322329e-04	3.571403e-08	9.374635e-06	2.320576e-08
138	1.975309e-01	1.524158e-02	9.408382e-05	3.763353e-06	-7.081412e-11	4.646115e-07	-1.352294e-22
139	1.975309e-01	1.524158e-02	9.408382e-05	3.763353e-06	-7.081412e-11	4.646115e-07	-1.352294e-22
140	2.167969e-01	2.063370e-02	1.508743e-03	2.041161e-04	1.105716e-07	2.835965e-05	-2.458705e-08
141	2.304688e-01	2.088928e-02	2.413988e-03	2.167225e-04	-1.133353e-07	-2.703164e-05	1.082935e-07
142	1.933594e-01	1.541519e-02	7.845461e-04	1.322329e-04	3.571403e-08	9.374635e-06	-2.320576e-08
143	1.632653e-01	6.663890e-03	0.000000e+00	0.000000e+00	0.000000e+00	0.000000e+00	0.000000e+00
144	1.933594e-01	1.541519e-02	7.845461e-04	1.322329e-04	3.571403e-08	9.374635e-06	-2.320576e-08
145	2.304688e-01	2.088928e-02	2.413988e-03	2.167225e-04	-1.133353e-07	-2.703164e-05	1.082935e-07
146	2.167969e-01	2.063370e-02	1.508743e-03	2.041161e-04	1.105716e-07	2.835965e-05	-2.458705e-08
147	2.167969e-01	2.063370e-02	1.508743e-03	2.041161e-04	1.105716e-07	2.835965e-05	-2.458705e-08
148	1.933594e-01	1.541519e-02	7.845461e-04	1.322329e-04	3.571403e-08	9.374635e-06	2.320576e-08
149	1.865569e-01	1.204273e-02	3.729798e-04	2.730883e-05	-2.756114e-09	-2.996854e-06	1.069482e-21
150	2.099125e-01	1.740771e-02	2.899369e-04	9.565440e-05	1.372354e-08	9.996758e-06	-8.088363e-09
151	1.777344e-01	7.663727e-03	8.717179e-05	1.469254e-05	4.409140e-10	-7.525668e-07	-2.864908e-10
152	2.167969e-01	2.063370e-02	1.508743e-03	2.041161e-04	1.105716e-07	2.835965e-05	-2.458705e-08
153	2.215743e-01	2.624757e-02	1.364934e-03	1.159748e-04	-3.049442e-08	-1.639616e-05	-3.462975e-08
154	1.865569e-01	1.204273e-02	3.729798e-04	2.730883e-05	-2.756114e-09	-2.996854e-06	1.002605e-21
155	2.187500e-01	2.441406e-02	0.000000e+00	0.000000e+00	0.000000e+00	-0.000000e+00	0.000000e+00
156	2.187500e-01	2.441406e-02	0.000000e+00	0.000000e+00	0.000000e+00	-0.000000e+00	0.000000e+00
157	1.865569e-01	1.204273e-02	3.729798e-04	2.730883e-05	-2.756114e-09	-2.996854e-06	-1.894572e-22
158	2.109375e-01	1.910400e-02	1.459122e-03	2.994537e-04	1.175540e-07	7.137656e-06	-1.592562e-07
159	2.109375e-01	1.910400e-02	1.459122e-03	2.994537e-04	1.175540e-07	7.137656e-06	-1.592562e-07
160	2.109375e-01	1.910400e-02	1.459122e-03	2.994537e-04	1.175540e-07	7.137656e-06	-1.592562e-07
161	2.187500e-01	2.441406e-02	0.000000e+00	0.000000e+00	0.000000e+00	-0.000000e+00	0.000000e+00
162	2.187500e-01	2.441406e-02	0.000000e+00	0.000000e+00	0.000000e+00	-0.000000e+00	0.000000e+00
163	2.109375e-01	1.910400e-02	1.459122e-03	2.994537e-04	1.175540e-07	7.137656e-06	-1.592562e-07
164	2.109375e-01	1.910400e-02	1.459122e-03	2.994537e-04	1.175540e-07	7.137656e-06	-1.592562e-07
165	1.875000e-01	1.562500e-02	0.000000e+00	0.000000e+00	0.000000e+00	0.000000e+00	0.000000e+00
166	2.109375e-01	1.910400e-02	1.459122e-03	2.994537e-04	1.175540e-07	7.137656e-06	-1.592562e-07
167	1.865569e-01	1.204273e-02	3.729798e-04	2.730883e-05	-2.756114e-09	-2.996854e-06	1.002605e-21
168	2.187500e-01	2.441406e-02	0.000000e+00	0.000000e+00	0.000000e+00	-0.000000e+00	0.000000e+00
169	2.109375e-01	1.910400e-02	1.459122e-03	2.994537e-04	1.175540e-07	7.137656e-06	-1.592562e-07
170	1.875000e-01	1.562500e-02	0.000000e+00	0.000000e+00	0.000000e+00	0.000000e+00	0.000000e+00
171	1.875000e-01	1.562500e-02	0.000000e+00	0.000000e+00	0.000000e+00	0.000000e+00	0.000000e+00
172	1.875000e-01	1.562500e-02	0.000000e+00	0.000000e+00	0.000000e+00	0.000000e+00	0.000000e+00
173	2.109375e-01	1.910400e-02	1.459122e-03	2.994537e-04	1.175540e-07	7.137656e-06	-1.592562e-07
174	2.187500e-01	2.441406e-02	0.000000e+00	0.000000e+00	0.000000e+00	-0.000000e+00	0.000000e+00
175	1.875000e-01	1.562500e-02	0.000000e+00	0.000000e+00	0.000000e+00	0.000000e+00	0.000000e+00
176	1.875000e-01	1.562500e-02	0.000000e+00	0.000000e+00	0.000000e+00	0.000000e+00	0.000000e+00
177	1.875000e-01	1.562500e-02	0.000000e+00	0.000000e+00	0.000000e+00	0.000000e+00	0.000000e+00
178	1.875000e-01	1.562500e-02	0.000000e+00	0.000000e+00	0.000000e+00	0.000000e+00	0.000000e+00
179	1.875000e-01	1.562500e-02	0.000000e+00	0.000000e+00	0.000000e+00	0.000000e+00	0.000000e+00
180	2.222222e-01	4.938272e-02	0.000000e+00	0.000000e+00	0.000000e+00	0.000000e+00	0.000000e+00
181	1.875000e-01	1.562500e-02	0.000000e+00	0.000000e+00	0.000000e+00	0.000000e+00	0.000000e+00
182	1.875000e-01	1.562500e-02	0.000000e+00	0.000000e+00	0.000000e+00	0.000000e+00	0.000000e+00
183	1.875000e-01	1.562500e-02	0.000000e+00	0.000000e+00	0.000000e+00	0.000000e+00	0.000000e+00
184	1.875000e-01	1.562500e-02	0.000000e+00	0.000000e+00	0.000000e+00	0.000000e+00	0.000000e+00
185	1.875000e-01	1.562500e-02	0.000000e+00	0.000000e+00	0.000000e+00	0.000000e+00	0.000000e+00
186	2.109375e-01	1.910400e-02	1.459122e-03	2.994537e-04	1.175540e-07	7.137656e-06	1.592562e-07
187	2.565598e-01	3.916735e-02	1.289104e-03	6.285436e-04	5.481200e-07	1.122069e-04	1.402522e-07
188	1.875000e-01	1.562500e-02	0.000000e+00	0.000000e+00	0.000000e+00	0.000000e+00	0.000000e+00
189	1.875000e-01	1.562500e-02	0.000000e+00	0.000000e+00	0.000000e+00	0.000000e+00	0.000000e+00
190	1.875000e-01	1.562500e-02	0.000000e+00	0.000000e+00	0.000000e+00	0.000000e+00	0.000000e+00
191	1.875000e-01	1.562500e-02	0.000000e+00	0.000000e+00	0.000000e+00	0.000000e+00	0.000000e+00
192	1.865889e-01	1.482376e-02	7.582965e-04	1.365925e-04	4.054616e-08	1.313866e-05	1.698556e-08
193	2.099125e-01	1.740771e-02	2.899369e-04	9.565440e-05	1.372354e-08	9.996758e-06	8.088363e-09
194	2.324219e-01	2.423477e-02	6.611645e-04	8.514524e-05	-6.559204e-09	-6.924442e-06	1.910757e-08
195	2.030178e-01	1.418784e-02	1.064089e-03	1.564244e-04	-7.219738e-09	-3.677816e-06	-6.340866e-08
196	1.865889e-01	1.482376e-02	7.582965e-04	1.365925e-04	4.054616e-08	1.313866e-05	1.698556e-08
197	1.875000e-01	1.562500e-02	0.000000e+00	0.000000e+00	0.000000e+00	0.000000e+00	0.000000e+00
198	2.109375e-01	1.910400e-02	1.459122e-03	2.994537e-04	1.175540e-07	7.137656e-06	1.592562e-07
199	2.109375e-01	1.910400e-02	1.459122e-03	2.994537e-04	1.175540e-07	7.137656e-06	1.592562e-07
200	2.187500e-01	2.441406e-02	0.000000e+00	0.000000e+00	0.000000e+00	0.000000e+00	0.000000e+00
201	2.187500e-01	2.441406e-02	0.000000e+00	0.000000e+00	0.000000e+00	0.000000e+00	0.000000e+00
202	2.109375e-01	1.910400e-02	1.459122e-03	2.994537e-04	1.175540e-07	7.137656e-06	1.592562e-07
203	1.898148e-01	1.339592e-02	8.255855e-04	2.159224e-04	7.469275e-08	1.787593e-05	5.226879e-08
204	1.690962e-01	3.603941e-03	1.304716e-03	8.073628e-05	9.111678e-09	-1.896066e-06	2.456840e-08
205	1.992188e-01	1.283264e-02	2.843142e-03	1.499653e-04	-6.078551e-09	1.778826e-07	-9.773430e-08
206	2.215743e-01	2.624757e-02	1.364934e-03	1.159748e-04	-3.049442e-08	-1.639616e-05	3.462975e-08
207	1.865569e-01	1.204273e-02	3.729798e-04	2.730883e-05	-2.756114e-09	-2.996854e-06	8.647885e-22
208	2.187500e-01	2.441406e-02	0.000000e+00	0.000000e+00	0.000000e+00	0.000000e+00	0.000000e+00
209	2.187500e-01	2.441406e-02	0.000000e+00	0.000000e+00	0.000000e+00	0.000000e+00	0.000000e+00
210	1.865569e-01	1.204273e-02	3.729798e-04	2.730883e-05	-2.756114e-09	-2.996854e-06	1.152137e-21
211	1.933594e-01	1.541519e-02	7.845461e-04	1.322329e-04	3.571403e-08	9.374635e-06	-2.320576e-08
212	2.304688e-01	2.088928e-02	2.413988e-03	2.167225e-04	-1.133353e-07	-2.703164e-05	-1.082935e-07
213	2.304688e-01	2.088928e-02	2.413988e-03	2.167225e-04	-1.133353e-07	-2.703164e-05	-1.082935e-07
214	2.167969e-01	2.063370e-02	1.508743e-03	2.041161e-04	1.105716e-07	2.835965e-05	2.458705e-08
215	1.975309e-01	1.524158e-02	9.408382e-05	3.763353e-06	-7.081412e-11	4.646115e-07	1.488082e-24
216	1.933594e-01	1.541519e-02	7.845461e-04	1.322329e-04	3.571403e-08	9.374635e-06	-2.320576e-08
217	2.099125e-01	1.740771e-02	2.899369e-04	9.565440e-05	1.372354e-08	9.996758e-06	8.088363e-09
218	1.898148e-01	1.339592e-02	8.255855e-04	2.159224e-04	7.469275e-08	1.787593e-05	5.226879e-08
219	1.632653e-01	6.663890e-03	0.000000e+00	0.000000e+00	0.000000e+00	0.000000e+00	0.000000e+00
220	1.632653e-01	6.663890e-03	0.000000e+00	0.000000e+00	0.000000e+00	0.000000e+00	0.000000e+00
221	1.898148e-01	1.339592e-02	8.255855e-04	2.159224e-04	7.469275e-08	1.787593e-05	5.226879e-08
222	2.314815e-01	2.477709e-02	3.054666e-03	1.587664e-04	7.795954e-08	1.787593e-05	7.840318e-08
223	1.875000e-01	8.789063e-03	0.000000e+00	0.000000e+00	0.000000e+00	0.000000e+00	0.000000e+00
224	1.975309e-01	1.524158e-02	9.408382e-05	3.763353e-06	-7.081412e-11	4.646115e-07	4.837273e-24
225	1.975309e-01	1.524158e-02	9.408382e-05	3.763353e-06	-7.081412e-11	4.646115e-07	4.837273e-24
226	2.638889e-01	5.111883e-02	0.000000e+00	0.000000e+00	0.000000e+00	0.000000e+00	0.000000e+00
227	1.933594e-01	1.541519e-02	7.845461e-04	1.322329e-04	3.571403e-08	9.374635e-06	2.320576e-08
228	1.975309e-01	1.524158e-02	9.408382e-05	3.763353e-06	-7.081412e-11	4.646115e-07	-3.806256e-23
229	1.975309e-01	1.524158e-02	9.408382e-05	3.763353e-06	-7.081412e-11	4.646115e-07	-3.806256e-23
230	2.167969e-01	2.063370e-02	1.508743e-03	2.041161e-04	1.105716e-07	2.835965e-05	-2.458705e-08
231	2.304688e-01	2.088928e-02	2.413988e-03	2.167225e-04	-1.133353e-07	-2.703164e-05	1.082935e-07
232	1.933594e-01	1.541519e-02	7.845461e-04	1.322329e-04	3.571403e-08	9.374635e-06	-2.320576e-08
233	1.632653e-01	6.663890e-03	0.000000e+00	0.000000e+00	0.000000e+00	0.000000e+00	0.000000e+00
234	1.933594e-01	1.541519e-02	7.845461e-04	1.322329e-04	3.571403e-08	9.374635e-06	-2.320576e-08
235	2.304688e-01	2.088928e-02	2.413988e-03	2.167225e-04	-1.133353e-07	-2.703164e-05	1.082935e-07
236	2.167969e-01	2.063370e-02	1.508743e-03	2.041161e-04	1.105716e-07	2.835965e-05	-2.458705e-08
237	2.167969e-01	2.063370e-02	1.508743e-03	2.041161e-04	1.105716e-07	2.835965e-05	-2.458705e-08
238	1.933594e-01	1.541519e-02	7.845461e-04	1.322329e-04	3.571403e-08	9.374635e-06	2.320576e-08
239	1.865569e-01	1.204273e-02	3.729798e-04	2.730883e-05	-2.756114e-09	-2.996854e-06	1.261883e-22
240	2.099125e-01	1.740771e-02	2.899369e-04	9.565440e-05	1.372354e-08	9.996758e-06	-8.088363e-09
241	1.777344e-01	7.663727e-03	8.717179e-05	1.469254e-05	4.409140e-10	-7.525668e-07	-2.864908e-10
242	2.167969e-01	2.063370e-02	1.508743e-03	2.041161e-04	1.105716e-07	2.835965e-05	-2.458705e-08
243	2.215743e-01	2.624757e-02	1.364934e-03	1.159748e-04	-3.049442e-08	-1.639616e-05	-3.462975e-08
244	1.865569e-01	1.204273e-02	3.729798e-04	2.730883e-05	-2.756114e-09	-2.996854e-06	1.847969e-22
245	2.187500e-01	2.441406e-02	0.000000e+00	0.000000e+00	0.000000e+00	0.000000e+00	0.000000e+00
246	2.187500e-01	2.441406e-02	0.000000e+00	0.000000e+00	0.000000e+00	0.000000e+00	0.000000e+00
247	1.865569e-01	1.204273e-02	3.729798e-04	2.730883e-05	-2.756114e-09	-2.996854e-06	-5.710849e-22
248	2.109375e-01	1.910400e-02	1.459122e-03	2.994537e-04	1.175540e-07	7.137656e-06	-1.592562e-07
249	2.109375e-01	1.910400e-02	1.459122e-03	2.994537e-04	1.175540e-07	7.137656e-06	-1.592562e-07
250	2.109375e-01	1.910400e-02	1.459122e-03	2.994537e-04	1.175540e-07	7.137656e-06	-1.592562e-07
251	2.187500e-01	2.441406e-02	0.000000e+00	0.000000e+00	0.000000e+00	0.000000e+00	0.000000e+00
252	2.187500e-01	2.441406e-02	0.000000e+00	0.000000e+00	0.000000e+00	0.000000e+00	0.000000e+00
253	2.109375e-01	1.910400e-02	1.459122e-03	2.994537e-04	1.175540e-07	7.137656e-06	-1.592562e-07
254	2.109375e-01	1.910400e-02	1.459122e-03	2.994537e-04	1.175540e-07	7.137656e-06	-1.592562e-07
255	1.875000e-01	1.562500e-02	0.000000e+00	0.000000e+00	0.000000e+00	0.000000e+00	0.000000e+00
256	2.109375e-01	1.910400e-02	1.459122e-03	2.994537e-04	1.175540e-07	7.137656e-06	-1.592562e-07
257	1.865569e-01	1.204273e-02	3.729798e-04	2.730883e-05	-2.756114e-09	-2.996854e-06	1.680774e-22
258	2.187500e-01	2.441406e-02	0.000000e+00	0.000000e+00	0.000000e+00	0.000000e+00	0.000000e+00
259	2.109375e-01	1.910400e-02	1.459122e-03	2.994537e-04	1.175540e-07	7.137656e-06	-1.592562e-07
260	1.875000e-01	1.562500e-02	0.000000e+00	0.000000e+00	0.000000e+00	0.000000e+00	0.000000e+00
261	1.875000e-01	1.562500e-02	0.000000e+00	0.000000e+00	0.000000e+00	0.000000e+00	0.000000e+00
262	1.875000e-01	1.562500e-02	0.000000e+00	0.000000e+00	0.000000e+00	0.000000e+00	0.000000e+00
263	2.109375e-01	1.910400e-02	1.459122e-03	2.994537e-04	1.175540e-07	7.137656e-06	-1.592562e-07
264	2.187500e-01	2.441406e-02	0.000000e+00	0.000000e+00	0.000000e+00	0.000000e+00	0.000000e+00
265	1.875000e-01	1.562500e-02	0.000000e+00	0.000000e+00	0.000000e+00	0.000000e+00	0.000000e+00
266	1.875000e-01	1.562500e-02	0.000000e+00	0.000000e+00	0.000000e+00	0.000000e+00	0.000000e+00
267	1.875000e-01	1.562500e-02	0.000000e+00	0.000000e+00	0.000000e+00	0.000000e+00	0.000000e+00
268	1.875000e-01	1.562500e-02	0.000000e+00	0.000000e+00	0.000000e+00	0.000000e+00	0.000000e+00
269	1.875000e-01	1.562500e-02	0.000000e+00	0.000000e+00	0.000000e+00	0.000000e+00	0.000000e+00
270	2.222222e-01	4.938272e-02	0.000000e+00	0.000000e+00	0.000000e+00	0.000000e+00	0.000000e+00
271	1.875000e-01	1.562500e-02	0.000000e+00	0.000000e+00	0.000000e+00	0.000000e+00	0.000000e+00
272	1.875000e-01	1.562500e-02	0.000000e+00	0.000000e+00	0.000000e+00	0.000000e+00	0.000000e+00
273	1.875000e-01	1.562500e-02	0.000000e+00	0.000000e+00	0.000000e+00	0.000000e+00	0.000000e+00
274	1.875000e-01	1.562500e-02	0.000000e+00	0.000000e+00	0.000000e+00	0.000000e+00	0.000000e+00
275	1.875000e-01	1.562500e-02	0.000000e+00	0.000000e+00	0.000000e+00	0.000000e+00	0.000000e+00
276	2.109375e-01	1.910400e-02	1.459122e-03	2.994537e-04	1.175540e-07	7.137656e-06	1.592562e-07
277	2.565598e-01	3.916735e-02	1.289104e-03	6.285436e-04	5.481200e-07	1.122069e-04	1.402522e-07
278	1.875000e-01	1.562500e-02	0.000000e+00	0.000000e+00	0.000000e+00	0.000000e+00	0.000000e+00
279	1.875000e-01	1.562500e-02	0.000000e+00	0.000000e+00	0.000000e+00	0.000000e+00	0.000000e+00
280	1.875000e-01	1.562500e-02	0.000000e+00	0.000000e+00	0.000000e+00	0.000000e+00	0.000000e+00
281	1.875000e-01	1.562500e-02	0.000000e+00	0.000000e+00	0.000000e+00	0.000000e+00	0.000000e+00
282	1.865889e-01	1.482376e-02	7.582965e-04	1.365925e-04	4.054616e-08	1.313866e-05	1.698556e-08
283	2.099125e-01	1.740771e-02	2.899369e-04	9.565440e-05	1.372354e-08	9.996758e-06	8.088363e-09
284	2.324219e-01	2.423477e-02	6.611645e-04	8.514524e-05	-6.559204e-09	-6.924442e-06	1.910757e-08
285	2.030178e-01	1.418784e-02	1.064089e-03	1.564244e-04	-7.219738e-09	-3.677816e-06	-6.340866e-08
286	1.865889e-01	1.482376e-02	7.582965e-04	1.365925e-04	4.054616e-08	1.313866e-05	1.698556e-08
287	1.875000e-01	1.562500e-02	0.000000e+00	0.000000e+00	0.000000e+00	0.000000e+00	0.000000e+00
288	2.109375e-01	1.910400e-02	1.459122e-03	2.994537e-04	1.175540e-07	7.137656e-06	1.592562e-07
289	2.109375e-01	1.910400e-02	1.459122e-03	2.994537e-04	1.175540e-07	7.137656e-06	1.592562e-07
290	2.187500e-01	2.441406e-02	0.000000e+00	0.000000e+00	0.000000e+00	0.000000e+00	0.000000e+00
291	2.187500e-01	2.441406e-02	0.000000e+00	0.000000e+00	0.000000e+00	0.000000e+00	0.000000e+00
292	2.109375e-01	1.910400e-02	1.459122e-03	2.994537e-04	1.175540e-07	7.137656e-06	1.592562e-07
293	1.898148e-01	1.339592e-02	8.255855e-04	2.159224e-04	7.469275e-08	1.787593e-05	5.226879e-08
294	1.690962e-01	3.603941e-03	1.304716e-03	8.073628e-05	9.111678e-09	-1.896066e-06	2.456840e-08
295	1.992188e-01	1.283264e-02	2.843142e-03	1.499653e-04	-6.078551e-09	1.778826e-07	-9.773430e-08
296	2.215743e-01	2.624757e-02	1.364934e-03	1.159748e-04	-3.049442e-08	-1.639616e-05	3.462975e-08
297	1.865569e-01	1.204273e-02	3.729798e-04	2.730883e-05	-2.756114e-09	-2.996854e-06	4.849217e-22
298	2.187500e-01	2.441406e-02	0.000000e+00	0.000000e+00	0.000000e+00	0.000000e+00	0.000000e+00
299	2.187500e-01	2.441406e-02	0.000000e+00	0.000000e+00	0.000000e+00	0.000000e+00	0.000000e+00
300	1.865569e-01	1.204273e-02	3.729798e-04	2.730883e-05	-2.756114e-09	-2.996854e-06	6.106034e-22
301	1.933594e-01	1.541519e-02	7.845461e-04	1.322329e-04	3.571403e-08	9.374635e-06	-2.320576e-08
302	2.304688e-01	2.088928e-02	2.413988e-03	2.167225e-04	-1.133353e-07	-2.703164e-05	-1.082935e-07
303	2.304688e-01	2.088928e-02	2.413988e-03	2.167225e-04	-1.133353e-07	-2.703164e-05	-1.082935e-07
304	2.167969e-01	2.063370e-02	1.508743e-03	2.041161e-04	1.105716e-07	2.835965e-05	2.458705e-08
305	1.975309e-01	1.524158e-02	9.408382e-05	3.763353e-06	-7.081412e-11	4.646115e-07	2.929183e-23
306	1.933594e-01	1.541519e-02	7.845461e-04	1.322329e-04	3.571403e-08	9.374635e-06	-2.320576e-08
307	2.099125e-01	1.740771e-02	2.899369e-04	9.565440e-05	1.372354e-08	9.996758e-06	8.088363e-09
308	1.898148e-01	1.339592e-02	8.255855e-04	2.159224e-04	7.469275e-08	1.787593e-05	5.226879e-08
309	1.632653e-01	6.663890e-03	0.000000e+00	0.000000e+00	0.000000e+00	0.000000e+00	0.000000e+00
310	1.632653e-01	6.663890e-03	0.000000e+00	0.000000e+00	0.000000e+00	0.000000e+00	0.000000e+00
311	1.898148e-01	1.339592e-02	8.255855e-04	2.159224e-04	7.469275e-08	1.787593e-05	5.226879e-08
312	2.314815e-01	2.477709e-02	3.054666e-03	1.587664e-04	7.795954e-08	1.787593e-05	7.840318e-08
313	1.875000e-01	8.789063e-03	0.000000e+00	0.000000e+00	0.000000e+00	0.000000e+00	0.000000e+00
314	1.975309e-01	1.524158e-02	9.408382e-05	3.763353e-06	-7.081412e-11	4.646115e-07	-4.346393e-23
315	1.975309e-01	1.524158e-02	9.408382e-05	3.763353e-06	-7.081412e-11	4.646115e-07	-4.346393e-23
316	2.638889e-01	5.111883e-02	0.000000e+00	0.000000e+00	0.000000e+00	-0.000000e+00	0.000000e+00
317	1.933594e-01	1.541519e-02	7.845461e-04	1.322329e-04	3.571403e-08	9.374635e-06	2.320576e-08
318	1.975309e-01	1.524158e-02	9.408382e-05	3.763353e-06	-7.081412e-11	4.646115e-07	1.916991e-23
319	1.975309e-01	1.524158e-02	9.408382e-05	3.763353e-06	-7.081412e-11	4.646115e-07	1.916991e-23
320	2.167969e-01	2.063370e-02	1.508743e-03	2.041161e-04	1.105716e-07	2.835965e-05	-2.458705e-08
321	2.304688e-01	2.088928e-02	2.413988e-03	2.167225e-04	-1.133353e-07	-2.703164e-05	1.082935e-07
322	1.933594e-01	1.541519e-02	7.845461e-04	1.322329e-04	3.571403e-08	9.374635e-06	-2.320576e-08
323	1.632653e-01	6.663890e-03	0.000000e+00	0.000000e+00	0.000000e+00	0.000000e+00	0.000000e+00
324	1.933594e-01	1.541519e-02	7.845461e-04	1.322329e-04	3.571403e-08	9.374635e-06	-2.320576e-08
325	2.304688e-01	2.088928e-02	2.413988e-03	2.167225e-04	-1.133353e-07	-2.703164e-05	1.082935e-07
326	2.167969e-01	2.063370e-02	1.508743e-03	2.041161e-04	1.105716e-07	2.835965e-05	-2.458705e-08
327	2.167969e-01	2.063370e-02	1.508743e-03	2.041161e-04	1.105716e-07	2.835965e-05	-2.458705e-08
328	1.933594e-01	1.541519e-02	7.845461e-04	1.322329e-04	3.571403e-08	9.374635e-06	2.320576e-08
329	1.865569e-01	1.204273e-02	3.729798e-04	2.730883e-05	-2.756114e-09	-2.996854e-06	-2.621237e-22
330	2.099125e-01	1.740771e-02	2.899369e-04	9.565440e-05	1.372354e-08	9.996758e-06	-8.088363e-09
331	1.777344e-01	7.663727e-03	8.717179e-05	1.469254e-05	4.409140e-10	-7.525668e-07	-2.864908e-10
332	2.167969e-01	2.063370e-02	1.508743e-03	2.041161e-04	1.105716e-07	2.835965e-05	-2.458705e-08
333	2.215743e-01	2.624757e-02	1.364934e-03	1.159748e-04	-3.049442e-08	-1.639616e-05	-3.462975e-08
334	1.865569e-01	1.204273e-02	3.729798e-04	2.730883e-05	-2.756114e-09	-2.996854e-06	1.537332e-22
335	2.187500e-01	2.441406e-02	0.000000e+00	0.000000e+00	0.000000e+00	-0.000000e+00	0.000000e+00
336	2.187500e-01	2.441406e-02	0.000000e+00	0.000000e+00	0.000000e+00	-0.000000e+00	0.000000e+00
337	1.865569e-01	1.204273e-02	3.729798e-04	2.730883e-05	-2.756114e-09	-2.996854e-06	3.102303e-22
338	2.109375e-01	1.910400e-02	1.459122e-03	2.994537e-04	1.175540e-07	7.137656e-06	-1.592562e-07
339	2.109375e-01	1.910400e-02	1.459122e-03	2.994537e-04	1.175540e-07	7.137656e-06	-1.592562e-07
340	2.109375e-01	1.910400e-02	1.459122e-03	2.994537e-04	1.175540e-07	7.137656e-06	-1.592562e-07
341	2.187500e-01	2.441406e-02	0.000000e+00	0.000000e+00	0.000000e+00	-0.000000e+00	0.000000e+00
342	2.187500e-01	2.441406e-02	0.000000e+00	0.000000e+00	0.000000e+00	-0.000000e+00	0.000000e+00
343	2.109375e-01	1.910400e-02	1.459122e-03	2.994537e-04	1.175540e-07	7.137656e-06	-1.592562e-07
344	2.109375e-01	1.910400e-02	1.459122e-03	2.994537e-04	1.175540e-07	7.137656e-06	-1.592562e-07
345	1.875000e-01	1.562500e-02	0.000000e+00	0.000000e+00	0.000000e+00	0.000000e+00	0.000000e+00
346	2.109375e-01	1.910400e-02	1.459122e-03	2.994537e-04	1.175540e-07	7.137656e-06	-1.592562e-07
347	1.865569e-01	1.204273e-02	3.729798e-04	2.730883e-05	-2.756114e-09	-2.996854e-06	1.537332e-22
348	2.187500e-01	2.441406e-02	0.000000e+00	0.000000e+00	0.000000e+00	-0.000000e+00	0.000000e+00
349	2.109375e-01	1.910400e-02	1.459122e-03	2.994537e-04	1.175540e-07	7.137656e-06	-1.592562e-07
350	1.875000e-01	1.562500e-02	0.000000e+00	0.000000e+00	0.000000e+00	0.000000e+00	0.000000e+00
351	1.875000e-01	1.562500e-02	0.000000e+00	0.000000e+00	0.000000e+00	0.000000e+00	0.000000e+00
352	1.875000e-01	1.562500e-02	0.000000e+00	0.000000e+00	0.000000e+00	0.000000e+00	0.000000e+00
353	2.109375e-01	1.910400e-02	1.459122e-03	2.994537e-04	1.175540e-07	7.137656e-06	-1.592562e-07
354	2.187500e-01	2.441406e-02	0.000000e+00	0.000000e+00	0.000000e+00	-0.000000e+00	0.000000e+00
355	1.875000e-01	1.562500e-02	0.000000e+00	0.000000e+00	0.000000e+00	0.000000e+00	0.000000e+00
356	1.875000e-01	1.562500e-02	0.000000e+00	0.000000e+00	0.000000e+00	0.000000e+00	0.000000e+00
357	1.875000e-01	1.562500e-02	0.000000e+00	0.000000e+00	0.000000e+00	0.000000e+00	0.000000e+00
358	1.875000e-01	1.562500e-02	0.000000e+00	0.000000e+00	0.000000e+00	0.000000e+00	0.000000e+00
359	1.875000e-01	1.562500e-02	0.000000e+00	0.000000e+00	0.000000e+00	0.000000e+00	0.000000e+00
