0.00	+7.260e+00	+5.268e+01	+1.800e-04	+2.022e-05	-1.168e-09	-1.432e-04	+3.537e-10
1.00	+3.690e+00	+1.358e+01	+1.102e-05	+5.604e-06	+4.289e-11	+1.564e-05	-9.988e-12
2.00	+3.689e+00	+1.356e+01	+1.194e-05	+5.543e-06	+4.361e-11	+1.587e-05	-1.146e-11
3.00	+3.658e+00	+1.335e+01	+5.484e-03	+5.461e-03	+2.988e-05	+1.995e-02	-4.232e-09
4.00	+3.659e+00	+1.335e+01	+3.450e-03	+3.457e-03	+1.194e-05	+1.263e-02	-4.378e-09
5.00	+3.682e+00	+1.352e+01	+9.451e-04	+2.214e-04	+6.374e-08	+1.546e-04	+7.874e-08
6.00	+3.613e+00	+1.302e+01	+6.476e-04	+5.714e-04	+3.476e-07	+2.002e-03	+5.443e-09
7.00	+3.617e+00	+1.305e+01	+5.359e-04	+4.887e-04	+2.501e-07	+1.743e-03	+2.198e-09
8.00	+3.670e+00	+1.344e+01	+1.739e-02	+1.691e-02	+2.900e-04	+6.160e-02	-4.608e-07
9.00	+3.636e+00	+1.319e+01	+5.951e-03	+5.913e-03	+3.508e-05	+2.147e-02	-2.399e-09
10.00	+3.655e+00	+1.333e+01	+6.600e-05	+4.080e-05	+2.101e-09	+1.335e-04	+2.590e-10
11.00	+3.573e+00	+1.273e+01	+1.317e-02	+1.295e-02	+1.692e-04	+4.620e-02	+5.540e-08
12.00	+3.549e+00	+1.256e+01	+3.533e-02	+3.525e-02	+1.244e-03	+1.249e-01	-5.150e-08
13.00	+3.333e+00	+1.108e+01	+1.406e-02	+1.350e-02	+1.860e-04	+4.459e-02	+5.064e-07
14.00	+3.059e+00	+9.323e+00	+9.790e-03	+9.336e-03	+8.925e-05	+2.819e-02	+2.921e-07
15.00	+3.302e+00	+1.087e+01	+9.774e-03	+7.888e-03	+6.921e-05	+2.456e-02	+2.502e-06
16.00	+3.086e+00	+9.488e+00	+6.565e-02	+6.360e-02	+4.110e-03	+1.946e-01	-7.637e-06
17.00	+3.099e+00	+9.570e+00	+2.005e-03	+2.887e-04	-3.708e-08	-4.454e-04	+2.165e-07
18.00	+3.097e+00	+9.558e+00	+5.222e-02	+4.884e-02	+2.466e-03	+1.488e-01	-1.514e-05
19.00	+2.981e+00	+8.856e+00	+1.268e-02	+9.183e-03	+9.886e-05	+2.486e-02	-6.837e-06
20.00	+2.922e+00	+8.503e+00	+1.032e-02	+4.581e-03	+3.002e-05	+9.305e-03	-9.534e-06
21.00	+2.988e+00	+8.893e+00	+3.313e-02	+2.875e-02	+8.869e-04	+8.291e-02	-1.698e-05
22.00	+2.753e+00	+7.545e+00	+5.075e-03	+8.334e-04	+2.217e-07	-6.264e-04	+1.699e-06
23.00	+2.828e+00	+7.962e+00	+7.193e-03	+2.295e-03	+7.889e-06	+3.068e-03	-4.968e-06
24.00	+2.934e+00	+8.571e+00	+1.025e-02	+3.952e-03	+2.311e-05	+7.058e-03	-9.934e-06
25.00	+2.810e+00	+7.860e+00	+5.326e-02	+4.797e-02	+2.424e-03	+1.312e-01	-2.912e-05
26.00	+2.930e+00	+8.549e+00	+2.601e-01	+2.508e-01	+6.407e-02	+7.283e-01	-1.554e-04
27.00	+2.762e+00	+7.594e+00	+9.822e-03	+2.284e-03	+6.736e-06	+1.097e-03	+8.466e-06
28.00	+2.757e+00	+7.566e+00	+9.345e-03	+4.037e-03	+2.349e-05	+7.505e-03	-7.918e-06
29.00	+2.658e+00	+7.033e+00	+6.120e-03	+1.268e-03	+1.748e-06	+1.750e-04	-3.072e-06
30.00	+2.692e+00	+7.215e+00	+2.285e-02	+1.775e-02	+3.570e-04	+4.441e-02	-1.682e-05
31.00	+2.809e+00	+7.853e+00	+9.868e-03	+4.155e-03	+2.505e-05	+7.766e-03	-8.958e-06
32.00	+2.736e+00	+7.451e+00	+1.526e-02	+9.506e-03	+1.136e-04	+2.187e-02	+1.444e-05
33.00	+2.627e+00	+6.867e+00	+4.008e-03	+4.807e-04	-4.749e-07	-1.054e-03	+4.687e-07
34.00	+2.724e+00	+7.380e+00	+1.367e-02	+5.614e-03	+4.603e-05	+9.912e-03	-1.732e-05
35.00	+2.652e+00	+6.996e+00	+6.351e-03	+1.529e-03	+3.125e-06	+9.428e-04	-3.599e-06
36.00	+2.635e+00	+6.906e+00	+1.934e-02	+1.365e-02	+2.213e-04	+3.244e-02	-1.719e-05
37.00	+2.655e+00	+7.013e+00	+1.061e-02	+6.924e-03	+5.901e-05	+1.597e-02	-6.357e-06
38.00	+2.595e+00	+6.699e+00	+5.265e-03	+1.066e-03	+1.176e-06	+9.914e-05	-2.237e-06
39.00	+2.608e+00	+6.766e+00	+6.974e-03	+3.823e-03	+1.939e-05	+7.791e-03	+3.659e-06
40.00	+2.645e+00	+6.963e+00	+1.052e-02	+7.923e-03	+7.222e-05	+1.898e-02	+4.058e-06
41.00	+2.652e+00	+6.997e+00	+1.500e-02	+8.011e-03	+8.607e-05	+1.676e-02	-1.744e-05
42.00	+2.620e+00	+6.828e+00	+2.469e-02	+1.747e-02	+3.618e-04	+4.112e-02	-2.788e-05
43.00	+2.638e+00	+6.923e+00	+2.468e-03	+9.523e-04	+1.344e-06	+1.448e-03	+5.691e-07
44.00	+2.522e+00	+6.327e+00	+1.564e-01	+1.430e-01	+2.137e-02	+3.511e-01	-2.060e-04
45.00	+3.065e+00	+9.355e+00	+1.382e+00	+1.367e+00	+1.878e+00	+4.170e+00	+7.512e-04
46.00	+2.602e+00	+6.737e+00	+7.675e-02	+7.203e-02	+5.355e-03	+1.858e-01	-2.230e-05
47.00	+2.641e+00	+6.943e+00	+4.354e-03	+1.144e-03	+1.856e-06	+9.260e-04	+1.754e-06
48.00	+2.562e+00	+6.531e+00	+1.172e-02	+1.036e-02	+1.141e-04	+2.579e-02	-1.756e-06
49.00	+2.588e+00	+6.662e+00	+7.593e-03	+4.899e-03	+2.969e-05	+1.114e-02	-3.309e-06
50.00	+2.597e+00	+6.708e+00	+3.433e-03	+5.105e-04	-6.137e-08	-5.956e-04	+6.730e-07
51.00	+2.619e+00	+6.824e+00	+3.444e-03	+1.249e-03	+2.331e-06	+1.776e-03	+1.133e-06
52.00	+2.644e+00	+6.957e+00	+2.720e-02	+2.529e-02	+6.632e-04	+6.543e-02	+4.482e-06
53.00	+2.755e+00	+7.553e+00	+2.529e-03	+5.652e-04	+3.930e-07	+2.400e-04	-5.498e-07
54.00	+2.689e+00	+7.194e+00	+1.623e-03	+1.835e-04	-9.207e-08	-4.679e-04	-3.945e-08
55.00	+2.748e+00	+7.515e+00	+4.697e-03	+3.143e-03	+1.202e-05	+7.699e-03	-1.154e-06
56.00	+2.723e+00	+7.374e+00	+3.225e-03	+1.606e-03	+3.554e-06	+3.364e-03	-8.587e-07
57.00	+2.754e+00	+7.551e+00	+7.350e-04	+9.924e-05	-8.930e-09	-1.603e-04	-2.527e-08
58.00	+2.799e+00	+7.796e+00	+3.899e-02	+3.722e-02	+1.418e-03	+1.028e-01	+4.904e-06
59.00	+2.865e+00	+8.172e+00	+5.553e-02	+5.357e-02	+2.922e-03	+1.523e-01	-6.200e-06
60.00	+2.862e+00	+8.153e+00	+1.377e-02	+1.291e-02	+1.722e-04	+3.632e-02	+9.609e-07
61.00	+2.961e+00	+8.730e+00	+4.564e-03	+3.606e-03	+1.462e-05	+1.001e-02	-6.140e-07
62.00	+2.967e+00	+8.766e+00	+4.680e-03	+3.975e-03	+1.714e-05	+1.130e-02	-4.107e-07
63.00	+3.235e+00	+1.043e+01	+6.258e-02	+6.109e-02	+3.777e-03	+1.971e-01	-1.237e-06
64.00	+2.855e+00	+8.117e+00	+4.356e-04	+2.724e-04	+9.316e-08	+6.805e-04	-1.114e-08
65.00	+3.028e+00	+9.137e+00	+6.182e-03	+5.715e-03	+3.397e-05	+1.700e-02	-2.493e-07
66.00	+3.103e+00	+9.593e+00	+2.155e-02	+2.087e-02	+4.425e-04	+6.438e-02	+7.733e-07
67.00	+3.165e+00	+9.981e+00	+2.344e-03	+2.270e-03	+5.236e-06	+7.080e-03	-8.970e-09
68.00	+3.331e+00	+1.106e+01	+1.341e-03	+1.839e-04	-2.674e-08	-3.474e-04	+8.730e-08
69.00	+3.305e+00	+1.089e+01	+2.096e-02	+2.073e-02	+4.322e-04	+6.839e-02	+1.494e-08
70.00	+3.397e+00	+1.150e+01	+1.460e-02	+1.424e-02	+2.053e-04	+4.824e-02	+1.314e-07
71.00	+3.364e+00	+1.128e+01	+7.497e-04	+6.010e-04	+4.031e-07	+1.877e-03	-1.534e-08
72.00	+3.359e+00	+1.125e+01	+2.497e-03	+2.412e-03	+5.921e-06	+8.024e-03	+1.378e-08
73.00	+3.444e+00	+1.183e+01	+2.197e-04	+1.935e-04	+3.990e-08	+6.558e-04	+5.781e-10
74.00	+3.564e+00	+1.266e+01	+4.472e-05	+3.919e-05	+1.640e-09	+1.340e-04	-3.007e-11
75.00	+3.436e+00	+1.177e+01	+2.395e-03	+2.421e-03	+5.830e-06	+8.296e-03	-3.742e-09
76.00	+3.508e+00	+1.227e+01	+2.203e-03	+1.446e-03	+2.567e-06	+4.437e-03	+2.696e-07
77.00	+3.553e+00	+1.259e+01	+1.811e-02	+1.781e-02	+3.198e-04	+6.314e-02	-9.584e-08
78.00	+3.524e+00	+1.238e+01	+2.758e-04	+2.354e-04	+5.998e-08	+8.084e-04	-1.269e-09
79.00	+3.575e+00	+1.275e+01	+6.541e-03	+6.403e-03	+4.144e-05	+2.282e-02	-2.887e-08
80.00	+3.623e+00	+1.309e+01	+2.156e-04	+2.418e-05	-1.676e-09	-8.490e-05	-4.894e-10
81.00	+3.622e+00	+1.309e+01	+5.181e-03	+4.927e-03	+2.489e-05	+1.765e-02	+9.456e-08
82.00	+3.676e+00	+1.348e+01	+3.361e-04	+3.288e-04	+1.093e-07	+1.196e-03	-3.532e-11
83.00	+3.697e+00	+1.363e+01	+1.954e-04	+2.167e-05	-1.404e-09	-7.989e-05	-1.299e-10
84.00	+3.669e+00	+1.343e+01	+1.505e-02	+1.469e-02	+2.184e-04	+5.353e-02	-2.022e-07
85.00	+3.635e+00	+1.318e+01	+8.814e-04	+2.686e-04	+1.076e-07	+4.172e-04	-7.416e-08
86.00	+3.651e+00	+1.330e+01	+2.519e-04	+1.760e-04	+3.693e-08	+5.635e-04	-3.159e-09
87.00	+3.689e+00	+1.357e+01	+2.395e-05	+6.979e-06	+7.227e-11	+1.075e-05	-5.403e-11
88.00	+3.668e+00	+1.343e+01	+2.583e-05	+7.370e-06	+8.119e-11	+1.057e-05	-6.124e-11
89.00	+3.680e+00	+1.351e+01	+1.097e-05	+5.907e-06	+4.662e-11	+1.704e-05	-9.323e-12
90.00	+7.260e+00	+5.268e+01	+1.800e-04	+2.022e-05	-1.168e-09	-1.432e-04	+3.537e-10
91.00	+3.690e+00	+1.358e+01	+1.102e-05	+5.604e-06	+4.289e-11	+1.564e-05	-9.988e-12
92.00	+3.689e+00	+1.356e+01	+1.194e-05	+5.543e-06	+4.361e-11	+1.587e-05	-1.146e-11
93.00	+3.658e+00	+1.335e+01	+5.484e-03	+5.461e-03	+2.988e-05	+1.995e-02	-4.232e-09
94.00	+3.659e+00	+1.335e+01	+3.450e-03	+3.457e-03	+1.194e-05	+1.263e-02	-4.378e-09
95.00	+3.682e+00	+1.352e+01	+9.451e-04	+2.214e-04	+6.374e-08	+1.546e-04	+7.874e-08
96.00	+3.613e+00	+1.302e+01	+6.476e-04	+5.714e-04	+3.476e-07	+2.002e-03	+5.443e-09
97.00	+3.617e+00	+1.305e+01	+5.359e-04	+4.887e-04	+2.501e-07	+1.743e-03	+2.198e-09
98.00	+3.670e+00	+1.344e+01	+1.739e-02	+1.691e-02	+2.900e-04	+6.160e-02	-4.608e-07
99.00	+3.636e+00	+1.319e+01	+5.951e-03	+5.913e-03	+3.508e-05	+2.147e-02	-2.399e-09
100.00	+3.655e+00	+1.333e+01	+6.600e-05	+4.080e-05	+2.101e-09	+1.335e-04	+2.590e-10
101.00	+3.648e+00	+1.328e+01	+8.319e-03	+7.572e-03	+6.009e-05	+2.703e-02	+6.019e-07
102.00	+3.698e+00	+1.364e+01	+4.473e-03	+4.238e-03	+1.845e-05	+1.540e-02	+7.924e-08
103.00	+3.559e+00	+1.263e+01	+1.751e-02	+1.734e-02	+3.022e-04	+6.162e-02	-4.538e-08
104.00	+3.281e+00	+1.073e+01	+1.454e-03	+1.475e-03	+2.160e-06	+4.832e-03	-9.181e-10
105.00	+3.601e+00	+1.293e+01	+1.659e-02	+1.570e-02	+2.533e-04	+5.579e-02	+1.108e-06
106.00	+3.409e+00	+1.158e+01	+7.035e-02	+7.003e-02	+4.915e-03	+2.381e-01	+3.023e-08
107.00	+3.401e+00	+1.153e+01	+2.950e-04	+1.788e-04	+4.068e-08	+5.102e-04	-5.664e-09
108.00	+3.343e+00	+1.114e+01	+1.311e-02	+1.299e-02	+1.695e-04	+4.321e-02	-2.464e-08
109.00	+3.232e+00	+1.042e+01	+9.396e-03	+8.415e-03	+7.482e-05	+2.642e-02	-9.837e-07
110.00	+3.157e+00	+9.934e+00	+1.848e-03	+9.399e-04	+1.207e-06	+2.249e-03	-2.772e-07
111.00	+3.202e+00	+1.022e+01	+7.016e-03	+6.825e-03	+4.722e-05	+2.168e-02	-5.676e-08
112.00	+2.942e+00	+8.623e+00	+1.304e-03	+4.903e-04	+3.576e-07	+8.489e-04	-1.606e-07
113.00	+3.004e+00	+8.990e+00	+7.015e-03	+5.022e-03	+2.973e-05	+1.365e-02	-2.167e-06
114.00	+3.100e+00	+9.575e+00	+2.045e-03	+5.720e-04	+4.778e-07	+6.396e-04	-3.930e-07
115.00	+2.969e+00	+8.781e+00	+3.106e-02	+2.956e-02	+8.956e-04	+8.665e-02	-3.317e-06
116.00	+3.079e+00	+9.442e+00	+1.897e-01	+1.856e-01	+3.484e-02	+5.682e-01	-3.818e-05
117.00	+2.857e+00	+8.129e+00	+1.368e-02	+1.052e-02	+1.261e-04	+2.779e-02	+6.267e-06
118.00	+2.868e+00	+8.189e+00	+2.346e-03	+5.278e-04	+3.464e-07	+2.173e-04	-4.743e-07
119.00	+2.755e+00	+7.557e+00	+3.088e-03	+6.803e-04	+5.586e-07	+2.079e-04	+8.124e-07
120.00	+2.811e+00	+7.870e+00	+1.309e-02	+1.111e-02	+1.341e-04	+2.987e-02	-3.248e-06
121.00	+2.924e+00	+8.516e+00	+7.700e-03	+4.438e-03	+2.560e-05	+1.075e-02	-4.181e-06
122.00	+2.838e+00	+8.019e+00	+1.360e-02	+1.033e-02	+1.223e-04	+2.672e-02	+6.542e-06
123.00	+2.752e+00	+7.543e+00	+2.368e-03	+2.639e-04	-2.055e-07	-7.200e-04	+3.608e-08
124.00	+2.828e+00	+7.963e+00	+8.702e-03	+3.306e-03	+1.622e-05	+5.650e-03	-7.172e-06
125.00	+2.754e+00	+7.549e+00	+3.900e-03	+8.909e-04	+1.006e-06	+4.553e-04	-1.322e-06
126.00	+2.747e+00	+7.509e+00	+1.925e-02	+1.585e-02	+2.768e-04	+4.145e-02	-8.613e-06
127.00	+2.754e+00	+7.551e+00	+5.274e-03	+3.554e-03	+1.532e-05	+8.646e-03	-1.455e-06
128.00	+2.692e+00	+7.213e+00	+1.603e-03	+2.180e-04	-4.093e-08	-3.321e-04	-1.222e-07
129.00	+2.693e+00	+7.218e+00	+3.550e-03	+2.612e-03	+7.937e-06	+6.349e-03	+5.053e-07
130.00	+2.727e+00	+7.399e+00	+8.651e-03	+8.256e-03	+6.978e-05	+2.214e-02	+2.296e-07
131.00	+2.755e+00	+7.553e+00	+9.461e-03	+5.261e-03	+3.652e-05	+1.174e-02	-6.609e-06
132.00	+2.722e+00	+7.375e+00	+1.529e-02	+1.171e-02	+1.565e-04	+2.946e-02	-8.033e-06
133.00	+2.729e+00	+7.411e+00	+3.892e-03	+3.844e-03	+1.487e-05	+1.032e-02	-3.352e-08
134.00	+2.643e+00	+6.952e+00	+1.645e-01	+1.595e-01	+2.584e-02	+4.166e-01	-4.788e-05
135.00	+3.117e+00	+9.674e+00	+1.495e+00	+1.485e+00	+2.213e+00	+4.615e+00	+4.147e-04
136.00	+2.755e+00	+7.556e+00	+9.606e-02	+9.348e-02	+8.859e-03	+2.569e-01	-4.765e-07
137.00	+2.749e+00	+7.520e+00	+6.590e-03	+6.023e-03	+3.794e-05	+1.644e-02	+2.204e-07
138.00	+2.657e+00	+7.024e+00	+1.676e-02	+1.639e-02	+2.715e-04	+4.339e-02	-2.242e-07
139.00	+2.695e+00	+7.226e+00	+6.359e-03	+5.797e-03	+3.519e-05	+1.537e-02	-3.227e-07
140.00	+2.708e+00	+7.300e+00	+1.592e-03	+1.155e-03	+1.561e-06	+2.810e-03	+1.074e-07
141.00	+2.729e+00	+7.409e+00	+4.194e-04	+1.443e-04	+3.123e-08	+1.990e-04	+1.687e-08
142.00	+2.741e+00	+7.478e+00	+2.698e-02	+2.641e-02	+7.050e-04	+7.189e-02	+6.248e-07
143.00	+2.871e+00	+8.205e+00	+5.145e-04	+3.273e-04	+1.334e-07	+7.992e-04	+1.564e-08
144.00	+2.790e+00	+7.747e+00	+2.537e-04	+3.200e-05	-1.516e-09	-6.479e-05	+2.452e-09
145.00	+2.830e+00	+7.970e+00	+2.675e-03	+2.220e-03	+5.408e-06	+6.066e-03	-1.451e-07
146.00	+2.824e+00	+7.934e+00	+1.197e-03	+9.918e-04	+1.080e-06	+2.702e-03	-3.029e-08
147.00	+2.852e+00	+8.100e+00	+1.241e-04	+4.789e-05	+3.399e-09	+8.042e-05	+1.439e-09
148.00	+2.871e+00	+8.205e+00	+4.391e-02	+4.315e-02	+1.878e-03	+1.232e-01	+1.497e-06
149.00	+2.979e+00	+8.837e+00	+5.427e-02	+5.348e-02	+2.881e-03	+1.589e-01	-8.688e-07
150.00	+2.959e+00	+8.721e+00	+1.478e-02	+1.443e-02	+2.108e-04	+4.243e-02	+2.216e-07
151.00	+3.047e+00	+9.248e+00	+3.541e-03	+3.071e-03	+1.013e-05	+9.061e-03	-1.920e-07
152.00	+3.056e+00	+9.303e+00	+5.375e-04	+3.861e-04	+1.754e-07	+1.075e-03	-1.254e-08
153.00	+3.337e+00	+1.110e+01	+6.093e-02	+5.966e-02	+3.597e-03	+1.988e-01	+7.719e-07
154.00	+2.941e+00	+8.615e+00	+1.810e-03	+1.678e-03	+2.926e-06	+4.896e-03	-1.223e-08
155.00	+3.126e+00	+9.738e+00	+3.880e-03	+3.682e-03	+1.392e-05	+1.139e-02	-4.949e-08
156.00	+3.207e+00	+1.025e+01	+8.545e-03	+8.190e-03	+6.851e-05	+2.604e-02	+2.009e-07
157.00	+3.269e+00	+1.065e+01	+1.894e-03	+1.922e-03	+3.666e-06	+6.258e-03	+3.546e-09
158.00	+3.416e+00	+1.163e+01	+8.812e-04	+3.021e-04	+1.369e-07	+5.387e-04	+7.442e-08
159.00	+3.386e+00	+1.143e+01	+2.094e-02	+2.081e-02	+4.343e-04	+7.031e-02	-1.927e-08
160.00	+3.469e+00	+1.200e+01	+8.330e-03	+8.193e-03	+6.768e-05	+2.836e-02	+2.744e-08
161.00	+3.449e+00	+1.186e+01	+1.015e-03	+9.433e-04	+9.231e-07	+3.172e-03	-6.507e-09
162.00	+3.445e+00	+1.183e+01	+3.914e-03	+3.883e-03	+1.514e-05	+1.336e-02	+2.861e-09
163.00	+3.531e+00	+1.244e+01	+1.141e-05	+9.515e-06	+9.911e-11	+3.301e-05	+2.467e-12
164.00	+3.648e+00	+1.327e+01	+7.793e-05	+1.276e-05	+4.977e-11	-1.307e-05	-3.993e-10
165.00	+3.523e+00	+1.238e+01	+4.147e-03	+4.172e-03	+1.735e-05	+1.466e-02	-6.260e-09
166.00	+3.596e+00	+1.290e+01	+2.788e-03	+2.547e-03	+6.786e-06	+8.981e-03	+6.349e-08
167.00	+3.632e+00	+1.316e+01	+1.864e-02	+1.843e-02	+3.415e-04	+6.681e-02	-5.158e-08
168.00	+3.609e+00	+1.299e+01	+2.088e-04	+6.489e-05	+6.294e-09	+1.083e-04	-4.177e-09
169.00	+3.657e+00	+1.334e+01	+6.179e-03	+6.084e-03	+3.731e-05	+2.222e-02	-6.512e-09
170.00	+3.664e+00	+1.339e+01	+3.668e-05	+4.367e-06	-3.940e-11	-1.263e-05	-3.875e-11
171.00	+3.644e+00	+1.325e+01	+5.764e-03	+5.417e-03	+3.027e-05	+1.948e-02	+1.590e-07
172.00	+3.676e+00	+1.348e+01	+3.361e-04	+3.288e-04	+1.093e-07	+1.196e-03	-3.532e-11
173.00	+3.697e+00	+1.363e+01	+1.954e-04	+2.167e-05	-1.404e-09	-7.989e-05	-1.299e-10
174.00	+3.669e+00	+1.343e+01	+1.505e-02	+1.469e-02	+2.184e-04	+5.353e-02	-2.022e-07
175.00	+3.635e+00	+1.318e+01	+8.814e-04	+2.686e-04	+1.076e-07	+4.172e-04	-7.416e-08
176.00	+3.651e+00	+1.330e+01	+2.519e-04	+1.760e-04	+3.693e-08	+5.635e-04	-3.159e-09
177.00	+3.689e+00	+1.357e+01	+2.395e-05	+6.979e-06	+7.227e-11	+1.075e-05	-5.403e-11
178.00	+3.668e+00	+1.343e+01	+2.583e-05	+7.370e-06	+8.119e-11	+1.057e-05	-6.124e-11
179.00	+3.680e+00	+1.351e+01	+1.097e-05	+5.907e-06	+4.662e-11	+1.704e-05	-9.323e-12
180.00	+7.260e+00	+5.268e+01	+1.800e-04	+2.022e-05	-1.168e-09	-1.432e-04	+3.537e-10
181.00	+3.690e+00	+1.358e+01	+1.102e-05	+5.604e-06	+4.289e-11	+1.564e-05	-9.988e-12
182.00	+3.689e+00	+1.356e+01	+1.194e-05	+5.543e-06	+4.361e-11	+1.587e-05	-1.146e-11
183.00	+3.658e+00	+1.335e+01	+5.484e-03	+5.461e-03	+2.988e-05	+1.995e-02	-4.232e-09
184.00	+3.659e+00	+1.335e+01	+3.450e-03	+3.457e-03	+1.194e-05	+1.263e-02	-4.378e-09
185.00	+3.682e+00	+1.352e+01	+9.451e-04	+2.214e-04	+6.374e-08	+1.546e-04	+7.874e-08
186.00	+3.614e+00	+1.303e+01	+5.959e-03	+5.777e-03	+3.390e-05	+2.073e-02	+5.934e-08
187.00	+3.617e+00	+1.305e+01	+5.359e-04	+4.887e-04	+2.501e-07	+1.743e-03	+2.198e-09
188.00	+3.670e+00	+1.344e+01	+1.739e-02	+1.691e-02	+2.900e-04	+6.160e-02	-4.608e-07
189.00	+3.636e+00	+1.319e+01	+5.951e-03	+5.913e-03	+3.508e-05	+2.147e-02	-2.399e-09
190.00	+3.633e+00	+1.317e+01	+6.529e-05	+1.394e-05	+2.249e-10	+6.839e-06	+3.551e-10
191.00	+3.608e+00	+1.299e+01	+7.687e-03	+7.376e-03	+5.554e-05	+2.639e-02	+1.455e-07
192.00	+3.605e+00	+1.296e+01	+1.894e-02	+1.890e-02	+3.576e-04	+6.803e-02	-4.260e-08
193.00	+3.474e+00	+1.204e+01	+1.509e-02	+1.500e-02	+2.257e-04	+5.205e-02	+1.878e-08
194.00	+3.201e+00	+1.021e+01	+1.661e-04	+1.799e-04	+3.110e-08	+5.724e-04	-2.312e-10
195.00	+3.511e+00	+1.229e+01	+1.398e-02	+1.360e-02	+1.876e-04	+4.745e-02	+2.571e-07
196.00	+3.330e+00	+1.105e+01	+7.505e-02	+7.471e-02	+5.594e-03	+2.482e-01	+4.335e-08
197.00	+3.317e+00	+1.097e+01	+4.801e-04	+1.438e-04	+3.074e-08	+2.042e-04	-2.196e-08
198.00	+3.267e+00	+1.064e+01	+9.931e-03	+9.834e-03	+9.718e-05	+3.200e-02	-2.303e-08
199.00	+3.131e+00	+9.773e+00	+9.091e-03	+8.377e-03	+7.310e-05	+2.567e-02	-6.093e-07
200.00	+3.078e+00	+9.438e+00	+1.266e-03	+6.204e-04	+5.331e-07	+1.422e-03	-1.342e-07
201.00	+3.095e+00	+9.541e+00	+1.608e-02	+1.555e-02	+2.459e-04	+4.776e-02	-4.400e-07
202.00	+2.857e+00	+8.129e+00	+2.078e-03	+1.696e-03	+3.184e-06	+4.589e-03	-1.020e-07
203.00	+2.924e+00	+8.518e+00	+6.487e-03	+4.407e-03	+2.347e-05	+1.146e-02	-2.153e-06
204.00	+2.992e+00	+8.914e+00	+1.654e-03	+3.790e-04	+1.826e-07	+1.880e-04	-2.382e-07
205.00	+2.893e+00	+8.333e+00	+2.835e-02	+2.698e-02	+7.464e-04	+7.718e-02	-2.696e-06
206.00	+3.005e+00	+8.994e+00	+1.359e-01	+1.324e-01	+1.775e-02	+3.952e-01	-2.591e-05
207.00	+2.775e+00	+7.665e+00	+1.303e-02	+1.067e-02	+1.257e-04	+2.787e-02	+4.100e-06
208.00	+2.764e+00	+7.603e+00	+1.456e-03	+6.109e-04	+5.425e-07	+1.108e-03	-1.941e-07
209.00	+2.675e+00	+7.119e+00	+2.000e-03	+4.032e-04	+1.663e-07	-1.806e-06	+3.216e-07
210.00	+2.733e+00	+7.436e+00	+1.202e-02	+1.018e-02	+1.126e-04	+2.667e-02	-2.782e-06
211.00	+2.823e+00	+7.931e+00	+4.569e-03	+1.748e-03	+4.525e-06	+3.053e-03	-1.978e-06
212.00	+2.729e+00	+7.412e+00	+1.220e-02	+1.093e-02	+1.262e-04	+2.869e-02	+1.617e-06
213.00	+2.649e+00	+6.985e+00	+1.426e-03	+1.601e-04	-7.308e-08	-4.144e-04	+2.260e-08
214.00	+2.747e+00	+7.508e+00	+6.130e-03	+2.101e-03	+6.620e-06	+3.131e-03	-3.604e-06
215.00	+2.651e+00	+6.994e+00	+2.403e-03	+6.586e-04	+6.296e-07	+6.631e-04	-5.386e-07
216.00	+2.630e+00	+6.883e+00	+1.457e-02	+1.290e-02	+1.769e-04	+3.303e-02	-2.634e-06
217.00	+2.659e+00	+7.036e+00	+2.098e-03	+1.267e-03	+2.046e-06	+2.854e-03	-2.883e-07
218.00	+2.613e+00	+6.793e+00	+6.819e-04	+7.690e-05	-1.631e-08	-1.948e-04	+6.637e-09
219.00	+2.581e+00	+6.628e+00	+1.400e-03	+1.197e-03	+1.549e-06	+2.917e-03	+3.445e-08
220.00	+2.595e+00	+6.699e+00	+8.004e-03	+7.929e-03	+6.317e-05	+2.049e-02	-3.894e-08
221.00	+2.662e+00	+7.050e+00	+3.644e-03	+1.657e-03	+3.901e-06	+3.179e-03	-1.172e-06
222.00	+2.637e+00	+6.921e+00	+1.588e-02	+1.340e-02	+1.955e-04	+3.384e-02	-4.962e-06
223.00	+2.603e+00	+6.738e+00	+4.403e-03	+4.592e-03	+2.065e-05	+1.191e-02	-4.165e-09
224.00	+2.544e+00	+6.437e+00	+1.518e-01	+1.489e-01	+2.239e-02	+3.755e-01	-1.856e-05
225.00	+2.910e+00	+8.430e+00	+1.515e+00	+1.508e+00	+2.280e+00	+4.376e+00	+2.599e-04
226.00	+2.640e+00	+6.933e+00	+9.597e-02	+9.298e-02	+8.784e-03	+2.442e-01	+1.644e-05
227.00	+2.640e+00	+6.935e+00	+6.532e-03	+6.062e-03	+3.815e-05	+1.595e-02	-1.003e-07
228.00	+2.538e+00	+6.407e+00	+1.768e-02	+1.715e-02	+2.986e-04	+4.334e-02	+2.436e-07
229.00	+2.584e+00	+6.642e+00	+2.842e-03	+2.618e-03	+7.140e-06	+6.734e-03	+2.237e-08
230.00	+2.591e+00	+6.676e+00	+1.891e-03	+1.946e-03	+3.733e-06	+5.028e-03	+1.884e-09
231.00	+2.605e+00	+6.752e+00	+2.887e-04	+1.743e-04	+3.874e-08	+3.713e-04	-5.388e-09
232.00	+2.597e+00	+6.709e+00	+1.466e-02	+1.428e-02	+2.066e-04	+3.687e-02	-3.123e-07
233.00	+2.733e+00	+7.430e+00	+3.552e-03	+2.979e-03	+9.685e-06	+7.762e-03	-2.635e-07
234.00	+2.650e+00	+6.987e+00	+5.103e-04	+1.926e-04	+5.498e-08	+2.988e-04	-2.492e-08
235.00	+2.686e+00	+7.178e+00	+1.435e-04	+1.260e-04	+1.694e-08	+3.164e-04	-2.133e-10
236.00	+2.679e+00	+7.139e+00	+4.775e-04	+3.313e-04	+1.314e-07	+7.792e-04	-1.067e-08
237.00	+2.705e+00	+7.281e+00	+2.676e-03	+2.532e-03	+6.590e-06	+6.766e-03	-2.880e-08
238.00	+2.715e+00	+7.335e+00	+3.931e-02	+3.925e-02	+1.542e-03	+1.063e-01	+1.234e-07
239.00	+2.828e+00	+7.961e+00	+4.366e-02	+4.251e-02	+1.831e-03	+1.195e-01	+2.582e-06
240.00	+2.791e+00	+7.755e+00	+1.638e-02	+1.618e-02	+2.633e-04	+4.492e-02	-1.484e-07
241.00	+2.890e+00	+8.318e+00	+2.517e-04	+1.988e-04	+4.446e-08	+5.722e-04	-5.033e-10
242.00	+2.901e+00	+8.379e+00	+4.936e-03	+5.029e-03	+2.506e-05	+1.453e-02	+2.745e-08
243.00	+3.172e+00	+1.002e+01	+3.792e-02	+3.583e-02	+1.321e-03	+1.128e-01	+5.694e-06
244.00	+2.786e+00	+7.727e+00	+3.032e-03	+2.632e-03	+7.433e-06	+7.182e-03	+1.301e-07
245.00	+2.939e+00	+8.605e+00	+8.101e-04	+6.804e-04	+5.050e-07	+1.944e-03	+1.254e-08
246.00	+2.972e+00	+8.799e+00	+2.891e-02	+2.884e-02	+8.330e-04	+8.556e-02	+9.673e-09
247.00	+3.071e+00	+9.397e+00	+3.768e-04	+3.503e-04	+1.273e-07	+1.063e-03	-7.526e-10
248.00	+3.194e+00	+1.016e+01	+2.212e-04	+8.100e-05	+9.816e-09	+1.362e-04	+4.605e-09
249.00	+3.138e+00	+9.813e+00	+1.137e-02	+1.150e-02	+1.315e-04	+3.602e-02	-3.759e-08
250.00	+3.234e+00	+1.043e+01	+7.866e-03	+7.908e-03	+6.237e-05	+2.552e-02	-1.645e-08
251.00	+3.265e+00	+1.063e+01	+1.245e-03	+8.977e-04	+9.466e-07	+2.665e-03	-6.622e-08
252.00	+3.284e+00	+1.075e+01	+5.378e-03	+5.011e-03	+2.601e-05	+1.619e-02	-1.659e-07
253.00	+3.456e+00	+1.191e+01	+1.487e-03	+1.059e-03	+1.324e-06	+3.296e-03	+9.910e-08
254.00	+3.607e+00	+1.298e+01	+1.664e-04	+1.338e-04	+1.994e-08	+4.538e-04	+7.512e-10
255.00	+3.523e+00	+1.238e+01	+4.147e-03	+4.172e-03	+1.735e-05	+1.466e-02	-6.260e-09
256.00	+3.596e+00	+1.290e+01	+2.788e-03	+2.547e-03	+6.786e-06	+8.981e-03	+6.349e-08
257.00	+3.632e+00	+1.316e+01	+1.864e-02	+1.843e-02	+3.415e-04	+6.681e-02	-5.158e-08
258.00	+3.609e+00	+1.299e+01	+2.088e-04	+6.489e-05	+6.294e-09	+1.083e-04	-4.177e-09
259.00	+3.657e+00	+1.334e+01	+6.179e-03	+6.084e-03	+3.731e-05	+2.222e-02	-6.512e-09
260.00	+3.664e+00	+1.339e+01	+3.668e-05	+4.367e-06	-3.940e-11	-1.263e-05	-3.875e-11
261.00	+3.644e+00	+1.325e+01	+5.764e-03	+5.417e-03	+3.027e-05	+1.948e-02	+1.590e-07
262.00	+3.676e+00	+1.348e+01	+3.361e-04	+3.288e-04	+1.093e-07	+1.196e-03	-3.532e-11
263.00	+3.697e+00	+1.363e+01	+1.954e-04	+2.167e-05	-1.404e-09	-7.989e-05	-1.299e-10
264.00	+3.669e+00	+1.343e+01	+1.505e-02	+1.469e-02	+2.184e-04	+5.353e-02	-2.022e-07
265.00	+3.635e+00	+1.318e+01	+8.814e-04	+2.686e-04	+1.076e-07	+4.172e-04	-7.416e-08
266.00	+3.651e+00	+1.330e+01	+2.519e-04	+1.760e-04	+3.693e-08	+5.635e-04	-3.159e-09
267.00	+3.689e+00	+1.357e+01	+2.395e-05	+6.979e-06	+7.227e-11	+1.075e-05	-5.403e-11
268.00	+3.668e+00	+1.343e+01	+2.583e-05	+7.370e-06	+8.119e-11	+1.057e-05	-6.124e-11
269.00	+3.680e+00	+1.351e+01	+1.097e-05	+5.907e-06	+4.662e-11	+1.704e-05	-9.323e-12
270.00	+7.260e+00	+5.268e+01	+1.800e-04	+2.022e-05	-1.168e-09	-1.432e-04	+3.537e-10
271.00	+3.690e+00	+1.358e+01	+1.102e-05	+5.604e-06	+4.289e-11	+1.564e-05	-9.988e-12
272.00	+3.689e+00	+1.356e+01	+1.194e-05	+5.543e-06	+4.361e-11	+1.587e-05	-1.146e-11
273.00	+3.658e+00	+1.335e+01	+5.484e-03	+5.461e-03	+2.988e-05	+1.995e-02	-4.232e-09
274.00	+3.659e+00	+1.335e+01	+3.450e-03	+3.457e-03	+1.194e-05	+1.263e-02	-4.378e-09
275.00	+3.682e+00	+1.352e+01	+9.451e-04	+2.214e-04	+6.374e-08	+1.546e-04	+7.874e-08
276.00	+3.614e+00	+1.303e+01	+5.959e-03	+5.777e-03	+3.390e-05	+2.073e-02	+5.934e-08
277.00	+3.617e+00	+1.305e+01	+5.359e-04	+4.887e-04	+2.501e-07	+1.743e-03	+2.198e-09
278.00	+3.670e+00	+1.344e+01	+1.739e-02	+1.691e-02	+2.900e-04	+6.160e-02	-4.608e-07
279.00	+3.636e+00	+1.319e+01	+5.951e-03	+5.913e-03	+3.508e-05	+2.147e-02	-2.399e-09
280.00	+3.633e+00	+1.317e+01	+6.529e-05	+1.394e-05	+2.249e-10	+6.839e-06	+3.551e-10
281.00	+3.533e+00	+1.245e+01	+1.301e-02	+1.283e-02	+1.658e-04	+4.525e-02	-6.276e-08
282.00	+3.481e+00	+1.209e+01	+1.387e-02	+1.342e-02	+1.831e-04	+4.613e-02	-3.603e-07
283.00	+3.249e+00	+1.052e+01	+1.263e-02	+1.170e-02	+1.421e-04	+3.728e-02	+1.048e-06
284.00	+2.978e+00	+8.833e+00	+6.163e-03	+5.715e-03	+3.391e-05	+1.663e-02	+2.335e-07
285.00	+3.212e+00	+1.028e+01	+7.598e-03	+6.562e-03	+4.633e-05	+2.029e-02	+9.256e-07
286.00	+3.007e+00	+9.006e+00	+7.211e-02	+7.009e-02	+4.983e-03	+2.092e-01	-7.677e-06
287.00	+3.015e+00	+9.056e+00	+2.916e-03	+4.533e-04	+6.357e-09	-5.092e-04	+5.212e-07
288.00	+3.023e+00	+9.100e+00	+4.684e-02	+4.370e-02	+1.977e-03	+1.300e-01	-1.273e-05
289.00	+2.880e+00	+8.264e+00	+1.243e-02	+9.370e-03	+1.010e-04	+2.486e-02	-5.670e-06
290.00	+2.843e+00	+8.048e+00	+9.062e-03	+3.915e-03	+2.210e-05	+7.604e-03	-7.459e-06
291.00	+2.879e+00	+8.253e+00	+4.768e-02	+4.198e-02	+1.878e-03	+1.173e-01	-3.026e-05
292.00	+2.667e+00	+7.080e+00	+3.551e-03	+4.052e-04	-4.301e-07	-1.004e-03	-2.264e-07
293.00	+2.748e+00	+7.517e+00	+7.068e-03	+1.952e-03	+5.533e-06	+1.910e-03	-4.683e-06
294.00	+2.826e+00	+7.949e+00	+9.587e-03	+3.501e-03	+1.829e-05	+5.684e-03	-8.776e-06
295.00	+2.734e+00	+7.440e+00	+5.080e-02	+4.574e-02	+2.204e-03	+1.219e-01	-2.656e-05
296.00	+2.859e+00	+8.135e+00	+2.015e-01	+1.928e-01	+3.801e-02	+5.454e-01	-1.230e-04
297.00	+2.681e+00	+7.150e+00	+8.687e-03	+2.223e-03	+6.912e-06	+1.591e-03	+6.903e-06
298.00	+2.653e+00	+7.006e+00	+8.188e-03	+4.602e-03	+2.783e-05	+9.863e-03	-4.868e-06
299.00	+2.566e+00	+6.550e+00	+5.281e-03	+6.919e-04	-5.619e-07	-1.147e-03	-1.197e-06
300.00	+2.615e+00	+6.801e+00	+2.185e-02	+1.691e-02	+3.247e-04	+4.114e-02	-1.568e-05
301.00	+2.707e+00	+7.293e+00	+7.001e-03	+1.708e-03	+3.935e-06	+1.122e-03	-4.405e-06
302.00	+2.627e+00	+6.867e+00	+1.327e-02	+1.017e-02	+1.180e-04	+2.448e-02	+6.001e-06
303.00	+2.524e+00	+6.335e+00	+2.813e-03	+3.544e-04	-1.936e-07	-6.599e-04	+2.962e-07
304.00	+2.642e+00	+6.944e+00	+1.055e-02	+4.064e-03	+2.444e-05	+6.604e-03	-1.051e-05
305.00	+2.549e+00	+6.462e+00	+4.474e-03	+1.251e-03	+2.284e-06	+1.222e-03	-1.881e-06
306.00	+2.518e+00	+6.306e+00	+1.442e-02	+1.106e-02	+1.395e-04	+2.590e-02	-7.060e-06
307.00	+2.561e+00	+6.521e+00	+5.948e-03	+3.578e-03	+1.634e-05	+7.694e-03	-2.335e-06
308.00	+2.516e+00	+6.297e+00	+3.403e-03	+5.915e-04	+1.949e-07	-2.290e-04	-8.162e-07
309.00	+2.496e+00	+6.194e+00	+3.733e-03	+2.070e-03	+5.661e-06	+4.028e-03	+1.034e-06
310.00	+2.514e+00	+6.285e+00	+7.930e-03	+7.512e-03	+5.798e-05	+1.842e-02	+2.378e-07
311.00	+2.560e+00	+6.516e+00	+7.491e-03	+3.383e-03	+1.629e-05	+6.148e-03	-4.981e-06
312.00	+2.535e+00	+6.393e+00	+2.557e-02	+1.992e-02	+4.491e-04	+4.712e-02	-2.078e-05
313.00	+2.512e+00	+6.277e+00	+1.533e-03	+1.171e-03	+1.568e-06	+2.622e-03	+7.161e-08
314.00	+2.422e+00	+5.835e+00	+1.462e-01	+1.357e-01	+1.911e-02	+3.215e-01	-1.393e-04
315.00	+2.860e+00	+8.139e+00	+1.433e+00	+1.422e+00	+2.031e+00	+4.051e+00	+4.637e-04
316.00	+2.486e+00	+6.147e+00	+7.578e-02	+7.311e-02	+5.442e-03	+1.813e-01	+1.223e-06
317.00	+2.534e+00	+6.385e+00	+2.644e-03	+9.569e-04	+1.366e-06	+1.365e-03	+6.716e-07
318.00	+2.443e+00	+5.934e+00	+1.162e-02	+1.095e-02	+1.235e-04	+2.653e-02	-5.297e-07
319.00	+2.477e+00	+6.102e+00	+2.956e-03	+1.958e-03	+4.686e-06	+4.391e-03	-4.620e-07
320.00	+2.480e+00	+6.114e+00	+1.737e-03	+6.732e-04	+6.699e-07	+9.471e-04	+2.851e-07
321.00	+2.495e+00	+6.192e+00	+1.514e-03	+1.208e-03	+1.633e-06	+2.754e-03	+6.348e-08
322.00	+2.499e+00	+6.213e+00	+1.363e-02	+1.345e-02	+1.821e-04	+3.349e-02	+1.896e-08
323.00	+2.618e+00	+6.817e+00	+3.678e-04	+3.525e-04	+1.269e-07	+8.908e-04	+7.842e-11
324.00	+2.550e+00	+6.464e+00	+9.095e-05	+7.083e-05	+5.681e-09	+1.634e-04	+2.238e-10
325.00	+2.605e+00	+6.751e+00	+2.407e-04	+3.740e-05	+6.822e-11	-3.767e-05	+3.547e-09
326.00	+2.579e+00	+6.613e+00	+3.516e-04	+1.586e-04	+3.581e-08	+2.664e-04	+1.100e-08
327.00	+2.608e+00	+6.765e+00	+1.680e-03	+1.610e-03	+2.649e-06	+4.161e-03	+7.753e-09
328.00	+2.643e+00	+6.949e+00	+3.435e-02	+3.403e-02	+1.163e-03	+8.958e-02	+3.485e-07
329.00	+2.714e+00	+7.332e+00	+4.442e-02	+4.363e-02	+1.920e-03	+1.181e-01	+3.673e-07
330.00	+2.694e+00	+7.221e+00	+1.486e-02	+1.483e-02	+2.201e-04	+3.985e-02	-2.777e-08
331.00	+2.805e+00	+7.830e+00	+5.483e-04	+3.511e-04	+1.531e-07	+8.855e-04	-1.688e-08
332.00	+2.814e+00	+7.882e+00	+7.714e-04	+7.806e-04	+6.057e-07	+2.153e-03	-2.899e-09
333.00	+3.070e+00	+9.388e+00	+3.926e-02	+3.765e-02	+1.448e-03	+1.151e-01	+3.266e-06
334.00	+2.699e+00	+7.252e+00	+8.569e-04	+6.833e-04	+5.225e-07	+1.787e-03	+1.845e-08
335.00	+2.842e+00	+8.044e+00	+1.834e-03	+1.723e-03	+3.064e-06	+4.887e-03	+3.993e-09
336.00	+2.928e+00	+8.536e+00	+1.000e-02	+9.818e-03	+9.729e-05	+2.861e-02	+7.631e-08
337.00	+2.968e+00	+8.771e+00	+6.617e-04	+5.286e-04	+3.124e-07	+1.483e-03	-1.200e-08
338.00	+3.109e+00	+9.627e+00	+5.796e-04	+6.563e-05	-1.165e-08	-1.915e-04	-5.294e-09
339.00	+3.057e+00	+9.309e+00	+1.157e-02	+1.162e-02	+1.348e-04	+3.546e-02	-3.803e-08
340.00	+3.155e+00	+9.916e+00	+6.921e-03	+6.737e-03	+4.601e-05	+2.105e-02	+6.138e-08
341.00	+3.180e+00	+1.008e+01	+1.072e-03	+5.852e-04	+4.553e-07	+1.483e-03	-8.654e-08
342.00	+3.198e+00	+1.020e+01	+3.453e-03	+3.320e-03	+1.124e-05	+1.052e-02	-2.715e-08
343.00	+3.369e+00	+1.132e+01	+2.506e-03	+1.920e-03	+4.205e-06	+6.006e-03	+2.144e-07
344.00	+3.523e+00	+1.238e+01	+3.131e-04	+4.324e-05	-1.389e-09	-8.388e-05	+4.834e-09
345.00	+3.436e+00	+1.177e+01	+2.395e-03	+2.421e-03	+5.830e-06	+8.296e-03	-3.742e-09
346.00	+3.508e+00	+1.227e+01	+2.203e-03	+1.446e-03	+2.567e-06	+4.437e-03	+2.696e-07
347.00	+3.553e+00	+1.259e+01	+1.811e-02	+1.781e-02	+3.198e-04	+6.314e-02	-9.584e-08
348.00	+3.524e+00	+1.238e+01	+2.758e-04	+2.354e-04	+5.998e-08	+8.084e-04	-1.269e-09
349.00	+3.575e+00	+1.275e+01	+6.541e-03	+6.403e-03	+4.144e-05	+2.282e-02	-2.887e-08
350.00	+3.623e+00	+1.309e+01	+2.156e-04	+2.418e-05	-1.676e-09	-8.490e-05	-4.894e-10
351.00	+3.622e+00	+1.309e+01	+5.181e-03	+4.927e-03	+2.489e-05	+1.765e-02	+9.456e-08
352.00	+3.676e+00	+1.348e+01	+3.361e-04	+3.288e-04	+1.093e-07	+1.196e-03	-3.532e-11
353.00	+3.697e+00	+1.363e+01	+1.954e-04	+2.167e-05	-1.404e-09	-7.989e-05	-1.299e-10
354.00	+3.669e+00	+1.343e+01	+1.505e-02	+1.469e-02	+2.184e-04	+5.353e-02	-2.022e-07
355.00	+3.635e+00	+1.318e+01	+8.814e-04	+2.686e-04	+1.076e-07	+4.172e-04	-7.416e-08
356.00	+3.651e+00	+1.330e+01	+2.519e-04	+1.760e-04	+3.693e-08	+5.635e-04	-3.159e-09
357.00	+3.689e+00	+1.357e+01	+2.395e-05	+6.979e-06	+7.227e-11	+1.075e-05	-5.403e-11
358.00	+3.668e+00	+1.343e+01	+2.583e-05	+7.370e-06	+8.119e-11	+1.057e-05	-6.124e-11
359.00	+3.680e+00	+1.351e+01	+1.097e-05	+5.907e-06	+4.662e-11	+1.704e-05	-9.323e-12
