0	2.037037e-01	8.573388e-03	2.540263e-03	4.064421e-04	4.129880e-07	3.763353e-05	-0.000000e+00
1	1.729631e-01	1.744424e-03	9.203009e-04	1.166769e-05	1.204890e-09	4.453302e-07	1.001421e-10
2	1.729631e-01	1.744424e-03	9.203009e-04	1.166769e-05	1.204890e-09	4.453302e-07	1.001421e-10
3	1.729631e-01	1.744424e-03	9.203009e-04	1.166769e-05	1.204890e-09	4.453302e-07	1.001421e-10
4	1.729631e-01	1.744424e-03	9.203009e-04	1.166769e-05	1.204890e-09	4.453302e-07	1.001421e-10
5	1.694606e-01	2.715838e-03	4.711475e-04	3.748116e-05	4.980787e-09	1.953282e-06	2.716416e-22
6	1.694606e-01	2.715838e-03	4.711475e-04	3.748116e-05	4.980787e-09	1.953282e-06	2.716416e-22
7	1.694606e-01	2.715838e-03	4.711475e-04	3.748116e-05	4.980787e-09	1.953282e-06	2.716416e-22
8	1.694606e-01	2.715838e-03	4.711475e-04	3.748116e-05	4.980787e-09	1.953282e-06	2.716416e-22
9	1.694606e-01	2.715838e-03	4.711475e-04	3.748116e-05	4.980787e-09	1.953282e-06	2.716416e-22
10	1.694606e-01	2.715838e-03	4.711475e-04	3.748116e-05	4.980787e-09	1.953282e-06	2.716416e-22
11	1.694606e-01	2.715838e-03	4.711475e-04	3.748116e-05	4.980787e-09	1.953282e-06	2.716416e-22
12	1.854956e-01	5.581353e-03	1.846954e-03	9.927861e-05	4.699191e-09	-7.764361e-07	4.225148e-08
13	1.854956e-01	5.581353e-03	1.846954e-03	9.927861e-05	4.699191e-09	-7.764361e-07	4.225148e-08
14	1.802458e-01	2.679203e-03	2.200814e-03	1.394866e-04	2.233837e-08	-1.032498e-06	7.398541e-08
15	1.802458e-01	2.679203e-03	2.200814e-03	1.394866e-04	2.233837e-08	-1.032498e-06	7.398541e-08
16	1.756560e-01	1.670754e-03	1.200032e-03	6.018359e-05	1.660919e-09	-4.308667e-08	1.608835e-08
17	1.759259e-01	2.143347e-05	1.490916e-03	7.392563e-05	2.253127e-08	3.275477e-07	9.730213e-09
18	1.759259e-01	2.143347e-05	1.490916e-03	7.392563e-05	2.253127e-08	3.275477e-07	9.730213e-09
19	1.820665e-01	1.184219e-03	4.537555e-04	2.224056e-05	1.912435e-09	3.488611e-07	1.155169e-09
20	1.820665e-01	1.184219e-03	4.537555e-04	2.224056e-05	1.912435e-09	3.488611e-07	1.155169e-09
21	1.694606e-01	1.168864e-03	3.392262e-04	2.007256e-06	-5.237797e-11	5.852057e-08	-6.371118e-24
22	1.694606e-01	1.168864e-03	3.392262e-04	2.007256e-06	-5.237797e-11	5.852057e-08	-6.371118e-24
23	1.893491e-01	2.079220e-03	4.730311e-04	3.343505e-05	1.013561e-09	-1.508648e-06	4.080838e-09
24	1.948111e-01	4.048223e-03	1.622376e-03	9.098968e-06	-5.000699e-10	2.169893e-07	-9.859462e-10
25	2.210648e-01	6.463531e-03	3.038424e-03	6.348797e-05	7.514481e-09	2.031776e-06	2.685280e-08
26	2.210648e-01	6.463531e-03	3.038424e-03	6.348797e-05	7.514481e-09	2.031776e-06	2.685280e-08
27	2.284934e-01	9.073489e-03	2.588921e-03	3.192041e-05	9.095220e-09	2.719174e-06	-1.216283e-09
28	1.975421e-01	2.868147e-03	1.463078e-03	4.617889e-05	1.272994e-09	-1.589472e-06	1.193556e-08
29	1.829446e-01	2.603613e-03	1.053377e-03	7.298759e-05	-1.533170e-08	-1.779013e-06	-1.321029e-08
30	1.720528e-01	1.204108e-03	3.936933e-04	2.631713e-05	9.750754e-10	-4.733216e-07	2.495011e-09
31	1.636297e-01	1.368610e-03	4.928927e-04	7.186470e-06	5.116391e-11	-1.268488e-07	-4.246390e-10
32	1.636297e-01	1.368610e-03	4.928927e-04	7.186470e-06	5.116391e-11	-1.268488e-07	-4.246390e-10
33	1.777778e-01	4.551111e-03	6.447407e-04	7.163786e-05	1.526554e-08	4.297148e-06	1.999662e-09
34	1.659259e-01	1.910343e-03	1.494666e-04	2.882162e-06	5.878369e-11	1.232189e-07	-1.108901e-11
35	1.659259e-01	1.910343e-03	1.494666e-04	2.882162e-06	5.878369e-11	1.232189e-07	-1.108901e-11
36	1.659259e-01	1.910343e-03	1.494666e-04	2.882162e-06	5.878369e-11	1.232189e-07	-1.108901e-11
37	1.932870e-01	6.206329e-03	1.004477e-03	1.949168e-04	6.218216e-08	1.471397e-05	5.976556e-08
38	1.756941e-01	4.538816e-03	4.184073e-04	3.337828e-05	3.842833e-09	1.755460e-06	-8.899327e-10
39	1.756941e-01	4.538816e-03	4.184073e-04	3.337828e-05	3.842833e-09	1.755460e-06	-8.899327e-10
40	1.754074e-01	4.725289e-03	5.353988e-04	5.713882e-05	9.993912e-09	3.927764e-06	2.843433e-22
41	1.754074e-01	4.725289e-03	5.353988e-04	5.713882e-05	9.993912e-09	3.927764e-06	2.843433e-22
42	1.754074e-01	4.725289e-03	5.353988e-04	5.713882e-05	9.993912e-09	3.927764e-06	2.843433e-22
43	1.754074e-01	4.725289e-03	5.353988e-04	5.713882e-05	9.993912e-09	3.927764e-06	2.843433e-22
44	1.754074e-01	4.725289e-03	5.353988e-04	5.713882e-05	9.993912e-09	3.927764e-06	2.843433e-22
45	1.716309e-01	2.082884e-03	8.614213e-04	5.535787e-05	1.119850e-08	2.499207e-06	4.552856e-09
46	1.564444e-01	4.551111e-04	1.753695e-04	6.742387e-08	2.318449e-13	-1.438376e-09	1.161773e-24
47	1.647230e-01	4.781171e-04	9.478707e-05	1.707406e-05	6.335338e-10	1.131398e-07	2.653994e-10
48	1.775148e-01	6.571629e-04	1.835900e-04	8.159555e-05	-2.458277e-09	1.797553e-06	9.679467e-09
49	1.854815e-01	7.283182e-04	5.596552e-04	1.048999e-04	9.202441e-09	1.634581e-06	2.369252e-08
50	1.696777e-01	5.617738e-04	3.083624e-04	1.811754e-05	1.322875e-09	4.291182e-07	2.895359e-10
51	1.696777e-01	5.617738e-04	3.083624e-04	1.811754e-05	1.322875e-09	4.291182e-07	2.895359e-10
52	1.748148e-01	1.984088e-03	9.068731e-04	3.379647e-05	5.685339e-09	1.174118e-06	-1.638411e-09
53	1.829446e-01	1.830126e-03	8.414443e-04	1.266461e-05	-1.285829e-09	-2.482530e-07	-2.363735e-10
54	1.748148e-01	1.984088e-03	9.068731e-04	3.379647e-05	5.685339e-09	1.174118e-06	-1.638411e-09
55	1.748148e-01	1.984088e-03	9.068731e-04	3.379647e-05	5.685339e-09	1.174118e-06	-1.638411e-09
56	1.838871e-01	3.014000e-03	2.102161e-03	1.507724e-04	4.504869e-08	7.770233e-06	7.194150e-08
57	1.720528e-01	1.204108e-03	3.936933e-04	2.631713e-05	9.750754e-10	-4.733216e-07	-2.495011e-09
58	1.720528e-01	1.204108e-03	3.936933e-04	2.631713e-05	9.750754e-10	-4.733216e-07	-2.495011e-09
59	1.736296e-01	1.866096e-03	1.121163e-03	6.673470e-05	9.691669e-09	6.803937e-07	1.546887e-08
60	1.920801e-01	5.921925e-03	9.727028e-04	2.342826e-04	1.118406e-07	1.553671e-05	-2.103464e-10
61	1.920801e-01	5.921925e-03	9.727028e-04	2.342826e-04	1.118406e-07	1.553671e-05	-2.103464e-10
62	1.920801e-01	5.921925e-03	9.727028e-04	2.342826e-04	1.118406e-07	1.553671e-05	-2.103464e-10
63	1.920801e-01	5.921925e-03	9.727028e-04	2.342826e-04	1.118406e-07	1.553671e-05	-2.103464e-10
64	1.971574e-01	8.511680e-03	3.804376e-04	1.747497e-04	4.504921e-08	1.611637e-05	8.608195e-10
65	1.748148e-01	2.263265e-03	4.857666e-04	1.373709e-05	7.652701e-10	5.353508e-07	-8.207389e-10
66	1.748148e-01	2.263265e-03	4.857666e-04	1.373709e-05	7.652701e-10	5.353508e-07	-8.207389e-10
67	1.665452e-01	5.611236e-04	1.472336e-04	3.872021e-09	-2.923546e-15	9.172061e-11	1.310362e-26
68	1.665452e-01	5.611236e-04	1.472336e-04	3.872021e-09	-2.923546e-15	9.172061e-11	1.310362e-26
69	1.665452e-01	5.611236e-04	1.472336e-04	3.872021e-09	-2.923546e-15	9.172061e-11	1.310362e-26
70	1.665452e-01	5.611236e-04	1.472336e-04	3.872021e-09	-2.923546e-15	9.172061e-11	1.310362e-26
71	1.693218e-01	2.254077e-03	9.479090e-04	6.551936e-07	1.624601e-11	2.745496e-08	1.636028e-12
72	1.720117e-01	4.419927e-03	3.062459e-04	2.505972e-06	1.782637e-11	1.587822e-07	6.709459e-11
73	1.720117e-01	4.419927e-03	3.062459e-04	2.505972e-06	1.782637e-11	1.587822e-07	6.709459e-11
74	1.854956e-01	2.457655e-03	8.306135e-04	4.099386e-05	-7.116803e-09	1.289530e-07	-2.563609e-09
75	1.796647e-01	2.113410e-03	7.541147e-04	3.873879e-05	6.332563e-09	9.371058e-07	1.933692e-09
76	1.796647e-01	2.113410e-03	7.541147e-04	3.873879e-05	6.332563e-09	9.371058e-07	1.933692e-09
77	1.782070e-01	3.793195e-03	8.618375e-04	1.339719e-04	4.486273e-08	8.146822e-06	-7.726711e-09
78	1.760000e-01	3.748346e-03	2.371508e-04	4.785830e-05	4.631244e-09	2.611424e-06	-2.132366e-09
79	1.694606e-01	2.715838e-03	4.711475e-04	3.748116e-05	4.980787e-09	1.953282e-06	2.546640e-23
80	1.694606e-01	2.715838e-03	4.711475e-04	3.748116e-05	4.980787e-09	1.953282e-06	2.546640e-23
81	1.694606e-01	2.715838e-03	4.711475e-04	3.748116e-05	4.980787e-09	1.953282e-06	2.546640e-23
82	1.694606e-01	2.715838e-03	4.711475e-04	3.748116e-05	4.980787e-09	1.953282e-06	2.546640e-23
83	1.694606e-01	2.715838e-03	4.711475e-04	3.748116e-05	4.980787e-09	1.953282e-06	2.546640e-23
84	1.694606e-01	2.715838e-03	4.711475e-04	3.748116e-05	4.980787e-09	1.953282e-06	2.546640e-23
85	1.694606e-01	2.715838e-03	4.711475e-04	3.748116e-05	4.980787e-09	1.953282e-06	2.546640e-23
86	1.694606e-01	2.715838e-03	4.711475e-04	3.748116e-05	4.980787e-09	1.953282e-06	2.546640e-23
87	1.694606e-01	2.715838e-03	4.711475e-04	3.748116e-05	4.980787e-09	1.953282e-06	2.546640e-23
88	1.694606e-01	2.715838e-03	4.711475e-04	3.748116e-05	4.980787e-09	1.953282e-06	2.546640e-23
89	1.820665e-01	5.579670e-03	9.762809e-04	7.912208e-05	1.408859e-08	3.699142e-06	-1.688464e-08
90	2.037037e-01	8.573388e-03	2.540263e-03	4.064421e-04	4.129880e-07	3.763353e-05	6.685058e-21
91	1.729631e-01	1.744424e-03	9.203009e-04	1.166769e-05	1.204890e-09	4.453302e-07	1.001421e-10
92	1.729631e-01	1.744424e-03	9.203009e-04	1.166769e-05	1.204890e-09	4.453302e-07	1.001421e-10
93	1.729631e-01	1.744424e-03	9.203009e-04	1.166769e-05	1.204890e-09	4.453302e-07	1.001421e-10
94	1.729631e-01	1.744424e-03	9.203009e-04	1.166769e-05	1.204890e-09	4.453302e-07	1.001421e-10
95	1.729631e-01	1.744424e-03	9.203009e-04	1.166769e-05	1.204890e-09	4.453302e-07	1.001421e-10
96	1.694606e-01	2.715838e-03	4.711475e-04	3.748116e-05	4.980787e-09	1.953282e-06	-9.337679e-23
97	1.694606e-01	2.715838e-03	4.711475e-04	3.748116e-05	4.980787e-09	1.953282e-06	-9.337679e-23
98	1.694606e-01	2.715838e-03	4.711475e-04	3.748116e-05	4.980787e-09	1.953282e-06	-9.337679e-23
99	1.694606e-01	2.715838e-03	4.711475e-04	3.748116e-05	4.980787e-09	1.953282e-06	-9.337679e-23
100	1.694606e-01	2.715838e-03	4.711475e-04	3.748116e-05	4.980787e-09	1.953282e-06	-9.337679e-23
101	1.694606e-01	2.715838e-03	4.711475e-04	3.748116e-05	4.980787e-09	1.953282e-06	-9.337679e-23
102	1.854956e-01	5.581353e-03	1.846954e-03	9.927861e-05	4.699191e-09	-7.764361e-07	4.225148e-08
103	1.854956e-01	5.581353e-03	1.846954e-03	9.927861e-05	4.699191e-09	-7.764361e-07	4.225148e-08
104	1.802458e-01	2.679203e-03	2.200814e-03	1.394866e-04	2.233837e-08	-1.032498e-06	7.398541e-08
105	1.802458e-01	2.679203e-03	2.200814e-03	1.394866e-04	2.233837e-08	-1.032498e-06	7.398541e-08
106	1.756560e-01	1.670754e-03	1.200032e-03	6.018359e-05	1.660919e-09	-4.308667e-08	1.608835e-08
107	1.759259e-01	2.143347e-05	1.490916e-03	7.392563e-05	2.253127e-08	3.275477e-07	9.730213e-09
108	1.759259e-01	2.143347e-05	1.490916e-03	7.392563e-05	2.253127e-08	3.275477e-07	9.730213e-09
109	1.820665e-01	1.184219e-03	4.537555e-04	2.224056e-05	1.912435e-09	3.488611e-07	1.155169e-09
110	1.820665e-01	1.184219e-03	4.537555e-04	2.224056e-05	1.912435e-09	3.488611e-07	1.155169e-09
111	1.694606e-01	1.168864e-03	3.392262e-04	2.007256e-06	-5.237797e-11	5.852057e-08	3.319821e-23
112	1.694606e-01	1.168864e-03	3.392262e-04	2.007256e-06	-5.237797e-11	5.852057e-08	3.319821e-23
113	1.893491e-01	2.079220e-03	4.730311e-04	3.343505e-05	1.013561e-09	-1.508648e-06	4.080838e-09
114	1.948111e-01	4.048223e-03	1.622376e-03	9.098968e-06	-5.000699e-10	2.169893e-07	-9.859462e-10
115	2.210648e-01	6.463531e-03	3.038424e-03	6.348797e-05	7.514481e-09	2.031776e-06	2.685280e-08
116	2.210648e-01	6.463531e-03	3.038424e-03	6.348797e-05	7.514481e-09	2.031776e-06	2.685280e-08
117	2.284934e-01	9.073489e-03	2.588921e-03	3.192041e-05	9.095220e-09	2.719174e-06	-1.216283e-09
118	1.975421e-01	2.868147e-03	1.463078e-03	4.617889e-05	1.272994e-09	-1.589472e-06	1.193556e-08
119	1.829446e-01	2.603613e-03	1.053377e-03	7.298759e-05	-1.533170e-08	-1.779013e-06	-1.321029e-08
120	1.720528e-01	1.204108e-03	3.936933e-04	2.631713e-05	9.750754e-10	-4.733216e-07	2.495011e-09
121	1.636297e-01	1.368610e-03	4.928927e-04	7.186470e-06	5.116391e-11	-1.268488e-07	-4.246390e-10
122	1.636297e-01	1.368610e-03	4.928927e-04	7.186470e-06	5.116391e-11	-1.268488e-07	-4.246390e-10
123	1.777778e-01	4.551111e-03	6.447407e-04	7.163786e-05	1.526554e-08	4.297148e-06	1.999662e-09
124	1.659259e-01	1.910343e-03	1.494666e-04	2.882162e-06	5.878369e-11	1.232189e-07	-1.108901e-11
125	1.659259e-01	1.910343e-03	1.494666e-04	2.882162e-06	5.878369e-11	1.232189e-07	-1.108901e-11
126	1.659259e-01	1.910343e-03	1.494666e-04	2.882162e-06	5.878369e-11	1.232189e-07	-1.108901e-11
127	1.932870e-01	6.206329e-03	1.004477e-03	1.949168e-04	6.218216e-08	1.471397e-05	5.976556e-08
128	1.756941e-01	4.538816e-03	4.184073e-04	3.337828e-05	3.842833e-09	1.755460e-06	-8.899327e-10
129	1.756941e-01	4.538816e-03	4.184073e-04	3.337828e-05	3.842833e-09	1.755460e-06	-8.899327e-10
130	1.754074e-01	4.725289e-03	5.353988e-04	5.713882e-05	9.993912e-09	3.927764e-06	1.774682e-21
131	1.754074e-01	4.725289e-03	5.353988e-04	5.713882e-05	9.993912e-09	3.927764e-06	1.774682e-21
132	1.754074e-01	4.725289e-03	5.353988e-04	5.713882e-05	9.993912e-09	3.927764e-06	1.774682e-21
133	1.754074e-01	4.725289e-03	5.353988e-04	5.713882e-05	9.993912e-09	3.927764e-06	1.774682e-21
134	1.754074e-01	4.725289e-03	5.353988e-04	5.713882e-05	9.993912e-09	3.927764e-06	1.774682e-21
135	1.716309e-01	2.082884e-03	8.614213e-04	5.535787e-05	1.119850e-08	2.499207e-06	4.552856e-09
136	1.564444e-01	4.551111e-04	1.753695e-04	6.742387e-08	2.318449e-13	-1.438376e-09	1.656283e-25
137	1.647230e-01	4.781171e-04	9.478707e-05	1.707406e-05	6.335338e-10	1.131398e-07	2.653994e-10
138	1.775148e-01	6.571629e-04	1.835900e-04	8.159555e-05	-2.458277e-09	1.797553e-06	9.679467e-09
139	1.854815e-01	7.283182e-04	5.596552e-04	1.048999e-04	9.202441e-09	1.634581e-06	2.369252e-08
140	1.696777e-01	5.617738e-04	3.083624e-04	1.811754e-05	1.322875e-09	4.291182e-07	2.895359e-10
141	1.696777e-01	5.617738e-04	3.083624e-04	1.811754e-05	1.322875e-09	4.291182e-07	2.895359e-10
142	1.748148e-01	1.984088e-03	9.068731e-04	3.379647e-05	5.685339e-09	1.174118e-06	-1.638411e-09
143	1.829446e-01	1.830126e-03	8.414443e-04	1.266461e-05	-1.285829e-09	-2.482530e-07	-2.363735e-10
144	1.748148e-01	1.984088e-03	9.068731e-04	3.379647e-05	5.685339e-09	1.174118e-06	-1.638411e-09
145	1.748148e-01	1.984088e-03	9.068731e-04	3.379647e-05	5.685339e-09	1.174118e-06	-1.638411e-09
146	1.838871e-01	3.014000e-03	2.102161e-03	1.507724e-04	4.504869e-08	7.770233e-06	7.194150e-08
147	1.720528e-01	1.204108e-03	3.936933e-04	2.631713e-05	9.750754e-10	-4.733216e-07	-2.495011e-09
148	1.720528e-01	1.204108e-03	3.936933e-04	2.631713e-05	9.750754e-10	-4.733216e-07	-2.495011e-09
149	1.736296e-01	1.866096e-03	1.121163e-03	6.673470e-05	9.691669e-09	6.803937e-07	1.546887e-08
150	1.920801e-01	5.921925e-03	9.727028e-04	2.342826e-04	1.118406e-07	1.553671e-05	-2.103464e-10
151	1.920801e-01	5.921925e-03	9.727028e-04	2.342826e-04	1.118406e-07	1.553671e-05	-2.103464e-10
152	1.920801e-01	5.921925e-03	9.727028e-04	2.342826e-04	1.118406e-07	1.553671e-05	-2.103464e-10
153	1.920801e-01	5.921925e-03	9.727028e-04	2.342826e-04	1.118406e-07	1.553671e-05	-2.103464e-10
154	1.971574e-01	8.511680e-03	3.804376e-04	1.747497e-04	4.504921e-08	1.611637e-05	8.608195e-10
155	1.748148e-01	2.263265e-03	4.857666e-04	1.373709e-05	7.652701e-10	5.353508e-07	-8.207389e-10
156	1.748148e-01	2.263265e-03	4.857666e-04	1.373709e-05	7.652701e-10	5.353508e-07	-8.207389e-10
157	1.665452e-01	5.611236e-04	1.472336e-04	3.872021e-09	-2.923546e-15	9.172061e-11	3.097187e-26
158	1.665452e-01	5.611236e-04	1.472336e-04	3.872021e-09	-2.923546e-15	9.172061e-11	3.097187e-26
159	1.665452e-01	5.611236e-04	1.472336e-04	3.872021e-09	-2.923546e-15	9.172061e-11	3.097187e-26
160	1.665452e-01	5.611236e-04	1.472336e-04	3.872021e-09	-2.923546e-15	9.172061e-11	3.097187e-26
161	1.693218e-01	2.254077e-03	9.479090e-04	6.551936e-07	1.624601e-11	2.745496e-08	1.636028e-12
162	1.720117e-01	4.419927e-03	3.062459e-04	2.505972e-06	1.782637e-11	1.587822e-07	6.709459e-11
163	1.720117e-01	4.419927e-03	3.062459e-04	2.505972e-06	1.782637e-11	1.587822e-07	6.709459e-11
164	1.854956e-01	2.457655e-03	8.306135e-04	4.099386e-05	-7.116803e-09	1.289530e-07	-2.563609e-09
165	1.796647e-01	2.113410e-03	7.541147e-04	3.873879e-05	6.332563e-09	9.371058e-07	1.933692e-09
166	1.796647e-01	2.113410e-03	7.541147e-04	3.873879e-05	6.332563e-09	9.371058e-07	1.933692e-09
167	1.782070e-01	3.793195e-03	8.618375e-04	1.339719e-04	4.486273e-08	8.146822e-06	-7.726711e-09
168	1.760000e-01	3.748346e-03	2.371508e-04	4.785830e-05	4.631244e-09	2.611424e-06	-2.132366e-09
169	1.694606e-01	2.715838e-03	4.711475e-04	3.748116e-05	4.980787e-09	1.953282e-06	0.000000e+00
170	1.694606e-01	2.715838e-03	4.711475e-04	3.748116e-05	4.980787e-09	1.953282e-06	0.000000e+00
171	1.694606e-01	2.715838e-03	4.711475e-04	3.748116e-05	4.980787e-09	1.953282e-06	0.000000e+00
172	1.694606e-01	2.715838e-03	4.711475e-04	3.748116e-05	4.980787e-09	1.953282e-06	0.000000e+00
173	1.694606e-01	2.715838e-03	4.711475e-04	3.748116e-05	4.980787e-09	1.953282e-06	0.000000e+00
174	1.694606e-01	2.715838e-03	4.711475e-04	3.748116e-05	4.980787e-09	1.953282e-06	0.000000e+00
175	1.694606e-01	2.715838e-03	4.711475e-04	3.748116e-05	4.980787e-09	1.953282e-06	0.000000e+00
176	1.694606e-01	2.715838e-03	4.711475e-04	3.748116e-05	4.980787e-09	1.953282e-06	0.000000e+00
177	1.694606e-01	2.715838e-03	4.711475e-04	3.748116e-05	4.980787e-09	1.953282e-06	0.000000e+00
178	1.694606e-01	2.715838e-03	4.711475e-04	3.748116e-05	4.980787e-09	1.953282e-06	0.000000e+00
179	1.820665e-01	5.579670e-03	9.762809e-04	7.912208e-05	1.408859e-08	3.699142e-06	-1.688464e-08
180	2.037037e-01	8.573388e-03	2.540263e-03	4.064421e-04	4.129880e-07	3.763353e-05	0.000000e+00
181	1.729631e-01	1.744424e-03	9.203009e-04	1.166769e-05	1.204890e-09	4.453302e-07	1.001421e-10
182	1.729631e-01	1.744424e-03	9.203009e-04	1.166769e-05	1.204890e-09	4.453302e-07	1.001421e-10
183	1.729631e-01	1.744424e-03	9.203009e-04	1.166769e-05	1.204890e-09	4.453302e-07	1.001421e-10
184	1.729631e-01	1.744424e-03	9.203009e-04	1.166769e-05	1.204890e-09	4.453302e-07	1.001421e-10
185	1.729631e-01	1.744424e-03	9.203009e-04	1.166769e-05	1.204890e-09	4.453302e-07	1.001421e-10
186	1.694606e-01	2.715838e-03	4.711475e-04	3.748116e-05	4.980787e-09	1.953282e-06	-5.432831e-22
187	1.694606e-01	2.715838e-03	4.711475e-04	3.748116e-05	4.980787e-09	1.953282e-06	-5.432831e-22
188	1.694606e-01	2.715838e-03	4.711475e-04	3.748116e-05	4.980787e-09	1.953282e-06	-5.432831e-22
189	1.694606e-01	2.715838e-03	4.711475e-04	3.748116e-05	4.980787e-09	1.953282e-06	-5.432831e-22
190	1.694606e-01	2.715838e-03	4.711475e-04	3.748116e-05	4.980787e-09	1.953282e-06	-5.432831e-22
191	1.694606e-01	2.715838e-03	4.711475e-04	3.748116e-05	4.980787e-09	1.953282e-06	-5.432831e-22
192	1.854956e-01	5.581353e-03	1.846954e-03	9.927861e-05	4.699191e-09	-7.764361e-07	4.225148e-08
193	1.854956e-01	5.581353e-03	1.846954e-03	9.927861e-05	4.699191e-09	-7.764361e-07	4.225148e-08
194	1.802458e-01	2.679203e-03	2.200814e-03	1.394866e-04	2.233837e-08	-1.032498e-06	7.398541e-08
195	1.802458e-01	2.679203e-03	2.200814e-03	1.394866e-04	2.233837e-08	-1.032498e-06	7.398541e-08
196	1.756560e-01	1.670754e-03	1.200032e-03	6.018359e-05	1.660919e-09	-4.308667e-08	1.608835e-08
197	1.759259e-01	2.143347e-05	1.490916e-03	7.392563e-05	2.253127e-08	3.275477e-07	9.730213e-09
198	1.759259e-01	2.143347e-05	1.490916e-03	7.392563e-05	2.253127e-08	3.275477e-07	9.730213e-09
199	1.820665e-01	1.184219e-03	4.537555e-04	2.224056e-05	1.912435e-09	3.488611e-07	1.155169e-09
200	1.820665e-01	1.184219e-03	4.537555e-04	2.224056e-05	1.912435e-09	3.488611e-07	1.155169e-09
201	1.694606e-01	1.168864e-03	3.392262e-04	2.007256e-06	-5.237797e-11	5.852057e-08	-2.862316e-24
202	1.694606e-01	1.168864e-03	3.392262e-04	2.007256e-06	-5.237797e-11	5.852057e-08	-2.862316e-24
203	1.893491e-01	2.079220e-03	4.730311e-04	3.343505e-05	1.013561e-09	-1.508648e-06	4.080838e-09
204	1.948111e-01	4.048223e-03	1.622376e-03	9.098968e-06	-5.000699e-10	2.169893e-07	-9.859462e-10
205	2.210648e-01	6.463531e-03	3.038424e-03	6.348797e-05	7.514481e-09	2.031776e-06	2.685280e-08
206	2.210648e-01	6.463531e-03	3.038424e-03	6.348797e-05	7.514481e-09	2.031776e-06	2.685280e-08
207	2.284934e-01	9.073489e-03	2.588921e-03	3.192041e-05	9.095220e-09	2.719174e-06	-1.216283e-09
208	1.975421e-01	2.868147e-03	1.463078e-03	4.617889e-05	1.272994e-09	-1.589472e-06	1.193556e-08
209	1.829446e-01	2.603613e-03	1.053377e-03	7.298759e-05	-1.533170e-08	-1.779013e-06	-1.321029e-08
210	1.720528e-01	1.204108e-03	3.936933e-04	2.631713e-05	9.750754e-10	-4.733216e-07	2.495011e-09
211	1.636297e-01	1.368610e-03	4.928927e-04	7.186470e-06	5.116391e-11	-1.268488e-07	-4.246390e-10
212	1.636297e-01	1.368610e-03	4.928927e-04	7.186470e-06	5.116391e-11	-1.268488e-07	-4.246390e-10
213	1.777778e-01	4.551111e-03	6.447407e-04	7.163786e-05	1.526554e-08	4.297148e-06	1.999662e-09
214	1.659259e-01	1.910343e-03	1.494666e-04	2.882162e-06	5.878369e-11	1.232189e-07	-1.108901e-11
215	1.659259e-01	1.910343e-03	1.494666e-04	2.882162e-06	5.878369e-11	1.232189e-07	-1.108901e-11
216	1.659259e-01	1.910343e-03	1.494666e-04	2.882162e-06	5.878369e-11	1.232189e-07	-1.108901e-11
217	1.932870e-01	6.206329e-03	1.004477e-03	1.949168e-04	6.218216e-08	1.471397e-05	5.976556e-08
218	1.756941e-01	4.538816e-03	4.184073e-04	3.337828e-05	3.842833e-09	1.755460e-06	-8.899327e-10
219	1.756941e-01	4.538816e-03	4.184073e-04	3.337828e-05	3.842833e-09	1.755460e-06	-8.899327e-10
220	1.754074e-01	4.725289e-03	5.353988e-04	5.713882e-05	9.993912e-09	3.927764e-06	-1.670994e-22
221	1.754074e-01	4.725289e-03	5.353988e-04	5.713882e-05	9.993912e-09	3.927764e-06	-1.670994e-22
222	1.754074e-01	4.725289e-03	5.353988e-04	5.713882e-05	9.993912e-09	3.927764e-06	-1.670994e-22
223	1.754074e-01	4.725289e-03	5.353988e-04	5.713882e-05	9.993912e-09	3.927764e-06	-1.670994e-22
224	1.754074e-01	4.725289e-03	5.353988e-04	5.713882e-05	9.993912e-09	3.927764e-06	-1.670994e-22
225	1.716309e-01	2.082884e-03	8.614213e-04	5.535787e-05	1.119850e-08	2.499207e-06	4.552856e-09
226	1.564444e-01	4.551111e-04	1.753695e-04	6.742387e-08	2.318449e-13	-1.438376e-09	-1.146175e-24
227	1.647230e-01	4.781171e-04	9.478707e-05	1.707406e-05	6.335338e-10	1.131398e-07	2.653994e-10
228	1.775148e-01	6.571629e-04	1.835900e-04	8.159555e-05	-2.458277e-09	1.797553e-06	9.679467e-09
229	1.854815e-01	7.283182e-04	5.596552e-04	1.048999e-04	9.202441e-09	1.634581e-06	2.369252e-08
230	1.696777e-01	5.617738e-04	3.083624e-04	1.811754e-05	1.322875e-09	4.291182e-07	2.895359e-10
231	1.696777e-01	5.617738e-04	3.083624e-04	1.811754e-05	1.322875e-09	4.291182e-07	2.895359e-10
232	1.748148e-01	1.984088e-03	9.068731e-04	3.379647e-05	5.685339e-09	1.174118e-06	-1.638411e-09
233	1.829446e-01	1.830126e-03	8.414443e-04	1.266461e-05	-1.285829e-09	-2.482530e-07	-2.363735e-10
234	1.748148e-01	1.984088e-03	9.068731e-04	3.379647e-05	5.685339e-09	1.174118e-06	-1.638411e-09
235	1.748148e-01	1.984088e-03	9.068731e-04	3.379647e-05	5.685339e-09	1.174118e-06	-1.638411e-09
236	1.838871e-01	3.014000e-03	2.102161e-03	1.507724e-04	4.504869e-08	7.770233e-06	7.194150e-08
237	1.720528e-01	1.204108e-03	3.936933e-04	2.631713e-05	9.750754e-10	-4.733216e-07	-2.495011e-09
238	1.720528e-01	1.204108e-03	3.936933e-04	2.631713e-05	9.750754e-10	-4.733216e-07	-2.495011e-09
239	1.736296e-01	1.866096e-03	1.121163e-03	6.673470e-05	9.691669e-09	6.803937e-07	1.546887e-08
240	1.920801e-01	5.921925e-03	9.727028e-04	2.342826e-04	1.118406e-07	1.553671e-05	-2.103464e-10
241	1.920801e-01	5.921925e-03	9.727028e-04	2.342826e-04	1.118406e-07	1.553671e-05	-2.103464e-10
242	1.920801e-01	5.921925e-03	9.727028e-04	2.342826e-04	1.118406e-07	1.553671e-05	-2.103464e-10
243	1.920801e-01	5.921925e-03	9.727028e-04	2.342826e-04	1.118406e-07	1.553671e-05	-2.103464e-10
244	1.971574e-01	8.511680e-03	3.804376e-04	1.747497e-04	4.504921e-08	1.611637e-05	8.608195e-10
245	1.748148e-01	2.263265e-03	4.857666e-04	1.373709e-05	7.652701e-10	5.353508e-07	-8.207389e-10
246	1.748148e-01	2.263265e-03	4.857666e-04	1.373709e-05	7.652701e-10	5.353508e-07	-8.207389e-10
247	1.665452e-01	5.611236e-04	1.472336e-04	3.872021e-09	-2.923546e-15	9.172061e-11	1.903176e-26
248	1.665452e-01	5.611236e-04	1.472336e-04	3.872021e-09	-2.923546e-15	9.172061e-11	1.903176e-26
249	1.665452e-01	5.611236e-04	1.472336e-04	3.872021e-09	-2.923546e-15	9.172061e-11	1.903176e-26
250	1.665452e-01	5.611236e-04	1.472336e-04	3.872021e-09	-2.923546e-15	9.172061e-11	1.903176e-26
251	1.693218e-01	2.254077e-03	9.479090e-04	6.551936e-07	1.624601e-11	2.745496e-08	1.636028e-12
252	1.720117e-01	4.419927e-03	3.062459e-04	2.505972e-06	1.782637e-11	1.587822e-07	6.709459e-11
253	1.720117e-01	4.419927e-03	3.062459e-04	2.505972e-06	1.782637e-11	1.587822e-07	6.709459e-11
254	1.854956e-01	2.457655e-03	8.306135e-04	4.099386e-05	-7.116803e-09	1.289530e-07	-2.563609e-09
255	1.796647e-01	2.113410e-03	7.541147e-04	3.873879e-05	6.332563e-09	9.371058e-07	1.933692e-09
256	1.796647e-01	2.113410e-03	7.541147e-04	3.873879e-05	6.332563e-09	9.371058e-07	1.933692e-09
257	1.782070e-01	3.793195e-03	8.618375e-04	1.339719e-04	4.486273e-08	8.146822e-06	-7.726711e-09
258	1.760000e-01	3.748346e-03	2.371508e-04	4.785830e-05	4.631244e-09	2.611424e-06	-2.132366e-09
259	1.694606e-01	2.715838e-03	4.711475e-04	3.748116e-05	4.980787e-09	1.953282e-06	1.952424e-22
260	1.694606e-01	2.715838e-03	4.711475e-04	3.748116e-05	4.980787e-09	1.953282e-06	1.952424e-22
261	1.694606e-01	2.715838e-03	4.711475e-04	3.748116e-05	4.980787e-09	1.953282e-06	1.952424e-22
262	1.694606e-01	2.715838e-03	4.711475e-04	3.748116e-05	4.980787e-09	1.953282e-06	1.952424e-22
263	1.694606e-01	2.715838e-03	4.711475e-04	3.748116e-05	4.980787e-09	1.953282e-06	1.952424e-22
264	1.694606e-01	2.715838e-03	4.711475e-04	3.748116e-05	4.980787e-09	1.953282e-06	1.952424e-22
265	1.694606e-01	2.715838e-03	4.711475e-04	3.748116e-05	4.980787e-09	1.953282e-06	1.952424e-22
266	1.694606e-01	2.715838e-03	4.711475e-04	3.748116e-05	4.980787e-09	1.953282e-06	1.952424e-22
267	1.694606e-01	2.715838e-03	4.711475e-04	3.748116e-05	4.980787e-09	1.953282e-06	1.952424e-22
268	1.694606e-01	2.715838e-03	4.711475e-04	3.748116e-05	4.980787e-09	1.953282e-06	1.952424e-22
269	1.820665e-01	5.579670e-03	9.762809e-04	7.912208e-05	1.408859e-08	3.699142e-06	-1.688464e-08
270	2.037037e-01	8.573388e-03	2.540263e-03	4.064421e-04	4.129880e-07	3.763353e-05	0.000000e+00
271	1.729631e-01	1.744424e-03	9.203009e-04	1.166769e-05	1.204890e-09	4.453302e-07	1.001421e-10
272	1.729631e-01	1.744424e-03	9.203009e-04	1.166769e-05	1.204890e-09	4.453302e-07	1.001421e-10
273	1.729631e-01	1.744424e-03	9.203009e-04	1.166769e-05	1.204890e-09	4.453302e-07	1.001421e-10
274	1.729631e-01	1.744424e-03	9.203009e-04	1.166769e-05	1.204890e-09	4.453302e-07	1.001421e-10
275	1.694606e-01	2.715838e-03	4.711475e-04	3.748116e-05	4.980787e-09	1.953282e-06	7.639919e-23
276	1.694606e-01	2.715838e-03	4.711475e-04	3.748116e-05	4.980787e-09	1.953282e-06	7.639919e-23
277	1.694606e-01	2.715838e-03	4.711475e-04	3.748116e-05	4.980787e-09	1.953282e-06	7.639919e-23
278	1.694606e-01	2.715838e-03	4.711475e-04	3.748116e-05	4.980787e-09	1.953282e-06	7.639919e-23
279	1.694606e-01	2.715838e-03	4.711475e-04	3.748116e-05	4.980787e-09	1.953282e-06	7.639919e-23
280	1.694606e-01	2.715838e-03	4.711475e-04	3.748116e-05	4.980787e-09	1.953282e-06	7.639919e-23
281	1.694606e-01	2.715838e-03	4.711475e-04	3.748116e-05	4.980787e-09	1.953282e-06	7.639919e-23
282	1.854956e-01	5.581353e-03	1.846954e-03	9.927861e-05	4.699191e-09	-7.764361e-07	4.225148e-08
283	1.854956e-01	5.581353e-03	1.846954e-03	9.927861e-05	4.699191e-09	-7.764361e-07	4.225148e-08
284	1.802458e-01	2.679203e-03	2.200814e-03	1.394866e-04	2.233837e-08	-1.032498e-06	7.398541e-08
285	1.802458e-01	2.679203e-03	2.200814e-03	1.394866e-04	2.233837e-08	-1.032498e-06	7.398541e-08
286	1.756560e-01	1.670754e-03	1.200032e-03	6.018359e-05	1.660919e-09	-4.308667e-08	1.608835e-08
287	1.759259e-01	2.143347e-05	1.490916e-03	7.392563e-05	2.253127e-08	3.275477e-07	9.730213e-09
288	1.759259e-01	2.143347e-05	1.490916e-03	7.392563e-05	2.253127e-08	3.275477e-07	9.730213e-09
289	1.820665e-01	1.184219e-03	4.537555e-04	2.224056e-05	1.912435e-09	3.488611e-07	1.155169e-09
290	1.820665e-01	1.184219e-03	4.537555e-04	2.224056e-05	1.912435e-09	3.488611e-07	1.155169e-09
291	1.694606e-01	1.168864e-03	3.392262e-04	2.007256e-06	-5.237797e-11	5.852057e-08	4.792787e-23
292	1.694606e-01	1.168864e-03	3.392262e-04	2.007256e-06	-5.237797e-11	5.852057e-08	4.792787e-23
293	1.893491e-01	2.079220e-03	4.730311e-04	3.343505e-05	1.013561e-09	-1.508648e-06	4.080838e-09
294	1.948111e-01	4.048223e-03	1.622376e-03	9.098968e-06	-5.000699e-10	2.169893e-07	-9.859462e-10
295	2.210648e-01	6.463531e-03	3.038424e-03	6.348797e-05	7.514481e-09	2.031776e-06	2.685280e-08
296	2.210648e-01	6.463531e-03	3.038424e-03	6.348797e-05	7.514481e-09	2.031776e-06	2.685280e-08
297	2.284934e-01	9.073489e-03	2.588921e-03	3.192041e-05	9.095220e-09	2.719174e-06	-1.216283e-09
298	1.975421e-01	2.868147e-03	1.463078e-03	4.617889e-05	1.272994e-09	-1.589472e-06	1.193556e-08
299	1.829446e-01	2.603613e-03	1.053377e-03	7.298759e-05	-1.533170e-08	-1.779013e-06	-1.321029e-08
300	1.720528e-01	1.204108e-03	3.936933e-04	2.631713e-05	9.750754e-10	-4.733216e-07	2.495011e-09
301	1.636297e-01	1.368610e-03	4.928927e-04	7.186470e-06	5.116391e-11	-1.268488e-07	-4.246390e-10
302	1.636297e-01	1.368610e-03	4.928927e-04	7.186470e-06	5.116391e-11	-1.268488e-07	-4.246390e-10
303	1.777778e-01	4.551111e-03	6.447407e-04	7.163786e-05	1.526554e-08	4.297148e-06	1.999662e-09
304	1.659259e-01	1.910343e-03	1.494666e-04	2.882162e-06	5.878369e-11	1.232189e-07	-1.108901e-11
305	1.659259e-01	1.910343e-03	1.494666e-04	2.882162e-06	5.878369e-11	1.232189e-07	-1.108901e-11
306	1.659259e-01	1.910343e-03	1.494666e-04	2.882162e-06	5.878369e-11	1.232189e-07	-1.108901e-11
307	1.932870e-01	6.206329e-03	1.004477e-03	1.949168e-04	6.218216e-08	1.471397e-05	5.976556e-08
308	1.756941e-01	4.538816e-03	4.184073e-04	3.337828e-05	3.842833e-09	1.755460e-06	-8.899327e-10
309	1.756941e-01	4.538816e-03	4.184073e-04	3.337828e-05	3.842833e-09	1.755460e-06	-8.899327e-10
310	1.754074e-01	4.725289e-03	5.353988e-04	5.713882e-05	9.993912e-09	3.927764e-06	-1.771049e-21
311	1.754074e-01	4.725289e-03	5.353988e-04	5.713882e-05	9.993912e-09	3.927764e-06	-1.771049e-21
312	1.754074e-01	4.725289e-03	5.353988e-04	5.713882e-05	9.993912e-09	3.927764e-06	-1.771049e-21
313	1.754074e-01	4.725289e-03	5.353988e-04	5.713882e-05	9.993912e-09	3.927764e-06	-1.771049e-21
314	1.754074e-01	4.725289e-03	5.353988e-04	5.713882e-05	9.993912e-09	3.927764e-06	-1.771049e-21
315	1.716309e-01	2.082884e-03	8.614213e-04	5.535787e-05	1.119850e-08	2.499207e-06	4.552856e-09
316	1.564444e-01	4.551111e-04	1.753695e-04	6.742387e-08	2.318449e-13	-1.438376e-09	-8.024330e-27
317	1.647230e-01	4.781171e-04	9.478707e-05	1.707406e-05	6.335338e-10	1.131398e-07	2.653994e-10
318	1.775148e-01	6.571629e-04	1.835900e-04	8.159555e-05	-2.458277e-09	1.797553e-06	9.679467e-09
319	1.854815e-01	7.283182e-04	5.596552e-04	1.048999e-04	9.202441e-09	1.634581e-06	2.369252e-08
320	1.696777e-01	5.617738e-04	3.083624e-04	1.811754e-05	1.322875e-09	4.291182e-07	2.895359e-10
321	1.696777e-01	5.617738e-04	3.083624e-04	1.811754e-05	1.322875e-09	4.291182e-07	2.895359e-10
322	1.748148e-01	1.984088e-03	9.068731e-04	3.379647e-05	5.685339e-09	1.174118e-06	-1.638411e-09
323	1.829446e-01	1.830126e-03	8.414443e-04	1.266461e-05	-1.285829e-09	-2.482530e-07	-2.363735e-10
324	1.748148e-01	1.984088e-03	9.068731e-04	3.379647e-05	5.685339e-09	1.174118e-06	-1.638411e-09
325	1.748148e-01	1.984088e-03	9.068731e-04	3.379647e-05	5.685339e-09	1.174118e-06	-1.638411e-09
326	1.838871e-01	3.014000e-03	2.102161e-03	1.507724e-04	4.504869e-08	7.770233e-06	7.194150e-08
327	1.720528e-01	1.204108e-03	3.936933e-04	2.631713e-05	9.750754e-10	-4.733216e-07	-2.495011e-09
328	1.720528e-01	1.204108e-03	3.936933e-04	2.631713e-05	9.750754e-10	-4.733216e-07	-2.495011e-09
329	1.736296e-01	1.866096e-03	1.121163e-03	6.673470e-05	9.691669e-09	6.803937e-07	1.546887e-08
330	1.920801e-01	5.921925e-03	9.727028e-04	2.342826e-04	1.118406e-07	1.553671e-05	-2.103464e-10
331	1.920801e-01	5.921925e-03	9.727028e-04	2.342826e-04	1.118406e-07	1.553671e-05	-2.103464e-10
332	1.920801e-01	5.921925e-03	9.727028e-04	2.342826e-04	1.118406e-07	1.553671e-05	-2.103464e-10
333	1.920801e-01	5.921925e-03	9.727028e-04	2.342826e-04	1.118406e-07	1.553671e-05	-2.103464e-10
334	1.971574e-01	8.511680e-03	3.804376e-04	1.747497e-04	4.504921e-08	1.611637e-05	8.608195e-10
335	1.748148e-01	2.263265e-03	4.857666e-04	1.373709e-05	7.652701e-10	5.353508e-07	-8.207389e-10
336	1.748148e-01	2.263265e-03	4.857666e-04	1.373709e-05	7.652701e-10	5.353508e-07	-8.207389e-10
337	1.665452e-01	5.611236e-04	1.472336e-04	3.872021e-09	-2.923546e-15	9.172061e-11	1.680060e-26
338	1.665452e-01	5.611236e-04	1.472336e-04	3.872021e-09	-2.923546e-15	9.172061e-11	1.680060e-26
339	1.665452e-01	5.611236e-04	1.472336e-04	3.872021e-09	-2.923546e-15	9.172061e-11	1.680060e-26
340	1.665452e-01	5.611236e-04	1.472336e-04	3.872021e-09	-2.923546e-15	9.172061e-11	1.680060e-26
341	1.693218e-01	2.254077e-03	9.479090e-04	6.551936e-07	1.624601e-11	2.745496e-08	1.636028e-12
342	1.720117e-01	4.419927e-03	3.062459e-04	2.505972e-06	1.782637e-11	1.587822e-07	6.709459e-11
343	1.720117e-01	4.419927e-03	3.062459e-04	2.505972e-06	1.782637e-11	1.587822e-07	6.709459e-11
344	1.854956e-01	2.457655e-03	8.306135e-04	4.099386e-05	-7.116803e-09	1.289530e-07	-2.563609e-09
345	1.796647e-01	2.113410e-03	7.541147e-04	3.873879e-05	6.332563e-09	9.371058e-07	1.933692e-09
346	1.796647e-01	2.113410e-03	7.541147e-04	3.873879e-05	6.332563e-09	9.371058e-07	1.933692e-09
347	1.782070e-01	3.793195e-03	8.618375e-04	1.339719e-04	4.486273e-08	8.146822e-06	-7.726711e-09
348	1.760000e-01	3.748346e-03	2.371508e-04	4.785830e-05	4.631244e-09	2.611424e-06	-2.132366e-09
349	1.694606e-01	2.715838e-03	4.711475e-04	3.748116e-05	4.980787e-09	1.953282e-06	-2.716416e-22
350	1.694606e-01	2.715838e-03	4.711475e-04	3.748116e-05	4.980787e-09	1.953282e-06	-2.716416e-22
351	1.694606e-01	2.715838e-03	4.711475e-04	3.748116e-05	4.980787e-09	1.953282e-06	-2.716416e-22
352	1.694606e-01	2.715838e-03	4.711475e-04	3.748116e-05	4.980787e-09	1.953282e-06	-2.716416e-22
353	1.694606e-01	2.715838e-03	4.711475e-04	3.748116e-05	4.980787e-09	1.953282e-06	-2.716416e-22
354	1.694606e-01	2.715838e-03	4.711475e-04	3.748116e-05	4.980787e-09	1.953282e-06	-2.716416e-22
355	1.694606e-01	2.715838e-03	4.711475e-04	3.748116e-05	4.980787e-09	1.953282e-06	-2.716416e-22
356	1.694606e-01	2.715838e-03	4.711475e-04	3.748116e-05	4.980787e-09	1.953282e-06	-2.716416e-22
357	1.694606e-01	2.715838e-03	4.711475e-04	3.748116e-05	4.980787e-09	1.953282e-06	-2.716416e-22
358	1.694606e-01	2.715838e-03	4.711475e-04	3.748116e-05	4.980787e-09	1.953282e-06	-2.716416e-22
359	1.820665e-01	5.579670e-03	9.762809e-04	7.912208e-05	1.408859e-08	3.699142e-06	-1.688464e-08
