0	2.300617e-01	2.477591e-02	3.206136e-04	5.004148e-05	5.316308e-09	3.235683e-06	3.451580e-09
1	2.281393e-01	2.431143e-02	3.115837e-04	4.867108e-05	5.054686e-09	3.322610e-06	3.220930e-09
2	2.284097e-01	2.423500e-02	3.235581e-04	5.246439e-05	5.811933e-09	3.654358e-06	3.598069e-09
3	2.280540e-01	2.404183e-02	3.098968e-04	5.080746e-05	5.478412e-09	3.581908e-06	3.260568e-09
4	2.285529e-01	2.422897e-02	2.854813e-04	4.300583e-05	3.985652e-09	2.699235e-06	2.611815e-09
5	2.287097e-01	2.424053e-02	3.086420e-04	4.542043e-05	4.392895e-09	2.697369e-06	3.102123e-09
6	2.289382e-01	2.430201e-02	3.032624e-04	4.518875e-05	4.322846e-09	2.723769e-06	3.049094e-09
7	2.290078e-01	2.430841e-02	3.146176e-04	4.765969e-05	4.845434e-09	2.983494e-06	3.252868e-09
8	2.288912e-01	2.425123e-02	3.192300e-04	4.927600e-05	5.180708e-09	3.182763e-06	3.369805e-09
9	2.291471e-01	2.435238e-02	3.241174e-04	5.184895e-05	5.764834e-09	3.589533e-06	3.456037e-09
10	2.294837e-01	2.452204e-02	3.193683e-04	4.996061e-05	5.331113e-09	3.279424e-06	3.377278e-09
11	2.289818e-01	2.430134e-02	3.177612e-04	5.057036e-05	5.507131e-09	3.498305e-06	3.281235e-09
12	2.289869e-01	2.430505e-02	3.114312e-04	4.645870e-05	4.597357e-09	2.807281e-06	3.177055e-09
13	2.292697e-01	2.437319e-02	3.167515e-04	5.049544e-05	5.441782e-09	3.447478e-06	3.342098e-09
14	2.296514e-01	2.457928e-02	3.282264e-04	5.248162e-05	5.874538e-09	3.618785e-06	3.596571e-09
15	2.299080e-01	2.469312e-02	3.055861e-04	4.918746e-05	5.171319e-09	3.408979e-06	3.102185e-09
16	2.296479e-01	2.464679e-02	3.060118e-04	4.646925e-05	4.563095e-09	2.905400e-06	3.144041e-09
17	2.294298e-01	2.451224e-02	3.173601e-04	5.522096e-05	6.485786e-09	4.332699e-06	3.372581e-09
18	2.293093e-01	2.448264e-02	3.088043e-04	4.965236e-05	5.274881e-09	3.449357e-06	3.158577e-09
19	2.287946e-01	2.416119e-02	3.200724e-04	5.159282e-05	5.712058e-09	3.561570e-06	3.365736e-09
20	2.284306e-01	2.408428e-02	3.062834e-04	4.366810e-05	4.033617e-09	2.388081e-06	3.038816e-09
21	2.290978e-01	2.432061e-02	3.206861e-04	4.962881e-05	5.222841e-09	3.173686e-06	3.452758e-09
22	2.285114e-01	2.409147e-02	3.139192e-04	5.065392e-05	5.548057e-09	3.600191e-06	3.165245e-09
23	2.293236e-01	2.448752e-02	3.079960e-04	4.741299e-05	4.814366e-09	3.073427e-06	3.106336e-09
24	2.291652e-01	2.438141e-02	3.297208e-04	5.607478e-05	6.717577e-09	4.242193e-06	3.607032e-09
25	2.282526e-01	2.405160e-02	3.169983e-04	5.120773e-05	5.568569e-09	3.514613e-06	3.399577e-09
26	2.289572e-01	2.428677e-02	2.952869e-04	4.583714e-05	4.502660e-09	3.034713e-06	2.857252e-09
27	2.297792e-01	2.462741e-02	3.076045e-04	4.903642e-05	5.142220e-09	3.359046e-06	3.134915e-09
28	2.296913e-01	2.460234e-02	3.154826e-04	4.777588e-05	4.849519e-09	2.949101e-06	3.299330e-09
29	2.297336e-01	2.459861e-02	3.388466e-04	5.042334e-05	5.426430e-09	3.074338e-06	3.740946e-09
30	2.307577e-01	2.505823e-02	3.312256e-04	5.276231e-05	5.862662e-09	3.599981e-06	3.778967e-09
31	2.278616e-01	2.388282e-02	2.949151e-04	4.004052e-05	3.398075e-09	1.960423e-06	2.717548e-09
32	2.286851e-01	2.424187e-02	2.990449e-04	4.581416e-05	4.506398e-09	2.993000e-06	2.906690e-09
33	2.294648e-01	2.450550e-02	3.235290e-04	5.340266e-05	6.063712e-09	3.832787e-06	3.536043e-09
34	2.289540e-01	2.431248e-02	3.166509e-04	4.902512e-05	5.118363e-09	3.145388e-06	3.333667e-09
35	2.289803e-01	2.428690e-02	3.082934e-04	4.538421e-05	4.350529e-09	2.600058e-06	3.145135e-09
36	2.283817e-01	2.398427e-02	3.081018e-04	4.328275e-05	3.990844e-09	2.265993e-06	3.009292e-09
37	2.288317e-01	2.441904e-02	2.741689e-04	3.993989e-05	3.320013e-09	2.268404e-06	2.538768e-09
38	2.291700e-01	2.444565e-02	3.082680e-04	4.902457e-05	5.155862e-09	3.382475e-06	3.120749e-09
39	2.295967e-01	2.461197e-02	3.192793e-04	4.640121e-05	4.523319e-09	2.559170e-06	3.381896e-09
40	2.297179e-01	2.451308e-02	3.417055e-04	5.571358e-05	6.576678e-09	3.890324e-06	3.979974e-09
41	2.298500e-01	2.464432e-02	3.125054e-04	5.148630e-05	5.623548e-09	3.681478e-06	3.320700e-09
42	2.294403e-01	2.450994e-02	3.154303e-04	4.964555e-05	5.244370e-09	3.254160e-06	3.330579e-09
43	2.291760e-01	2.437743e-02	3.023613e-04	4.381047e-05	4.086515e-09	2.489546e-06	2.953867e-09
44	2.295810e-01	2.449200e-02	3.304347e-04	4.916726e-05	5.091944e-09	2.882966e-06	3.653339e-09
45	2.293064e-01	2.446921e-02	2.956873e-04	4.245206e-05	3.815368e-09	2.388618e-06	2.839868e-09
46	2.279982e-01	2.393011e-02	3.003103e-04	4.404450e-05	4.204620e-09	2.647601e-06	2.824978e-09
47	2.284655e-01	2.408142e-02	3.163374e-04	4.834641e-05	5.049346e-09	3.134373e-06	3.201780e-09
48	2.284866e-01	2.403027e-02	3.160728e-04	5.143845e-05	5.652453e-09	3.625483e-06	3.326836e-09
49	2.291982e-01	2.447367e-02	2.963946e-04	4.624985e-05	4.559257e-09	3.047879e-06	2.921590e-09
50	2.283268e-01	2.404144e-02	3.032659e-04	4.850402e-05	5.037014e-09	3.293312e-06	3.038901e-09
51	2.297033e-01	2.461683e-02	3.208533e-04	4.974032e-05	5.239262e-09	3.216080e-06	3.469169e-09
52	2.295472e-01	2.455992e-02	3.070652e-04	4.714269e-05	4.682921e-09	2.895448e-06	3.200301e-09
53	2.296813e-01	2.471050e-02	3.087233e-04	5.790324e-05	7.007518e-09	4.874013e-06	3.290797e-09
54	2.293626e-01	2.454209e-02	2.877095e-04	4.612926e-05	4.549593e-09	3.153028e-06	2.746347e-09
55	2.287604e-01	2.425545e-02	3.138840e-04	4.765701e-05	4.887174e-09	3.042957e-06	3.176438e-09
56	2.287551e-01	2.422371e-02	3.165185e-04	4.792577e-05	4.877990e-09	2.981311e-06	3.323775e-09
57	2.286813e-01	2.421088e-02	3.013436e-04	4.281912e-05	3.836583e-09	2.287978e-06	2.989730e-09
58	2.290368e-01	2.428056e-02	3.192186e-04	4.882992e-05	5.103669e-09	3.107511e-06	3.334456e-09
59	2.297466e-01	2.458618e-02	3.134463e-04	4.967337e-05	5.303068e-09	3.341712e-06	3.208646e-09
60	2.283940e-01	2.408932e-02	2.988491e-04	4.744545e-05	4.845470e-09	3.251804e-06	2.905070e-09
61	2.293720e-01	2.444273e-02	3.195377e-04	5.082803e-05	5.484759e-09	3.401790e-06	3.446313e-09
62	2.286421e-01	2.415094e-02	3.285404e-04	5.253929e-05	5.893515e-09	3.615386e-06	3.593623e-09
63	2.290429e-01	2.429792e-02	3.036928e-04	4.695068e-05	4.743217e-09	3.085945e-06	2.988820e-09
64	2.290064e-01	2.427523e-02	3.153317e-04	5.169149e-05	5.718573e-09	3.730636e-06	3.294178e-09
65	2.302888e-01	2.486306e-02	3.335359e-04	5.070745e-05	5.433016e-09	3.121895e-06	3.737538e-09
66	2.285909e-01	2.413070e-02	3.133670e-04	4.668399e-05	4.644748e-09	2.835906e-06	3.210789e-09
67	2.291000e-01	2.443070e-02	3.027582e-04	4.738852e-05	4.756605e-09	3.118513e-06	3.097409e-09
68	2.289758e-01	2.436487e-02	3.085290e-04	4.789514e-05	4.931687e-09	3.162037e-06	3.094538e-09
69	2.287778e-01	2.423329e-02	3.222558e-04	4.872556e-05	5.075617e-09	3.068854e-06	3.393776e-09
70	2.296867e-01	2.463264e-02	3.027351e-04	4.690029e-05	4.687799e-09	3.032997e-06	3.042333e-09
71	2.296031e-01	2.458844e-02	3.137938e-04	5.038876e-05	5.379390e-09	3.428121e-06	3.347902e-09
72	2.299762e-01	2.464578e-02	3.353895e-04	5.776532e-05	7.097880e-09	4.504001e-06	3.777234e-09
73	2.280560e-01	2.395657e-02	2.998152e-04	4.477723e-05	4.274426e-09	2.712796e-06	2.940442e-09
74	2.289351e-01	2.422280e-02	3.187331e-04	5.021899e-05	5.410810e-09	3.377476e-06	3.330249e-09
75	2.297244e-01	2.470019e-02	3.183539e-04	5.198036e-05	5.799652e-09	3.782441e-06	3.328127e-09
76	2.287814e-01	2.423146e-02	3.123875e-04	4.922249e-05	5.185585e-09	3.282682e-06	3.219425e-09
77	2.298344e-01	2.464373e-02	3.112452e-04	5.066716e-05	5.490812e-09	3.589155e-06	3.214792e-09
78	2.294794e-01	2.452404e-02	3.108082e-04	4.843567e-05	5.022687e-09	3.175389e-06	3.176476e-09
79	2.292951e-01	2.445323e-02	3.051563e-04	4.833831e-05	5.028895e-09	3.341419e-06	3.029305e-09
80	2.287159e-01	2.422222e-02	3.068128e-04	4.664799e-05	4.644686e-09	2.904816e-06	3.093662e-09
81	2.296358e-01	2.461903e-02	3.065482e-04	4.817845e-05	4.961393e-09	3.217840e-06	3.108999e-09
82	2.292650e-01	2.443887e-02	3.152936e-04	5.065258e-05	5.458509e-09	3.509861e-06	3.343617e-09
83	2.285282e-01	2.411209e-02	3.075347e-04	4.662351e-05	4.632761e-09	2.932450e-06	3.115369e-09
84	2.286528e-01	2.411934e-02	3.049309e-04	4.477791e-05	4.283100e-09	2.664752e-06	3.005410e-09
85	2.290798e-01	2.441103e-02	3.085943e-04	4.811541e-05	4.923783e-09	3.141045e-06	3.182950e-09
86	2.289208e-01	2.427409e-02	2.954450e-04	3.879202e-05	3.137475e-09	1.796611e-06	2.720820e-09
87	2.285463e-01	2.410600e-02	2.785295e-04	3.868413e-05	3.179102e-09	2.037536e-06	2.452996e-09
88	2.292613e-01	2.433240e-02	2.834464e-04	4.041794e-05	3.470362e-09	2.223008e-06	2.582972e-09
89	2.293389e-01	2.420842e-02	2.932010e-04	4.375131e-05	4.052058e-09	2.522134e-06	2.852325e-09
90	2.300617e-01	2.477591e-02	3.206136e-04	5.004148e-05	5.316308e-09	3.235683e-06	3.451580e-09
91	2.281393e-01	2.431143e-02	3.115837e-04	4.867108e-05	5.054686e-09	3.322610e-06	3.220930e-09
92	2.283740e-01	2.421300e-02	3.217403e-04	5.288411e-05	5.908980e-09	3.758594e-06	3.559517e-09
93	2.278638e-01	2.396319e-02	3.051456e-04	5.039483e-05	5.401260e-09	3.606748e-06	3.143302e-09
94	2.285529e-01	2.422897e-02	2.854813e-04	4.300583e-05	3.985652e-09	2.699235e-06	2.611815e-09
95	2.287097e-01	2.424053e-02	3.086420e-04	4.542043e-05	4.392895e-09	2.697369e-06	3.102123e-09
96	2.289382e-01	2.430201e-02	3.032624e-04	4.518875e-05	4.322846e-09	2.723769e-06	3.049094e-09
97	2.290078e-01	2.430841e-02	3.146176e-04	4.765969e-05	4.845434e-09	2.983494e-06	3.252868e-09
98	2.288912e-01	2.425123e-02	3.192300e-04	4.927600e-05	5.180708e-09	3.182763e-06	3.369805e-09
99	2.291471e-01	2.435238e-02	3.241174e-04	5.184895e-05	5.764834e-09	3.589533e-06	3.456037e-09
100	2.294837e-01	2.452204e-02	3.193683e-04	4.996061e-05	5.331113e-09	3.279424e-06	3.377278e-09
101	2.289818e-01	2.430134e-02	3.177612e-04	5.057036e-05	5.507131e-09	3.498305e-06	3.281235e-09
102	2.289869e-01	2.430505e-02	3.114312e-04	4.645870e-05	4.597357e-09	2.807281e-06	3.177055e-09
103	2.292167e-01	2.436875e-02	3.127881e-04	4.931553e-05	5.177703e-09	3.287267e-06	3.272015e-09
104	2.296514e-01	2.457928e-02	3.282264e-04	5.248162e-05	5.874538e-09	3.618785e-06	3.596571e-09
105	2.299080e-01	2.469312e-02	3.055861e-04	4.918746e-05	5.171319e-09	3.408979e-06	3.102185e-09
106	2.293633e-01	2.454057e-02	2.971490e-04	4.405890e-05	4.100511e-09	2.642317e-06	2.932564e-09
107	2.294298e-01	2.451224e-02	3.173601e-04	5.522096e-05	6.485786e-09	4.332699e-06	3.372581e-09
108	2.293093e-01	2.448264e-02	3.088043e-04	4.965236e-05	5.274881e-09	3.449357e-06	3.158577e-09
109	2.287946e-01	2.416119e-02	3.200724e-04	5.159282e-05	5.712058e-09	3.561570e-06	3.365736e-09
110	2.284306e-01	2.408428e-02	3.062834e-04	4.366810e-05	4.033617e-09	2.388081e-06	3.038816e-09
111	2.290978e-01	2.432061e-02	3.206861e-04	4.962881e-05	5.222841e-09	3.173686e-06	3.452758e-09
112	2.285114e-01	2.409147e-02	3.139192e-04	5.065392e-05	5.548057e-09	3.600191e-06	3.165245e-09
113	2.293236e-01	2.448752e-02	3.079960e-04	4.741299e-05	4.814366e-09	3.073427e-06	3.106336e-09
114	2.291652e-01	2.438141e-02	3.297208e-04	5.607478e-05	6.717577e-09	4.242193e-06	3.607032e-09
115	2.282526e-01	2.405160e-02	3.169983e-04	5.120773e-05	5.568569e-09	3.514613e-06	3.399577e-09
116	2.289572e-01	2.428677e-02	2.952869e-04	4.583714e-05	4.502660e-09	3.034713e-06	2.857252e-09
117	2.297792e-01	2.462741e-02	3.076045e-04	4.903642e-05	5.142220e-09	3.359046e-06	3.134915e-09
118	2.296913e-01	2.460234e-02	3.154826e-04	4.777588e-05	4.849519e-09	2.949101e-06	3.299330e-09
119	2.297336e-01	2.459861e-02	3.388466e-04	5.042334e-05	5.426430e-09	3.074338e-06	3.740946e-09
120	2.307577e-01	2.505823e-02	3.312256e-04	5.276231e-05	5.862662e-09	3.599981e-06	3.778967e-09
121	2.278616e-01	2.388282e-02	2.949151e-04	4.004052e-05	3.398075e-09	1.960423e-06	2.717548e-09
122	2.286851e-01	2.424187e-02	2.990449e-04	4.581416e-05	4.506398e-09	2.993000e-06	2.906690e-09
123	2.294648e-01	2.450550e-02	3.235290e-04	5.340266e-05	6.063712e-09	3.832787e-06	3.536043e-09
124	2.289540e-01	2.431248e-02	3.166509e-04	4.902512e-05	5.118363e-09	3.145388e-06	3.333667e-09
125	2.289803e-01	2.428690e-02	3.082934e-04	4.538421e-05	4.350529e-09	2.600058e-06	3.145135e-09
126	2.283817e-01	2.398427e-02	3.081018e-04	4.328275e-05	3.990844e-09	2.265993e-06	3.009292e-09
127	2.290749e-01	2.453351e-02	2.767065e-04	4.027134e-05	3.359528e-09	2.277843e-06	2.604924e-09
128	2.291700e-01	2.444565e-02	3.082680e-04	4.902457e-05	5.155862e-09	3.382475e-06	3.120749e-09
129	2.295967e-01	2.461197e-02	3.192793e-04	4.640121e-05	4.523319e-09	2.559170e-06	3.381896e-09
130	2.297179e-01	2.451308e-02	3.417055e-04	5.571358e-05	6.576678e-09	3.890324e-06	3.979974e-09
131	2.298500e-01	2.464432e-02	3.125054e-04	5.148630e-05	5.623548e-09	3.681478e-06	3.320700e-09
132	2.294403e-01	2.450994e-02	3.154303e-04	4.964555e-05	5.244370e-09	3.254160e-06	3.330579e-09
133	2.291760e-01	2.437743e-02	3.023613e-04	4.381047e-05	4.086515e-09	2.489546e-06	2.953867e-09
134	2.295810e-01	2.449200e-02	3.304347e-04	4.916726e-05	5.091944e-09	2.882966e-06	3.653339e-09
135	2.293064e-01	2.446921e-02	2.956873e-04	4.245206e-05	3.815368e-09	2.388618e-06	2.839868e-09
136	2.279982e-01	2.393011e-02	3.003103e-04	4.404450e-05	4.204620e-09	2.647601e-06	2.824978e-09
137	2.284655e-01	2.408142e-02	3.163374e-04	4.834641e-05	5.049346e-09	3.134373e-06	3.201780e-09
138	2.284866e-01	2.403027e-02	3.160728e-04	5.143845e-05	5.652453e-09	3.625483e-06	3.326836e-09
139	2.291982e-01	2.447367e-02	2.963946e-04	4.624985e-05	4.559257e-09	3.047879e-06	2.921590e-09
140	2.283268e-01	2.404144e-02	3.032659e-04	4.850402e-05	5.037014e-09	3.293312e-06	3.038901e-09
141	2.297033e-01	2.461683e-02	3.208533e-04	4.974032e-05	5.239262e-09	3.216080e-06	3.469169e-09
142	2.295472e-01	2.455992e-02	3.070652e-04	4.714269e-05	4.682921e-09	2.895448e-06	3.200301e-09
143	2.296813e-01	2.471050e-02	3.087233e-04	5.790324e-05	7.007518e-09	4.874013e-06	3.290797e-09
144	2.293626e-01	2.454209e-02	2.877095e-04	4.612926e-05	4.549593e-09	3.153028e-06	2.746347e-09
145	2.287604e-01	2.425545e-02	3.138840e-04	4.765701e-05	4.887174e-09	3.042957e-06	3.176438e-09
146	2.287551e-01	2.422371e-02	3.165185e-04	4.792577e-05	4.877990e-09	2.981311e-06	3.323775e-09
147	2.286813e-01	2.421088e-02	3.013436e-04	4.281912e-05	3.836583e-09	2.287978e-06	2.989730e-09
148	2.290368e-01	2.428056e-02	3.192186e-04	4.882992e-05	5.103669e-09	3.107511e-06	3.334456e-09
149	2.295887e-01	2.452020e-02	3.166887e-04	5.047698e-05	5.467671e-09	3.425818e-06	3.291565e-09
150	2.283940e-01	2.408932e-02	2.988491e-04	4.744545e-05	4.845470e-09	3.251804e-06	2.905070e-09
151	2.293720e-01	2.444273e-02	3.195377e-04	5.082803e-05	5.484759e-09	3.401790e-06	3.446313e-09
152	2.286421e-01	2.415094e-02	3.285404e-04	5.253929e-05	5.893515e-09	3.615386e-06	3.593623e-09
153	2.290429e-01	2.429792e-02	3.036928e-04	4.695068e-05	4.743217e-09	3.085945e-06	2.988820e-09
154	2.290064e-01	2.427523e-02	3.153317e-04	5.169149e-05	5.718573e-09	3.730636e-06	3.294178e-09
155	2.302888e-01	2.486306e-02	3.335359e-04	5.070745e-05	5.433016e-09	3.121895e-06	3.737538e-09
156	2.284931e-01	2.409921e-02	3.138599e-04	4.755631e-05	4.821796e-09	2.983624e-06	3.241450e-09
157	2.291000e-01	2.443070e-02	3.027582e-04	4.738852e-05	4.756605e-09	3.118513e-06	3.097409e-09
158	2.289758e-01	2.436487e-02	3.085290e-04	4.789514e-05	4.931687e-09	3.162037e-06	3.094538e-09
159	2.287778e-01	2.423329e-02	3.222558e-04	4.872556e-05	5.075617e-09	3.068854e-06	3.393776e-09
160	2.296867e-01	2.463264e-02	3.027351e-04	4.690029e-05	4.687799e-09	3.032997e-06	3.042333e-09
161	2.296031e-01	2.458844e-02	3.137938e-04	5.038876e-05	5.379390e-09	3.428121e-06	3.347902e-09
162	2.299762e-01	2.464578e-02	3.353895e-04	5.776532e-05	7.097880e-09	4.504001e-06	3.777234e-09
163	2.280560e-01	2.395657e-02	2.998152e-04	4.477723e-05	4.274426e-09	2.712796e-06	2.940442e-09
164	2.289351e-01	2.422280e-02	3.187331e-04	5.021899e-05	5.410810e-09	3.377476e-06	3.330249e-09
165	2.297244e-01	2.470019e-02	3.183539e-04	5.198036e-05	5.799652e-09	3.782441e-06	3.328127e-09
166	2.287814e-01	2.423146e-02	3.123875e-04	4.922249e-05	5.185585e-09	3.282682e-06	3.219425e-09
167	2.298344e-01	2.464373e-02	3.112452e-04	5.066716e-05	5.490812e-09	3.589155e-06	3.214792e-09
168	2.294794e-01	2.452404e-02	3.108082e-04	4.843567e-05	5.022687e-09	3.175389e-06	3.176476e-09
169	2.292951e-01	2.445323e-02	3.051563e-04	4.833831e-05	5.028895e-09	3.341419e-06	3.029305e-09
170	2.287159e-01	2.422222e-02	3.068128e-04	4.664799e-05	4.644686e-09	2.904816e-06	3.093662e-09
171	2.296358e-01	2.461903e-02	3.065482e-04	4.817845e-05	4.961393e-09	3.217840e-06	3.108999e-09
172	2.292650e-01	2.443887e-02	3.152936e-04	5.065258e-05	5.458509e-09	3.509861e-06	3.343617e-09
173	2.285282e-01	2.411209e-02	3.075347e-04	4.662351e-05	4.632761e-09	2.932450e-06	3.115369e-09
174	2.286528e-01	2.411934e-02	3.049309e-04	4.477791e-05	4.283100e-09	2.664752e-06	3.005410e-09
175	2.292391e-01	2.447760e-02	3.053253e-04	4.734043e-05	4.772684e-09	3.062450e-06	3.100822e-09
176	2.289208e-01	2.427409e-02	2.954450e-04	3.879202e-05	3.137475e-09	1.796611e-06	2.720820e-09
177	2.284500e-01	2.407872e-02	2.755550e-04	3.769477e-05	2.995901e-09	1.885659e-06	2.404870e-09
178	2.292613e-01	2.433240e-02	2.834464e-04	4.041794e-05	3.470362e-09	2.223008e-06	2.582972e-09
179	2.293389e-01	2.420842e-02	2.932010e-04	4.375131e-05	4.052058e-09	2.522134e-06	2.852325e-09
180	2.300617e-01	2.477591e-02	3.206136e-04	5.004148e-05	5.316308e-09	3.235683e-06	3.451580e-09
181	2.281393e-01	2.431143e-02	3.115837e-04	4.867108e-05	5.054686e-09	3.322610e-06	3.220930e-09
182	2.283740e-01	2.421300e-02	3.217403e-04	5.288411e-05	5.908980e-09	3.758594e-06	3.559517e-09
183	2.278638e-01	2.396319e-02	3.051456e-04	5.039483e-05	5.401260e-09	3.606748e-06	3.143302e-09
184	2.285529e-01	2.422897e-02	2.854813e-04	4.300583e-05	3.985652e-09	2.699235e-06	2.611815e-09
185	2.287097e-01	2.424053e-02	3.086420e-04	4.542043e-05	4.392895e-09	2.697369e-06	3.102123e-09
186	2.289382e-01	2.430201e-02	3.032624e-04	4.518875e-05	4.322846e-09	2.723769e-06	3.049094e-09
187	2.290078e-01	2.430841e-02	3.146176e-04	4.765969e-05	4.845434e-09	2.983494e-06	3.252868e-09
188	2.288912e-01	2.425123e-02	3.192300e-04	4.927600e-05	5.180708e-09	3.182763e-06	3.369805e-09
189	2.291471e-01	2.435238e-02	3.241174e-04	5.184895e-05	5.764834e-09	3.589533e-06	3.456037e-09
190	2.294837e-01	2.452204e-02	3.193683e-04	4.996061e-05	5.331113e-09	3.279424e-06	3.377278e-09
191	2.289818e-01	2.430134e-02	3.177612e-04	5.057036e-05	5.507131e-09	3.498305e-06	3.281235e-09
192	2.289869e-01	2.430505e-02	3.114312e-04	4.645870e-05	4.597357e-09	2.807281e-06	3.177055e-09
193	2.292167e-01	2.436875e-02	3.127881e-04	4.931553e-05	5.177703e-09	3.287267e-06	3.272015e-09
194	2.296514e-01	2.457928e-02	3.282264e-04	5.248162e-05	5.874538e-09	3.618785e-06	3.596571e-09
195	2.299080e-01	2.469312e-02	3.055861e-04	4.918746e-05	5.171319e-09	3.408979e-06	3.102185e-09
196	2.294546e-01	2.457177e-02	3.010391e-04	4.571906e-05	4.432326e-09	2.877890e-06	3.020402e-09
197	2.294298e-01	2.451224e-02	3.173601e-04	5.522096e-05	6.485786e-09	4.332699e-06	3.372581e-09
198	2.293093e-01	2.448264e-02	3.088043e-04	4.965236e-05	5.274881e-09	3.449357e-06	3.158577e-09
199	2.287946e-01	2.416119e-02	3.200724e-04	5.159282e-05	5.712058e-09	3.561570e-06	3.365736e-09
200	2.284306e-01	2.408428e-02	3.062834e-04	4.366810e-05	4.033617e-09	2.388081e-06	3.038816e-09
201	2.290978e-01	2.432061e-02	3.206861e-04	4.962881e-05	5.222841e-09	3.173686e-06	3.452758e-09
202	2.285114e-01	2.409147e-02	3.139192e-04	5.065392e-05	5.548057e-09	3.600191e-06	3.165245e-09
203	2.293236e-01	2.448752e-02	3.079960e-04	4.741299e-05	4.814366e-09	3.073427e-06	3.106336e-09
204	2.291652e-01	2.438141e-02	3.297208e-04	5.607478e-05	6.717577e-09	4.242193e-06	3.607032e-09
205	2.283644e-01	2.409888e-02	3.211383e-04	5.156652e-05	5.638650e-09	3.502151e-06	3.498624e-09
206	2.289572e-01	2.428677e-02	2.952869e-04	4.583714e-05	4.502660e-09	3.034713e-06	2.857252e-09
207	2.297792e-01	2.462741e-02	3.076045e-04	4.903642e-05	5.142220e-09	3.359046e-06	3.134915e-09
208	2.296913e-01	2.460234e-02	3.154826e-04	4.777588e-05	4.849519e-09	2.949101e-06	3.299330e-09
209	2.297336e-01	2.459861e-02	3.388466e-04	5.042334e-05	5.426430e-09	3.074338e-06	3.740946e-09
210	2.307577e-01	2.505823e-02	3.312256e-04	5.276231e-05	5.862662e-09	3.599981e-06	3.778967e-09
211	2.278616e-01	2.388282e-02	2.949151e-04	4.004052e-05	3.398075e-09	1.960423e-06	2.717548e-09
212	2.286851e-01	2.424187e-02	2.990449e-04	4.581416e-05	4.506398e-09	2.993000e-06	2.906690e-09
213	2.294648e-01	2.450550e-02	3.235290e-04	5.340266e-05	6.063712e-09	3.832787e-06	3.536043e-09
214	2.289540e-01	2.431248e-02	3.166509e-04	4.902512e-05	5.118363e-09	3.145388e-06	3.333667e-09
215	2.289803e-01	2.428690e-02	3.082934e-04	4.538421e-05	4.350529e-09	2.600058e-06	3.145135e-09
216	2.283817e-01	2.398427e-02	3.081018e-04	4.328275e-05	3.990844e-09	2.265993e-06	3.009292e-09
217	2.288893e-01	2.446059e-02	2.719384e-04	3.947850e-05	3.238497e-09	2.235570e-06	2.498861e-09
218	2.291700e-01	2.444565e-02	3.082680e-04	4.902457e-05	5.155862e-09	3.382475e-06	3.120749e-09
219	2.297203e-01	2.470876e-02	3.151827e-04	4.668797e-05	4.549028e-09	2.637045e-06	3.373742e-09
220	2.297179e-01	2.451308e-02	3.417055e-04	5.571358e-05	6.576678e-09	3.890324e-06	3.979974e-09
221	2.298500e-01	2.464432e-02	3.125054e-04	5.148630e-05	5.623548e-09	3.681478e-06	3.320700e-09
222	2.294403e-01	2.450994e-02	3.154303e-04	4.964555e-05	5.244370e-09	3.254160e-06	3.330579e-09
223	2.291760e-01	2.437743e-02	3.023613e-04	4.381047e-05	4.086515e-09	2.489546e-06	2.953867e-09
224	2.295810e-01	2.449200e-02	3.304347e-04	4.916726e-05	5.091944e-09	2.882966e-06	3.653339e-09
225	2.293064e-01	2.446921e-02	2.956873e-04	4.245206e-05	3.815368e-09	2.388618e-06	2.839868e-09
226	2.279982e-01	2.393011e-02	3.003103e-04	4.404450e-05	4.204620e-09	2.647601e-06	2.824978e-09
227	2.284655e-01	2.408142e-02	3.163374e-04	4.834641e-05	5.049346e-09	3.134373e-06	3.201780e-09
228	2.284866e-01	2.403027e-02	3.160728e-04	5.143845e-05	5.652453e-09	3.625483e-06	3.326836e-09
229	2.291982e-01	2.447367e-02	2.963946e-04	4.624985e-05	4.559257e-09	3.047879e-06	2.921590e-09
230	2.283268e-01	2.404144e-02	3.032659e-04	4.850402e-05	5.037014e-09	3.293312e-06	3.038901e-09
231	2.297033e-01	2.461683e-02	3.208533e-04	4.974032e-05	5.239262e-09	3.216080e-06	3.469169e-09
232	2.295472e-01	2.455992e-02	3.070652e-04	4.714269e-05	4.682921e-09	2.895448e-06	3.200301e-09
233	2.296813e-01	2.471050e-02	3.087233e-04	5.790324e-05	7.007518e-09	4.874013e-06	3.290797e-09
234	2.293626e-01	2.454209e-02	2.877095e-04	4.612926e-05	4.549593e-09	3.153028e-06	2.746347e-09
235	2.287604e-01	2.425545e-02	3.138840e-04	4.765701e-05	4.887174e-09	3.042957e-06	3.176438e-09
236	2.287551e-01	2.422371e-02	3.165185e-04	4.792577e-05	4.877990e-09	2.981311e-06	3.323775e-09
237	2.286813e-01	2.421088e-02	3.013436e-04	4.281912e-05	3.836583e-09	2.287978e-06	2.989730e-09
238	2.290368e-01	2.428056e-02	3.192186e-04	4.882992e-05	5.103669e-09	3.107511e-06	3.334456e-09
239	2.297466e-01	2.458618e-02	3.134463e-04	4.967337e-05	5.303068e-09	3.341712e-06	3.208646e-09
240	2.283940e-01	2.408932e-02	2.988491e-04	4.744545e-05	4.845470e-09	3.251804e-06	2.905070e-09
241	2.293720e-01	2.444273e-02	3.195377e-04	5.082803e-05	5.484759e-09	3.401790e-06	3.446313e-09
242	2.286421e-01	2.415094e-02	3.285404e-04	5.253929e-05	5.893515e-09	3.615386e-06	3.593623e-09
243	2.290429e-01	2.429792e-02	3.036928e-04	4.695068e-05	4.743217e-09	3.085945e-06	2.988820e-09
244	2.291434e-01	2.437047e-02	3.109349e-04	5.181824e-05	5.712533e-09	3.797334e-06	3.260377e-09
245	2.302888e-01	2.486306e-02	3.335359e-04	5.070745e-05	5.433016e-09	3.121895e-06	3.737538e-09
246	2.285909e-01	2.413070e-02	3.133670e-04	4.668399e-05	4.644748e-09	2.835906e-06	3.210789e-09
247	2.291000e-01	2.443070e-02	3.027582e-04	4.738852e-05	4.756605e-09	3.118513e-06	3.097409e-09
248	2.289758e-01	2.436487e-02	3.085290e-04	4.789514e-05	4.931687e-09	3.162037e-06	3.094538e-09
249	2.287778e-01	2.423329e-02	3.222558e-04	4.872556e-05	5.075617e-09	3.068854e-06	3.393776e-09
250	2.296867e-01	2.463264e-02	3.027351e-04	4.690029e-05	4.687799e-09	3.032997e-06	3.042333e-09
251	2.296031e-01	2.458844e-02	3.137938e-04	5.038876e-05	5.379390e-09	3.428121e-06	3.347902e-09
252	2.299762e-01	2.464578e-02	3.353895e-04	5.776532e-05	7.097880e-09	4.504001e-06	3.777234e-09
253	2.280560e-01	2.395657e-02	2.998152e-04	4.477723e-05	4.274426e-09	2.712796e-06	2.940442e-09
254	2.289351e-01	2.422280e-02	3.187331e-04	5.021899e-05	5.410810e-09	3.377476e-06	3.330249e-09
255	2.297244e-01	2.470019e-02	3.183539e-04	5.198036e-05	5.799652e-09	3.782441e-06	3.328127e-09
256	2.286190e-01	2.416012e-02	3.160852e-04	4.992339e-05	5.328229e-09	3.342472e-06	3.307462e-09
257	2.298344e-01	2.464373e-02	3.112452e-04	5.066716e-05	5.490812e-09	3.589155e-06	3.214792e-09
258	2.294794e-01	2.452404e-02	3.108082e-04	4.843567e-05	5.022687e-09	3.175389e-06	3.176476e-09
259	2.292951e-01	2.445323e-02	3.051563e-04	4.833831e-05	5.028895e-09	3.341419e-06	3.029305e-09
260	2.287159e-01	2.422222e-02	3.068128e-04	4.664799e-05	4.644686e-09	2.904816e-06	3.093662e-09
261	2.296358e-01	2.461903e-02	3.065482e-04	4.817845e-05	4.961393e-09	3.217840e-06	3.108999e-09
262	2.292650e-01	2.443887e-02	3.152936e-04	5.065258e-05	5.458509e-09	3.509861e-06	3.343617e-09
263	2.285282e-01	2.411209e-02	3.075347e-04	4.662351e-05	4.632761e-09	2.932450e-06	3.115369e-09
264	2.286528e-01	2.411934e-02	3.049309e-04	4.477791e-05	4.283100e-09	2.664752e-06	3.005410e-09
265	2.292391e-01	2.447760e-02	3.053253e-04	4.734043e-05	4.772684e-09	3.062450e-06	3.100822e-09
266	2.289208e-01	2.427409e-02	2.954450e-04	3.879202e-05	3.137475e-09	1.796611e-06	2.720820e-09
267	2.283217e-01	2.401175e-02	2.844011e-04	4.022920e-05	3.449439e-09	2.209239e-06	2.572494e-09
268	2.292613e-01	2.433240e-02	2.834464e-04	4.041794e-05	3.470362e-09	2.223008e-06	2.582972e-09
269	2.293389e-01	2.420842e-02	2.932010e-04	4.375131e-05	4.052058e-09	2.522134e-06	2.852325e-09
270	2.300617e-01	2.477591e-02	3.206136e-04	5.004148e-05	5.316308e-09	3.235683e-06	3.451580e-09
271	2.281393e-01	2.431143e-02	3.115837e-04	4.867108e-05	5.054686e-09	3.322610e-06	3.220930e-09
272	2.283740e-01	2.421300e-02	3.217403e-04	5.288411e-05	5.908980e-09	3.758594e-06	3.559517e-09
273	2.278638e-01	2.396319e-02	3.051456e-04	5.039483e-05	5.401260e-09	3.606748e-06	3.143302e-09
274	2.285529e-01	2.422897e-02	2.854813e-04	4.300583e-05	3.985652e-09	2.699235e-06	2.611815e-09
275	2.287097e-01	2.424053e-02	3.086420e-04	4.542043e-05	4.392895e-09	2.697369e-06	3.102123e-09
276	2.289382e-01	2.430201e-02	3.032624e-04	4.518875e-05	4.322846e-09	2.723769e-06	3.049094e-09
277	2.290078e-01	2.430841e-02	3.146176e-04	4.765969e-05	4.845434e-09	2.983494e-06	3.252868e-09
278	2.288912e-01	2.425123e-02	3.192300e-04	4.927600e-05	5.180708e-09	3.182763e-06	3.369805e-09
279	2.291471e-01	2.435238e-02	3.241174e-04	5.184895e-05	5.764834e-09	3.589533e-06	3.456037e-09
280	2.294837e-01	2.452204e-02	3.193683e-04	4.996061e-05	5.331113e-09	3.279424e-06	3.377278e-09
281	2.289818e-01	2.430134e-02	3.177612e-04	5.057036e-05	5.507131e-09	3.498305e-06	3.281235e-09
282	2.289869e-01	2.430505e-02	3.114312e-04	4.645870e-05	4.597357e-09	2.807281e-06	3.177055e-09
283	2.292167e-01	2.436875e-02	3.127881e-04	4.931553e-05	5.177703e-09	3.287267e-06	3.272015e-09
284	2.296514e-01	2.457928e-02	3.282264e-04	5.248162e-05	5.874538e-09	3.618785e-06	3.596571e-09
285	2.299080e-01	2.469312e-02	3.055861e-04	4.918746e-05	5.171319e-09	3.408979e-06	3.102185e-09
286	2.294546e-01	2.457177e-02	3.010391e-04	4.571906e-05	4.432326e-09	2.877890e-06	3.020402e-09
287	2.294298e-01	2.451224e-02	3.173601e-04	5.522096e-05	6.485786e-09	4.332699e-06	3.372581e-09
288	2.293093e-01	2.448264e-02	3.088043e-04	4.965236e-05	5.274881e-09	3.449357e-06	3.158577e-09
289	2.287946e-01	2.416119e-02	3.200724e-04	5.159282e-05	5.712058e-09	3.561570e-06	3.365736e-09
290	2.284306e-01	2.408428e-02	3.062834e-04	4.366810e-05	4.033617e-09	2.388081e-06	3.038816e-09
291	2.290978e-01	2.432061e-02	3.206861e-04	4.962881e-05	5.222841e-09	3.173686e-06	3.452758e-09
292	2.285114e-01	2.409147e-02	3.139192e-04	5.065392e-05	5.548057e-09	3.600191e-06	3.165245e-09
293	2.293236e-01	2.448752e-02	3.079960e-04	4.741299e-05	4.814366e-09	3.073427e-06	3.106336e-09
294	2.291652e-01	2.438141e-02	3.297208e-04	5.607478e-05	6.717577e-09	4.242193e-06	3.607032e-09
295	2.282526e-01	2.405160e-02	3.169983e-04	5.120773e-05	5.568569e-09	3.514613e-06	3.399577e-09
296	2.289572e-01	2.428677e-02	2.952869e-04	4.583714e-05	4.502660e-09	3.034713e-06	2.857252e-09
297	2.297792e-01	2.462741e-02	3.076045e-04	4.903642e-05	5.142220e-09	3.359046e-06	3.134915e-09
298	2.296913e-01	2.460234e-02	3.154826e-04	4.777588e-05	4.849519e-09	2.949101e-06	3.299330e-09
299	2.297336e-01	2.459861e-02	3.388466e-04	5.042334e-05	5.426430e-09	3.074338e-06	3.740946e-09
300	2.307577e-01	2.505823e-02	3.312256e-04	5.276231e-05	5.862662e-09	3.599981e-06	3.778967e-09
301	2.278616e-01	2.388282e-02	2.949151e-04	4.004052e-05	3.398075e-09	1.960423e-06	2.717548e-09
302	2.286851e-01	2.424187e-02	2.990449e-04	4.581416e-05	4.506398e-09	2.993000e-06	2.906690e-09
303	2.294648e-01	2.450550e-02	3.235290e-04	5.340266e-05	6.063712e-09	3.832787e-06	3.536043e-09
304	2.289540e-01	2.431248e-02	3.166509e-04	4.902512e-05	5.118363e-09	3.145388e-06	3.333667e-09
305	2.289803e-01	2.428690e-02	3.082934e-04	4.538421e-05	4.350529e-09	2.600058e-06	3.145135e-09
306	2.283817e-01	2.398427e-02	3.081018e-04	4.328275e-05	3.990844e-09	2.265993e-06	3.009292e-09
307	2.288893e-01	2.446059e-02	2.719384e-04	3.947850e-05	3.238497e-09	2.235570e-06	2.498861e-09
308	2.291700e-01	2.444565e-02	3.082680e-04	4.902457e-05	5.155862e-09	3.382475e-06	3.120749e-09
309	2.297203e-01	2.470876e-02	3.151827e-04	4.668797e-05	4.549028e-09	2.637045e-06	3.373742e-09
310	2.297179e-01	2.451308e-02	3.417055e-04	5.571358e-05	6.576678e-09	3.890324e-06	3.979974e-09
311	2.298500e-01	2.464432e-02	3.125054e-04	5.148630e-05	5.623548e-09	3.681478e-06	3.320700e-09
312	2.294403e-01	2.450994e-02	3.154303e-04	4.964555e-05	5.244370e-09	3.254160e-06	3.330579e-09
313	2.291760e-01	2.437743e-02	3.023613e-04	4.381047e-05	4.086515e-09	2.489546e-06	2.953867e-09
314	2.295810e-01	2.449200e-02	3.304347e-04	4.916726e-05	5.091944e-09	2.882966e-06	3.653339e-09
315	2.293064e-01	2.446921e-02	2.956873e-04	4.245206e-05	3.815368e-09	2.388618e-06	2.839868e-09
316	2.279982e-01	2.393011e-02	3.003103e-04	4.404450e-05	4.204620e-09	2.647601e-06	2.824978e-09
317	2.284655e-01	2.408142e-02	3.163374e-04	4.834641e-05	5.049346e-09	3.134373e-06	3.201780e-09
318	2.284866e-01	2.403027e-02	3.160728e-04	5.143845e-05	5.652453e-09	3.625483e-06	3.326836e-09
319	2.291982e-01	2.447367e-02	2.963946e-04	4.624985e-05	4.559257e-09	3.047879e-06	2.921590e-09
320	2.283268e-01	2.404144e-02	3.032659e-04	4.850402e-05	5.037014e-09	3.293312e-06	3.038901e-09
321	2.297033e-01	2.461683e-02	3.208533e-04	4.974032e-05	5.239262e-09	3.216080e-06	3.469169e-09
322	2.295472e-01	2.455992e-02	3.070652e-04	4.714269e-05	4.682921e-09	2.895448e-06	3.200301e-09
323	2.296813e-01	2.471050e-02	3.087233e-04	5.790324e-05	7.007518e-09	4.874013e-06	3.290797e-09
324	2.293626e-01	2.454209e-02	2.877095e-04	4.612926e-05	4.549593e-09	3.153028e-06	2.746347e-09
325	2.287604e-01	2.425545e-02	3.138840e-04	4.765701e-05	4.887174e-09	3.042957e-06	3.176438e-09
326	2.287551e-01	2.422371e-02	3.165185e-04	4.792577e-05	4.877990e-09	2.981311e-06	3.323775e-09
327	2.286813e-01	2.421088e-02	3.013436e-04	4.281912e-05	3.836583e-09	2.287978e-06	2.989730e-09
328	2.290368e-01	2.428056e-02	3.192186e-04	4.882992e-05	5.103669e-09	3.107511e-06	3.334456e-09
329	2.297466e-01	2.458618e-02	3.134463e-04	4.967337e-05	5.303068e-09	3.341712e-06	3.208646e-09
330	2.283940e-01	2.408932e-02	2.988491e-04	4.744545e-05	4.845470e-09	3.251804e-06	2.905070e-09
331	2.293720e-01	2.444273e-02	3.195377e-04	5.082803e-05	5.484759e-09	3.401790e-06	3.446313e-09
332	2.286421e-01	2.415094e-02	3.285404e-04	5.253929e-05	5.893515e-09	3.615386e-06	3.593623e-09
333	2.290429e-01	2.429792e-02	3.036928e-04	4.695068e-05	4.743217e-09	3.085945e-06	2.988820e-09
334	2.290064e-01	2.427523e-02	3.153317e-04	5.169149e-05	5.718573e-09	3.730636e-06	3.294178e-09
335	2.302888e-01	2.486306e-02	3.335359e-04	5.070745e-05	5.433016e-09	3.121895e-06	3.737538e-09
336	2.284931e-01	2.409921e-02	3.138599e-04	4.755631e-05	4.821796e-09	2.983624e-06	3.241450e-09
337	2.291000e-01	2.443070e-02	3.027582e-04	4.738852e-05	4.756605e-09	3.118513e-06	3.097409e-09
338	2.289758e-01	2.436487e-02	3.085290e-04	4.789514e-05	4.931687e-09	3.162037e-06	3.094538e-09
339	2.287778e-01	2.423329e-02	3.222558e-04	4.872556e-05	5.075617e-09	3.068854e-06	3.393776e-09
340	2.296867e-01	2.463264e-02	3.027351e-04	4.690029e-05	4.687799e-09	3.032997e-06	3.042333e-09
341	2.296031e-01	2.458844e-02	3.137938e-04	5.038876e-05	5.379390e-09	3.428121e-06	3.347902e-09
342	2.299762e-01	2.464578e-02	3.353895e-04	5.776532e-05	7.097880e-09	4.504001e-06	3.777234e-09
343	2.280560e-01	2.395657e-02	2.998152e-04	4.477723e-05	4.274426e-09	2.712796e-06	2.940442e-09
344	2.289351e-01	2.422280e-02	3.187331e-04	5.021899e-05	5.410810e-09	3.377476e-06	3.330249e-09
345	2.297244e-01	2.470019e-02	3.183539e-04	5.198036e-05	5.799652e-09	3.782441e-06	3.328127e-09
346	2.286190e-01	2.416012e-02	3.160852e-04	4.992339e-05	5.328229e-09	3.342472e-06	3.307462e-09
347	2.298344e-01	2.464373e-02	3.112452e-04	5.066716e-05	5.490812e-09	3.589155e-06	3.214792e-09
348	2.294794e-01	2.452404e-02	3.108082e-04	4.843567e-05	5.022687e-09	3.175389e-06	3.176476e-09
349	2.292951e-01	2.445323e-02	3.051563e-04	4.833831e-05	5.028895e-09	3.341419e-06	3.029305e-09
350	2.287159e-01	2.422222e-02	3.068128e-04	4.664799e-05	4.644686e-09	2.904816e-06	3.093662e-09
351	2.296358e-01	2.461903e-02	3.065482e-04	4.817845e-05	4.961393e-09	3.217840e-06	3.108999e-09
352	2.292650e-01	2.443887e-02	3.152936e-04	5.065258e-05	5.458509e-09	3.509861e-06	3.343617e-09
353	2.285282e-01	2.411209e-02	3.075347e-04	4.662351e-05	4.632761e-09	2.932450e-06	3.115369e-09
354	2.286528e-01	2.411934e-02	3.049309e-04	4.477791e-05	4.283100e-09	2.664752e-06	3.005410e-09
355	2.290798e-01	2.441103e-02	3.085943e-04	4.811541e-05	4.923783e-09	3.141045e-06	3.182950e-09
356	2.289208e-01	2.427409e-02	2.954450e-04	3.879202e-05	3.137475e-09	1.796611e-06	2.720820e-09
357	2.285463e-01	2.410600e-02	2.785295e-04	3.868413e-05	3.179102e-09	2.037536e-06	2.452996e-09
358	2.292613e-01	2.433240e-02	2.834464e-04	4.041794e-05	3.470362e-09	2.223008e-06	2.582972e-09
359	2.293389e-01	2.420842e-02	2.932010e-04	4.375131e-05	4.052058e-09	2.522134e-06	2.852325e-09
