0.00	+1.632e-01	+3.925e-04	+5.973e-06	+7.496e-08	+4.897e-14	+4.300e-10	+1.083e-14
1.00	+1.630e-01	+3.498e-04	+6.062e-06	+3.457e-08	-9.269e-15	+3.090e-10	-1.283e-14
2.00	+1.630e-01	+3.513e-04	+6.733e-06	+3.414e-08	-1.289e-14	+3.923e-10	-1.008e-14
3.00	+1.629e-01	+3.651e-04	+7.292e-06	+4.848e-08	-6.586e-15	+9.179e-10	+2.806e-14
4.00	+1.632e-01	+3.635e-04	+7.409e-06	+7.395e-08	+3.787e-14	-6.639e-10	-3.953e-14
5.00	+1.632e-01	+3.594e-04	+5.742e-06	+5.737e-08	+3.292e-14	+2.341e-10	+8.617e-16
6.00	+1.630e-01	+3.507e-04	+9.313e-06	+6.809e-08	+5.357e-14	+3.901e-10	+8.411e-15
7.00	+1.633e-01	+3.594e-04	+8.222e-06	+8.198e-08	+4.887e-14	-6.026e-10	-4.628e-14
8.00	+1.631e-01	+3.527e-04	+5.675e-06	+5.754e-08	+3.252e-14	+2.382e-10	+4.859e-15
9.00	+1.631e-01	+3.736e-04	+7.644e-06	+7.834e-08	+6.026e-14	+4.434e-10	+6.549e-15
10.00	+1.633e-01	+3.832e-04	+7.830e-06	+7.883e-08	+5.940e-14	-2.911e-11	-1.750e-14
11.00	+1.631e-01	+3.494e-04	+7.741e-06	+3.704e-08	+7.146e-15	-4.300e-10	-1.850e-14
12.00	+1.632e-01	+3.704e-04	+7.409e-06	+6.558e-08	+4.546e-14	+1.655e-10	-4.788e-15
13.00	+1.632e-01	+3.915e-04	+8.801e-06	+7.286e-08	+5.496e-14	-5.836e-11	-1.961e-14
14.00	+1.633e-01	+3.561e-04	+6.162e-06	+1.019e-07	+7.837e-14	+5.614e-10	+1.955e-14
15.00	+1.631e-01	+3.716e-04	+7.389e-06	+8.909e-08	+7.214e-14	+1.962e-10	-4.631e-15
16.00	+1.631e-01	+3.625e-04	+8.590e-06	+6.794e-08	+5.091e-14	+3.965e-10	+1.011e-14
17.00	+1.631e-01	+3.713e-04	+6.231e-06	+7.893e-08	+5.526e-14	+2.230e-10	+3.202e-15
18.00	+1.631e-01	+3.598e-04	+7.017e-06	+7.025e-08	+4.919e-14	+4.978e-11	-3.592e-15
19.00	+1.632e-01	+3.633e-04	+7.263e-06	+8.958e-08	+7.031e-14	+5.718e-10	+1.667e-14
20.00	+1.633e-01	+3.755e-04	+7.808e-06	+8.503e-08	+6.440e-14	-2.625e-10	-2.556e-14
21.00	+1.632e-01	+3.625e-04	+6.340e-06	+6.489e-08	+4.019e-14	-1.586e-10	-1.081e-14
22.00	+1.633e-01	+3.461e-04	+8.443e-06	+1.477e-07	+1.435e-13	+1.549e-09	+8.114e-14
23.00	+1.630e-01	+3.614e-04	+6.809e-06	+7.835e-08	+5.698e-14	+2.223e-10	+5.262e-15
24.00	+1.631e-01	+3.380e-04	+7.042e-06	+5.833e-08	+3.186e-14	-1.067e-10	-1.957e-14
25.00	+1.632e-01	+3.592e-04	+8.032e-06	+8.349e-08	+6.483e-14	-1.010e-10	-2.172e-14
26.00	+1.631e-01	+3.605e-04	+7.848e-06	+7.003e-08	+4.914e-14	+6.324e-10	+1.672e-14
27.00	+1.632e-01	+3.709e-04	+7.815e-06	+8.234e-08	+6.596e-14	+2.674e-10	+3.430e-15
28.00	+1.631e-01	+3.587e-04	+8.165e-06	+7.033e-08	+5.330e-14	+2.391e-10	-4.312e-16
29.00	+1.629e-01	+3.442e-04	+5.762e-06	+2.953e-08	+1.215e-14	-1.147e-11	-8.472e-16
30.00	+1.629e-01	+3.584e-04	+4.708e-06	+1.970e-08	+5.302e-15	-9.239e-11	-2.810e-15
31.00	+1.633e-01	+3.544e-04	+6.603e-06	+3.139e-08	+8.672e-15	+3.396e-10	+1.135e-14
32.00	+1.632e-01	+3.625e-04	+6.128e-06	+9.319e-08	+6.882e-14	+4.984e-10	+1.494e-14
33.00	+1.630e-01	+3.309e-04	+6.242e-06	+6.670e-08	+2.005e-14	+8.336e-10	+3.809e-14
34.00	+1.633e-01	+3.798e-04	+7.426e-06	+2.850e-08	+8.568e-15	+3.001e-10	+9.923e-15
35.00	+1.631e-01	+3.685e-04	+6.606e-06	+7.184e-08	+4.928e-14	+2.558e-10	-4.479e-15
36.00	+1.629e-01	+3.283e-04	+8.237e-06	+7.469e-08	+5.048e-14	-1.531e-10	-2.974e-14
37.00	+1.632e-01	+3.467e-04	+6.533e-06	+3.814e-08	+1.435e-14	-1.071e-10	-1.251e-14
38.00	+1.631e-01	+3.332e-04	+5.602e-06	+6.707e-08	+2.619e-14	+6.254e-10	+3.169e-14
39.00	+1.633e-01	+3.733e-04	+7.019e-06	+5.775e-08	+3.070e-14	+4.840e-10	+2.023e-14
40.00	+1.631e-01	+3.588e-04	+7.636e-06	+4.630e-08	+2.576e-14	+3.405e-10	+9.705e-15
41.00	+1.630e-01	+3.705e-04	+6.853e-06	+2.032e-08	+6.976e-15	+1.514e-10	+2.977e-15
42.00	+1.632e-01	+3.527e-04	+7.722e-06	+9.851e-08	+8.473e-14	+6.253e-10	+1.426e-14
43.00	+1.633e-01	+3.723e-04	+8.217e-06	+5.797e-08	+3.280e-14	+5.676e-10	+2.291e-14
44.00	+1.632e-01	+3.378e-04	+8.947e-06	+3.021e-08	-7.622e-15	-5.412e-10	-1.374e-14
45.00	+1.630e-01	+3.172e-04	+9.569e-06	+1.456e-07	+1.685e-13	+8.434e-10	+3.387e-14
46.00	+1.634e-01	+3.321e-04	+7.922e-06	+1.022e-07	+8.616e-14	+2.074e-10	-3.209e-14
47.00	+1.631e-01	+3.724e-04	+8.452e-06	+5.159e-08	+2.354e-14	+5.841e-10	+2.462e-14
48.00	+1.632e-01	+3.732e-04	+1.103e-05	+8.894e-08	+8.718e-14	+4.197e-10	+1.267e-14
49.00	+1.631e-01	+3.394e-04	+6.123e-06	+5.783e-08	+3.355e-14	+3.239e-10	+7.669e-15
50.00	+1.631e-01	+3.384e-04	+4.078e-06	+6.440e-08	+3.183e-14	+3.957e-10	+8.719e-15
51.00	+1.632e-01	+3.532e-04	+7.578e-06	+7.269e-08	+5.243e-14	+1.521e-10	-1.272e-14
52.00	+1.630e-01	+3.606e-04	+8.188e-06	+6.576e-08	+4.135e-14	+6.263e-10	+2.487e-14
53.00	+1.632e-01	+3.953e-04	+8.769e-06	+5.957e-08	+3.193e-14	-2.762e-10	-2.888e-14
54.00	+1.633e-01	+3.590e-04	+6.842e-06	+6.434e-08	+4.222e-14	+2.607e-10	+6.329e-15
55.00	+1.632e-01	+3.687e-04	+7.102e-06	+8.301e-08	+6.363e-14	+2.462e-10	+3.780e-15
56.00	+1.630e-01	+3.443e-04	+7.270e-06	+3.481e-08	+1.642e-14	+2.176e-10	+6.071e-15
57.00	+1.630e-01	+3.448e-04	+7.570e-06	+7.811e-08	+5.825e-14	+3.072e-10	+1.468e-14
58.00	+1.634e-01	+3.973e-04	+8.228e-06	+7.483e-08	+5.192e-14	-3.692e-10	-2.742e-14
59.00	+1.634e-01	+3.780e-04	+1.428e-05	+1.522e-07	+2.174e-13	+4.147e-10	-5.506e-14
60.00	+1.630e-01	+3.392e-04	+6.837e-06	+2.070e-08	+4.121e-15	-2.639e-10	-6.604e-15
61.00	+1.631e-01	+3.510e-04	+8.793e-06	+6.341e-08	+4.310e-14	-1.355e-10	-1.960e-14
62.00	+1.632e-01	+3.620e-04	+6.558e-06	+7.110e-08	+4.596e-14	-7.873e-11	-1.564e-14
63.00	+1.630e-01	+3.549e-04	+5.672e-06	+7.686e-08	+5.005e-14	+4.716e-10	+8.425e-15
64.00	+1.632e-01	+3.660e-04	+6.641e-06	+7.874e-08	+5.634e-14	+3.431e-10	+8.220e-15
65.00	+1.630e-01	+3.439e-04	+5.919e-06	+6.377e-08	+3.631e-14	+4.736e-10	+1.471e-14
66.00	+1.630e-01	+3.600e-04	+6.928e-06	+8.286e-08	+6.272e-14	+3.580e-10	+2.863e-15
67.00	+1.631e-01	+3.617e-04	+6.603e-06	+7.331e-08	+4.861e-14	+4.722e-10	+1.543e-14
68.00	+1.633e-01	+3.695e-04	+6.925e-06	+8.137e-08	+5.949e-14	+3.975e-10	+1.385e-14
69.00	+1.632e-01	+3.569e-04	+6.058e-06	+9.304e-08	+5.925e-14	-1.906e-10	-3.700e-14
70.00	+1.632e-01	+3.994e-04	+7.645e-06	+5.044e-08	+3.113e-14	+1.608e-10	-3.486e-15
71.00	+1.632e-01	+3.713e-04	+6.773e-06	+8.381e-08	+6.183e-14	+1.640e-11	-1.283e-14
72.00	+1.631e-01	+3.361e-04	+7.102e-06	+1.023e-07	+8.650e-14	+2.758e-10	-1.136e-14
73.00	+1.632e-01	+3.696e-04	+7.198e-06	+1.364e-07	+1.300e-13	+7.910e-10	+3.686e-14
74.00	+1.632e-01	+3.478e-04	+6.826e-06	+5.968e-08	+3.507e-14	+3.908e-10	+1.485e-14
75.00	+1.630e-01	+3.638e-04	+7.324e-06	+6.467e-08	+4.387e-14	+3.512e-10	+7.534e-15
76.00	+1.633e-01	+3.504e-04	+5.398e-06	+8.846e-08	+4.062e-14	+1.044e-09	+4.568e-14
77.00	+1.631e-01	+3.693e-04	+6.068e-06	+9.686e-08	+7.309e-14	+6.243e-10	+1.313e-14
78.00	+1.631e-01	+3.478e-04	+8.501e-06	+4.591e-08	+2.853e-14	+2.187e-11	-2.986e-15
79.00	+1.633e-01	+3.725e-04	+6.234e-06	+5.776e-08	+3.462e-14	+1.514e-10	-1.681e-15
80.00	+1.632e-01	+3.798e-04	+7.876e-06	+7.308e-08	+5.532e-14	+3.808e-10	+3.684e-15
81.00	+1.632e-01	+3.653e-04	+6.674e-06	+8.952e-08	+6.774e-14	+4.821e-10	+1.412e-14
82.00	+1.631e-01	+3.603e-04	+6.420e-06	+8.348e-08	+6.054e-14	+3.962e-10	+8.336e-15
83.00	+1.631e-01	+3.642e-04	+7.820e-06	+6.551e-08	+4.644e-14	+2.206e-10	-6.490e-15
84.00	+1.632e-01	+3.705e-04	+9.066e-06	+6.948e-08	+5.366e-14	-4.769e-11	-1.268e-14
85.00	+1.632e-01	+3.622e-04	+7.654e-06	+8.102e-08	+6.323e-14	+2.027e-10	-8.526e-15
86.00	+1.631e-01	+3.585e-04	+6.164e-06	+1.210e-07	+5.874e-14	+1.767e-09	+8.640e-14
87.00	+1.635e-01	+3.727e-04	+7.227e-06	+1.386e-07	+1.238e-13	-5.444e-10	-6.258e-14
88.00	+1.634e-01	+3.828e-04	+9.413e-06	+2.176e-07	-8.980e-16	-2.662e-09	-3.114e-13
89.00	+1.634e-01	+3.795e-04	+8.500e-06	+1.957e-07	-1.276e-14	-2.509e-09	-2.521e-13
90.00	+1.632e-01	+3.925e-04	+5.973e-06	+7.496e-08	+4.897e-14	+4.300e-10	+1.083e-14
91.00	+1.630e-01	+3.498e-04	+6.062e-06	+3.457e-08	-9.269e-15	+3.090e-10	-1.283e-14
92.00	+1.630e-01	+3.513e-04	+6.733e-06	+3.414e-08	-1.289e-14	+3.923e-10	-1.008e-14
93.00	+1.629e-01	+3.651e-04	+7.292e-06	+4.848e-08	-6.586e-15	+9.179e-10	+2.806e-14
94.00	+1.632e-01	+3.635e-04	+7.409e-06	+7.395e-08	+3.787e-14	-6.639e-10	-3.953e-14
95.00	+1.632e-01	+3.594e-04	+5.742e-06	+5.737e-08	+3.292e-14	+2.341e-10	+8.617e-16
96.00	+1.630e-01	+3.507e-04	+9.313e-06	+6.809e-08	+5.357e-14	+3.901e-10	+8.411e-15
97.00	+1.633e-01	+3.594e-04	+8.222e-06	+8.198e-08	+4.887e-14	-6.026e-10	-4.628e-14
98.00	+1.631e-01	+3.527e-04	+5.675e-06	+5.754e-08	+3.252e-14	+2.382e-10	+4.859e-15
99.00	+1.631e-01	+3.736e-04	+7.644e-06	+7.834e-08	+6.026e-14	+4.434e-10	+6.549e-15
100.00	+1.633e-01	+3.832e-04	+7.830e-06	+7.883e-08	+5.940e-14	-2.911e-11	-1.750e-14
101.00	+1.631e-01	+3.494e-04	+7.741e-06	+3.704e-08	+7.146e-15	-4.300e-10	-1.850e-14
102.00	+1.632e-01	+3.704e-04	+7.409e-06	+6.558e-08	+4.546e-14	+1.655e-10	-4.788e-15
103.00	+1.632e-01	+3.915e-04	+8.801e-06	+7.286e-08	+5.496e-14	-5.836e-11	-1.961e-14
104.00	+1.633e-01	+3.561e-04	+6.162e-06	+1.019e-07	+7.837e-14	+5.614e-10	+1.955e-14
105.00	+1.631e-01	+3.716e-04	+7.389e-06	+8.909e-08	+7.214e-14	+1.962e-10	-4.631e-15
106.00	+1.631e-01	+3.625e-04	+8.590e-06	+6.794e-08	+5.091e-14	+3.965e-10	+1.011e-14
107.00	+1.631e-01	+3.713e-04	+6.231e-06	+7.893e-08	+5.526e-14	+2.230e-10	+3.202e-15
108.00	+1.631e-01	+3.598e-04	+7.017e-06	+7.025e-08	+4.919e-14	+4.978e-11	-3.592e-15
109.00	+1.632e-01	+3.633e-04	+7.263e-06	+8.958e-08	+7.031e-14	+5.718e-10	+1.667e-14
110.00	+1.633e-01	+3.755e-04	+7.808e-06	+8.503e-08	+6.440e-14	-2.625e-10	-2.556e-14
111.00	+1.632e-01	+3.625e-04	+6.340e-06	+6.489e-08	+4.019e-14	-1.586e-10	-1.081e-14
112.00	+1.633e-01	+3.534e-04	+8.662e-06	+1.524e-07	+1.567e-13	+1.612e-09	+7.833e-14
113.00	+1.630e-01	+3.614e-04	+6.809e-06	+7.835e-08	+5.698e-14	+2.223e-10	+5.262e-15
114.00	+1.631e-01	+3.435e-04	+7.396e-06	+7.268e-08	+4.316e-14	-2.720e-10	-3.125e-14
115.00	+1.632e-01	+3.592e-04	+8.032e-06	+8.349e-08	+6.483e-14	-1.010e-10	-2.172e-14
116.00	+1.631e-01	+3.605e-04	+7.848e-06	+7.003e-08	+4.914e-14	+6.324e-10	+1.672e-14
117.00	+1.632e-01	+3.709e-04	+7.815e-06	+8.234e-08	+6.596e-14	+2.674e-10	+3.430e-15
118.00	+1.631e-01	+3.587e-04	+8.165e-06	+7.033e-08	+5.330e-14	+2.391e-10	-4.312e-16
119.00	+1.629e-01	+3.442e-04	+5.762e-06	+2.953e-08	+1.215e-14	-1.147e-11	-8.472e-16
120.00	+1.629e-01	+3.584e-04	+4.708e-06	+1.970e-08	+5.302e-15	-9.239e-11	-2.810e-15
121.00	+1.633e-01	+3.544e-04	+6.603e-06	+3.139e-08	+8.672e-15	+3.396e-10	+1.135e-14
122.00	+1.632e-01	+3.625e-04	+6.128e-06	+9.319e-08	+6.882e-14	+4.984e-10	+1.494e-14
123.00	+1.630e-01	+3.309e-04	+6.242e-06	+6.670e-08	+2.005e-14	+8.336e-10	+3.809e-14
124.00	+1.633e-01	+3.798e-04	+7.426e-06	+2.850e-08	+8.568e-15	+3.001e-10	+9.923e-15
125.00	+1.631e-01	+3.685e-04	+6.606e-06	+7.184e-08	+4.928e-14	+2.558e-10	-4.479e-15
126.00	+1.629e-01	+3.283e-04	+8.237e-06	+7.469e-08	+5.048e-14	-1.531e-10	-2.974e-14
127.00	+1.632e-01	+3.467e-04	+6.533e-06	+3.814e-08	+1.435e-14	-1.071e-10	-1.251e-14
128.00	+1.631e-01	+3.332e-04	+5.602e-06	+6.707e-08	+2.619e-14	+6.254e-10	+3.169e-14
129.00	+1.633e-01	+3.733e-04	+7.019e-06	+5.775e-08	+3.070e-14	+4.840e-10	+2.023e-14
130.00	+1.631e-01	+3.588e-04	+7.636e-06	+4.630e-08	+2.576e-14	+3.405e-10	+9.705e-15
131.00	+1.630e-01	+3.705e-04	+6.853e-06	+2.032e-08	+6.976e-15	+1.514e-10	+2.977e-15
132.00	+1.632e-01	+3.527e-04	+7.722e-06	+9.851e-08	+8.473e-14	+6.253e-10	+1.426e-14
133.00	+1.633e-01	+3.723e-04	+8.217e-06	+5.797e-08	+3.280e-14	+5.676e-10	+2.291e-14
134.00	+1.632e-01	+3.378e-04	+8.947e-06	+3.021e-08	-7.622e-15	-5.412e-10	-1.374e-14
135.00	+1.630e-01	+3.172e-04	+9.569e-06	+1.456e-07	+1.685e-13	+8.434e-10	+3.387e-14
136.00	+1.634e-01	+3.321e-04	+7.922e-06	+1.022e-07	+8.616e-14	+2.074e-10	-3.209e-14
137.00	+1.631e-01	+3.724e-04	+8.452e-06	+5.159e-08	+2.354e-14	+5.841e-10	+2.462e-14
138.00	+1.632e-01	+3.732e-04	+1.103e-05	+8.894e-08	+8.718e-14	+4.197e-10	+1.267e-14
139.00	+1.631e-01	+3.394e-04	+6.123e-06	+5.783e-08	+3.355e-14	+3.239e-10	+7.669e-15
140.00	+1.631e-01	+3.384e-04	+4.078e-06	+6.440e-08	+3.183e-14	+3.957e-10	+8.719e-15
141.00	+1.632e-01	+3.532e-04	+7.578e-06	+7.269e-08	+5.243e-14	+1.521e-10	-1.272e-14
142.00	+1.630e-01	+3.606e-04	+8.188e-06	+6.576e-08	+4.135e-14	+6.263e-10	+2.487e-14
143.00	+1.632e-01	+3.953e-04	+8.769e-06	+5.957e-08	+3.193e-14	-2.762e-10	-2.888e-14
144.00	+1.633e-01	+3.590e-04	+6.842e-06	+6.434e-08	+4.222e-14	+2.607e-10	+6.329e-15
145.00	+1.632e-01	+3.687e-04	+7.102e-06	+8.301e-08	+6.363e-14	+2.462e-10	+3.780e-15
146.00	+1.630e-01	+3.443e-04	+7.270e-06	+3.481e-08	+1.642e-14	+2.176e-10	+6.071e-15
147.00	+1.630e-01	+3.448e-04	+7.570e-06	+7.811e-08	+5.825e-14	+3.072e-10	+1.468e-14
148.00	+1.634e-01	+3.973e-04	+8.228e-06	+7.483e-08	+5.192e-14	-3.692e-10	-2.742e-14
149.00	+1.634e-01	+3.780e-04	+1.428e-05	+1.522e-07	+2.174e-13	+4.147e-10	-5.506e-14
150.00	+1.630e-01	+3.392e-04	+6.837e-06	+2.070e-08	+4.121e-15	-2.639e-10	-6.604e-15
151.00	+1.631e-01	+3.510e-04	+8.793e-06	+6.341e-08	+4.310e-14	-1.355e-10	-1.960e-14
152.00	+1.632e-01	+3.620e-04	+6.558e-06	+7.110e-08	+4.596e-14	-7.873e-11	-1.564e-14
153.00	+1.630e-01	+3.549e-04	+5.672e-06	+7.686e-08	+5.005e-14	+4.716e-10	+8.425e-15
154.00	+1.632e-01	+3.660e-04	+6.641e-06	+7.874e-08	+5.634e-14	+3.431e-10	+8.220e-15
155.00	+1.630e-01	+3.439e-04	+5.919e-06	+6.377e-08	+3.631e-14	+4.736e-10	+1.471e-14
156.00	+1.630e-01	+3.600e-04	+6.928e-06	+8.286e-08	+6.272e-14	+3.580e-10	+2.863e-15
157.00	+1.631e-01	+3.617e-04	+6.603e-06	+7.331e-08	+4.861e-14	+4.722e-10	+1.543e-14
158.00	+1.633e-01	+3.695e-04	+6.925e-06	+8.137e-08	+5.949e-14	+3.975e-10	+1.385e-14
159.00	+1.632e-01	+3.569e-04	+6.058e-06	+9.304e-08	+5.925e-14	-1.906e-10	-3.700e-14
160.00	+1.632e-01	+3.994e-04	+7.645e-06	+5.044e-08	+3.113e-14	+1.608e-10	-3.486e-15
161.00	+1.632e-01	+3.713e-04	+6.773e-06	+8.381e-08	+6.183e-14	+1.640e-11	-1.283e-14
162.00	+1.631e-01	+3.361e-04	+7.102e-06	+1.023e-07	+8.650e-14	+2.758e-10	-1.136e-14
163.00	+1.632e-01	+3.696e-04	+7.198e-06	+1.364e-07	+1.300e-13	+7.910e-10	+3.686e-14
164.00	+1.632e-01	+3.478e-04	+6.826e-06	+5.968e-08	+3.507e-14	+3.908e-10	+1.485e-14
165.00	+1.630e-01	+3.638e-04	+7.324e-06	+6.467e-08	+4.387e-14	+3.512e-10	+7.534e-15
166.00	+1.633e-01	+3.504e-04	+5.398e-06	+8.846e-08	+4.062e-14	+1.044e-09	+4.568e-14
167.00	+1.631e-01	+3.693e-04	+6.068e-06	+9.686e-08	+7.309e-14	+6.243e-10	+1.313e-14
168.00	+1.631e-01	+3.478e-04	+8.501e-06	+4.591e-08	+2.853e-14	+2.187e-11	-2.986e-15
169.00	+1.634e-01	+3.766e-04	+6.972e-06	+7.100e-08	+4.972e-14	+1.797e-10	-4.810e-15
170.00	+1.632e-01	+3.798e-04	+7.876e-06	+7.308e-08	+5.532e-14	+3.808e-10	+3.684e-15
171.00	+1.632e-01	+3.653e-04	+6.674e-06	+8.952e-08	+6.774e-14	+4.821e-10	+1.412e-14
172.00	+1.631e-01	+3.603e-04	+6.420e-06	+8.348e-08	+6.054e-14	+3.962e-10	+8.336e-15
173.00	+1.631e-01	+3.642e-04	+7.820e-06	+6.551e-08	+4.644e-14	+2.206e-10	-6.490e-15
174.00	+1.632e-01	+3.705e-04	+9.066e-06	+6.948e-08	+5.366e-14	-4.769e-11	-1.268e-14
175.00	+1.632e-01	+3.622e-04	+7.654e-06	+8.102e-08	+6.323e-14	+2.027e-10	-8.526e-15
176.00	+1.631e-01	+3.585e-04	+6.164e-06	+1.210e-07	+5.874e-14	+1.767e-09	+8.640e-14
177.00	+1.635e-01	+3.727e-04	+7.227e-06	+1.386e-07	+1.238e-13	-5.444e-10	-6.258e-14
178.00	+1.634e-01	+3.828e-04	+9.413e-06	+2.176e-07	-8.980e-16	-2.662e-09	-3.114e-13
179.00	+1.634e-01	+3.795e-04	+8.500e-06	+1.957e-07	-1.276e-14	-2.509e-09	-2.521e-13
180.00	+1.632e-01	+3.925e-04	+5.973e-06	+7.496e-08	+4.897e-14	+4.300e-10	+1.083e-14
181.00	+1.630e-01	+3.498e-04	+6.062e-06	+3.457e-08	-9.269e-15	+3.090e-10	-1.283e-14
182.00	+1.630e-01	+3.498e-04	+6.062e-06	+3.457e-08	-9.269e-15	+3.090e-10	-1.283e-14
183.00	+1.629e-01	+3.721e-04	+6.970e-06	+4.268e-08	-4.388e-15	+8.148e-10	+2.286e-14
184.00	+1.632e-01	+3.635e-04	+7.409e-06	+7.395e-08	+3.787e-14	-6.639e-10	-3.953e-14
185.00	+1.632e-01	+3.594e-04	+5.742e-06	+5.737e-08	+3.292e-14	+2.341e-10	+8.617e-16
186.00	+1.630e-01	+3.507e-04	+9.313e-06	+6.809e-08	+5.357e-14	+3.901e-10	+8.411e-15
187.00	+1.633e-01	+3.594e-04	+8.222e-06	+8.198e-08	+4.887e-14	-6.026e-10	-4.628e-14
188.00	+1.631e-01	+3.527e-04	+5.675e-06	+5.754e-08	+3.252e-14	+2.382e-10	+4.859e-15
189.00	+1.631e-01	+3.736e-04	+7.644e-06	+7.834e-08	+6.026e-14	+4.434e-10	+6.549e-15
190.00	+1.633e-01	+3.832e-04	+7.830e-06	+7.883e-08	+5.940e-14	-2.911e-11	-1.750e-14
191.00	+1.631e-01	+3.494e-04	+7.741e-06	+3.704e-08	+7.146e-15	-4.300e-10	-1.850e-14
192.00	+1.632e-01	+3.704e-04	+7.409e-06	+6.558e-08	+4.546e-14	+1.655e-10	-4.788e-15
193.00	+1.632e-01	+3.915e-04	+8.801e-06	+7.286e-08	+5.496e-14	-5.836e-11	-1.961e-14
194.00	+1.633e-01	+3.561e-04	+6.162e-06	+1.019e-07	+7.837e-14	+5.614e-10	+1.955e-14
195.00	+1.631e-01	+3.716e-04	+7.389e-06	+8.909e-08	+7.214e-14	+1.962e-10	-4.631e-15
196.00	+1.631e-01	+3.625e-04	+8.590e-06	+6.794e-08	+5.091e-14	+3.965e-10	+1.011e-14
197.00	+1.631e-01	+3.713e-04	+6.231e-06	+7.893e-08	+5.526e-14	+2.230e-10	+3.202e-15
198.00	+1.631e-01	+3.598e-04	+7.017e-06	+7.025e-08	+4.919e-14	+4.978e-11	-3.592e-15
199.00	+1.632e-01	+3.633e-04	+7.263e-06	+8.958e-08	+7.031e-14	+5.718e-10	+1.667e-14
200.00	+1.633e-01	+3.755e-04	+7.808e-06	+8.503e-08	+6.440e-14	-2.625e-10	-2.556e-14
201.00	+1.632e-01	+3.625e-04	+6.340e-06	+6.489e-08	+4.019e-14	-1.586e-10	-1.081e-14
202.00	+1.633e-01	+3.461e-04	+8.443e-06	+1.477e-07	+1.435e-13	+1.549e-09	+8.114e-14
203.00	+1.630e-01	+3.614e-04	+6.809e-06	+7.835e-08	+5.698e-14	+2.223e-10	+5.262e-15
204.00	+1.631e-01	+3.380e-04	+7.042e-06	+5.833e-08	+3.186e-14	-1.067e-10	-1.957e-14
205.00	+1.632e-01	+3.592e-04	+8.032e-06	+8.349e-08	+6.483e-14	-1.010e-10	-2.172e-14
206.00	+1.631e-01	+3.605e-04	+7.848e-06	+7.003e-08	+4.914e-14	+6.324e-10	+1.672e-14
207.00	+1.632e-01	+3.709e-04	+7.815e-06	+8.234e-08	+6.596e-14	+2.674e-10	+3.430e-15
208.00	+1.631e-01	+3.587e-04	+8.165e-06	+7.033e-08	+5.330e-14	+2.391e-10	-4.312e-16
209.00	+1.629e-01	+3.442e-04	+5.762e-06	+2.953e-08	+1.215e-14	-1.147e-11	-8.472e-16
210.00	+1.629e-01	+3.584e-04	+4.708e-06	+1.970e-08	+5.302e-15	-9.239e-11	-2.810e-15
211.00	+1.633e-01	+3.544e-04	+6.603e-06	+3.139e-08	+8.672e-15	+3.396e-10	+1.135e-14
212.00	+1.632e-01	+3.625e-04	+6.128e-06	+9.319e-08	+6.882e-14	+4.984e-10	+1.494e-14
213.00	+1.630e-01	+3.309e-04	+6.242e-06	+6.670e-08	+2.005e-14	+8.336e-10	+3.809e-14
214.00	+1.633e-01	+3.798e-04	+7.426e-06	+2.850e-08	+8.568e-15	+3.001e-10	+9.923e-15
215.00	+1.631e-01	+3.685e-04	+6.606e-06	+7.184e-08	+4.928e-14	+2.558e-10	-4.479e-15
216.00	+1.629e-01	+3.283e-04	+8.237e-06	+7.469e-08	+5.048e-14	-1.531e-10	-2.974e-14
217.00	+1.632e-01	+3.467e-04	+6.533e-06	+3.814e-08	+1.435e-14	-1.071e-10	-1.251e-14
218.00	+1.631e-01	+3.332e-04	+5.602e-06	+6.707e-08	+2.619e-14	+6.254e-10	+3.169e-14
219.00	+1.633e-01	+3.733e-04	+7.019e-06	+5.775e-08	+3.070e-14	+4.840e-10	+2.023e-14
220.00	+1.631e-01	+3.588e-04	+7.636e-06	+4.630e-08	+2.576e-14	+3.405e-10	+9.705e-15
221.00	+1.630e-01	+3.705e-04	+6.853e-06	+2.032e-08	+6.976e-15	+1.514e-10	+2.977e-15
222.00	+1.632e-01	+3.527e-04	+7.722e-06	+9.851e-08	+8.473e-14	+6.253e-10	+1.426e-14
223.00	+1.633e-01	+3.723e-04	+8.217e-06	+5.797e-08	+3.280e-14	+5.676e-10	+2.291e-14
224.00	+1.632e-01	+3.378e-04	+8.947e-06	+3.021e-08	-7.622e-15	-5.412e-10	-1.374e-14
225.00	+1.630e-01	+3.172e-04	+9.569e-06	+1.456e-07	+1.685e-13	+8.434e-10	+3.387e-14
226.00	+1.634e-01	+3.321e-04	+7.922e-06	+1.022e-07	+8.616e-14	+2.074e-10	-3.209e-14
227.00	+1.631e-01	+3.724e-04	+8.452e-06	+5.159e-08	+2.354e-14	+5.841e-10	+2.462e-14
228.00	+1.632e-01	+3.732e-04	+1.103e-05	+8.894e-08	+8.718e-14	+4.197e-10	+1.267e-14
229.00	+1.631e-01	+3.394e-04	+6.123e-06	+5.783e-08	+3.355e-14	+3.239e-10	+7.669e-15
230.00	+1.631e-01	+3.410e-04	+4.540e-06	+6.669e-08	+3.588e-14	+3.202e-10	+7.698e-15
231.00	+1.632e-01	+3.532e-04	+7.578e-06	+7.269e-08	+5.243e-14	+1.521e-10	-1.272e-14
232.00	+1.630e-01	+3.606e-04	+8.188e-06	+6.576e-08	+4.135e-14	+6.263e-10	+2.487e-14
233.00	+1.632e-01	+3.953e-04	+8.769e-06	+5.957e-08	+3.193e-14	-2.762e-10	-2.888e-14
234.00	+1.633e-01	+3.590e-04	+6.842e-06	+6.434e-08	+4.222e-14	+2.607e-10	+6.329e-15
235.00	+1.632e-01	+3.687e-04	+7.102e-06	+8.301e-08	+6.363e-14	+2.462e-10	+3.780e-15
236.00	+1.630e-01	+3.443e-04	+7.270e-06	+3.481e-08	+1.642e-14	+2.176e-10	+6.071e-15
237.00	+1.630e-01	+3.448e-04	+7.570e-06	+7.811e-08	+5.825e-14	+3.072e-10	+1.468e-14
238.00	+1.634e-01	+3.973e-04	+8.228e-06	+7.483e-08	+5.192e-14	-3.692e-10	-2.742e-14
239.00	+1.634e-01	+3.780e-04	+1.428e-05	+1.522e-07	+2.174e-13	+4.147e-10	-5.506e-14
240.00	+1.630e-01	+3.392e-04	+6.837e-06	+2.070e-08	+4.121e-15	-2.639e-10	-6.604e-15
241.00	+1.631e-01	+3.510e-04	+8.793e-06	+6.341e-08	+4.310e-14	-1.355e-10	-1.960e-14
242.00	+1.632e-01	+3.620e-04	+6.558e-06	+7.110e-08	+4.596e-14	-7.873e-11	-1.564e-14
243.00	+1.630e-01	+3.549e-04	+5.672e-06	+7.686e-08	+5.005e-14	+4.716e-10	+8.425e-15
244.00	+1.632e-01	+3.660e-04	+6.641e-06	+7.874e-08	+5.634e-14	+3.431e-10	+8.220e-15
245.00	+1.630e-01	+3.439e-04	+5.919e-06	+6.377e-08	+3.631e-14	+4.736e-10	+1.471e-14
246.00	+1.630e-01	+3.600e-04	+6.928e-06	+8.286e-08	+6.272e-14	+3.580e-10	+2.863e-15
247.00	+1.631e-01	+3.617e-04	+6.603e-06	+7.331e-08	+4.861e-14	+4.722e-10	+1.543e-14
248.00	+1.633e-01	+3.695e-04	+6.925e-06	+8.137e-08	+5.949e-14	+3.975e-10	+1.385e-14
249.00	+1.632e-01	+3.569e-04	+6.058e-06	+9.304e-08	+5.925e-14	-1.906e-10	-3.700e-14
250.00	+1.632e-01	+3.994e-04	+7.645e-06	+5.044e-08	+3.113e-14	+1.608e-10	-3.486e-15
251.00	+1.632e-01	+3.713e-04	+6.773e-06	+8.381e-08	+6.183e-14	+1.640e-11	-1.283e-14
252.00	+1.631e-01	+3.361e-04	+7.102e-06	+1.023e-07	+8.650e-14	+2.758e-10	-1.136e-14
253.00	+1.632e-01	+3.696e-04	+7.198e-06	+1.364e-07	+1.300e-13	+7.910e-10	+3.686e-14
254.00	+1.632e-01	+3.478e-04	+6.826e-06	+5.968e-08	+3.507e-14	+3.908e-10	+1.485e-14
255.00	+1.630e-01	+3.638e-04	+7.324e-06	+6.467e-08	+4.387e-14	+3.512e-10	+7.534e-15
256.00	+1.633e-01	+3.504e-04	+5.398e-06	+8.846e-08	+4.062e-14	+1.044e-09	+4.568e-14
257.00	+1.631e-01	+3.693e-04	+6.068e-06	+9.686e-08	+7.309e-14	+6.243e-10	+1.313e-14
258.00	+1.631e-01	+3.478e-04	+8.501e-06	+4.591e-08	+2.853e-14	+2.187e-11	-2.986e-15
259.00	+1.634e-01	+3.766e-04	+6.972e-06	+7.100e-08	+4.972e-14	+1.797e-10	-4.810e-15
260.00	+1.632e-01	+3.798e-04	+7.876e-06	+7.308e-08	+5.532e-14	+3.808e-10	+3.684e-15
261.00	+1.632e-01	+3.653e-04	+6.674e-06	+8.952e-08	+6.774e-14	+4.821e-10	+1.412e-14
262.00	+1.631e-01	+3.603e-04	+6.420e-06	+8.348e-08	+6.054e-14	+3.962e-10	+8.336e-15
263.00	+1.631e-01	+3.642e-04	+7.820e-06	+6.551e-08	+4.644e-14	+2.206e-10	-6.490e-15
264.00	+1.632e-01	+3.705e-04	+9.066e-06	+6.948e-08	+5.366e-14	-4.769e-11	-1.268e-14
265.00	+1.632e-01	+3.622e-04	+7.654e-06	+8.102e-08	+6.323e-14	+2.027e-10	-8.526e-15
266.00	+1.631e-01	+3.585e-04	+6.164e-06	+1.210e-07	+5.874e-14	+1.767e-09	+8.640e-14
267.00	+1.635e-01	+3.767e-04	+6.745e-06	+1.322e-07	+1.077e-13	-6.808e-10	-6.311e-14
268.00	+1.634e-01	+3.828e-04	+9.413e-06	+2.176e-07	-8.980e-16	-2.662e-09	-3.114e-13
269.00	+1.634e-01	+3.795e-04	+8.500e-06	+1.957e-07	-1.276e-14	-2.509e-09	-2.521e-13
270.00	+1.632e-01	+3.925e-04	+5.973e-06	+7.496e-08	+4.897e-14	+4.300e-10	+1.083e-14
271.00	+1.630e-01	+3.498e-04	+6.062e-06	+3.457e-08	-9.269e-15	+3.090e-10	-1.283e-14
272.00	+1.630e-01	+3.498e-04	+6.062e-06	+3.457e-08	-9.269e-15	+3.090e-10	-1.283e-14
273.00	+1.629e-01	+3.651e-04	+7.292e-06	+4.848e-08	-6.586e-15	+9.179e-10	+2.806e-14
274.00	+1.632e-01	+3.635e-04	+7.409e-06	+7.395e-08	+3.787e-14	-6.639e-10	-3.953e-14
275.00	+1.632e-01	+3.594e-04	+5.742e-06	+5.737e-08	+3.292e-14	+2.341e-10	+8.617e-16
276.00	+1.630e-01	+3.507e-04	+9.313e-06	+6.809e-08	+5.357e-14	+3.901e-10	+8.411e-15
277.00	+1.633e-01	+3.594e-04	+8.222e-06	+8.198e-08	+4.887e-14	-6.026e-10	-4.628e-14
278.00	+1.631e-01	+3.527e-04	+5.675e-06	+5.754e-08	+3.252e-14	+2.382e-10	+4.859e-15
279.00	+1.631e-01	+3.736e-04	+7.644e-06	+7.834e-08	+6.026e-14	+4.434e-10	+6.549e-15
280.00	+1.633e-01	+3.832e-04	+7.830e-06	+7.883e-08	+5.940e-14	-2.911e-11	-1.750e-14
281.00	+1.631e-01	+3.494e-04	+7.741e-06	+3.704e-08	+7.146e-15	-4.300e-10	-1.850e-14
282.00	+1.632e-01	+3.704e-04	+7.409e-06	+6.558e-08	+4.546e-14	+1.655e-10	-4.788e-15
283.00	+1.632e-01	+3.915e-04	+8.801e-06	+7.286e-08	+5.496e-14	-5.836e-11	-1.961e-14
284.00	+1.633e-01	+3.561e-04	+6.162e-06	+1.019e-07	+7.837e-14	+5.614e-10	+1.955e-14
285.00	+1.631e-01	+3.716e-04	+7.389e-06	+8.909e-08	+7.214e-14	+1.962e-10	-4.631e-15
286.00	+1.631e-01	+3.625e-04	+8.590e-06	+6.794e-08	+5.091e-14	+3.965e-10	+1.011e-14
287.00	+1.631e-01	+3.713e-04	+6.231e-06	+7.893e-08	+5.526e-14	+2.230e-10	+3.202e-15
288.00	+1.631e-01	+3.598e-04	+7.017e-06	+7.025e-08	+4.919e-14	+4.978e-11	-3.592e-15
289.00	+1.632e-01	+3.633e-04	+7.263e-06	+8.958e-08	+7.031e-14	+5.718e-10	+1.667e-14
290.00	+1.633e-01	+3.755e-04	+7.808e-06	+8.503e-08	+6.440e-14	-2.625e-10	-2.556e-14
291.00	+1.632e-01	+3.625e-04	+6.340e-06	+6.489e-08	+4.019e-14	-1.586e-10	-1.081e-14
292.00	+1.633e-01	+3.461e-04	+8.443e-06	+1.477e-07	+1.435e-13	+1.549e-09	+8.114e-14
293.00	+1.630e-01	+3.614e-04	+6.809e-06	+7.835e-08	+5.698e-14	+2.223e-10	+5.262e-15
294.00	+1.631e-01	+3.435e-04	+7.396e-06	+7.268e-08	+4.316e-14	-2.720e-10	-3.125e-14
295.00	+1.632e-01	+3.592e-04	+8.032e-06	+8.349e-08	+6.483e-14	-1.010e-10	-2.172e-14
296.00	+1.631e-01	+3.605e-04	+7.848e-06	+7.003e-08	+4.914e-14	+6.324e-10	+1.672e-14
297.00	+1.632e-01	+3.709e-04	+7.815e-06	+8.234e-08	+6.596e-14	+2.674e-10	+3.430e-15
298.00	+1.631e-01	+3.587e-04	+8.165e-06	+7.033e-08	+5.330e-14	+2.391e-10	-4.312e-16
299.00	+1.629e-01	+3.442e-04	+5.762e-06	+2.953e-08	+1.215e-14	-1.147e-11	-8.472e-16
300.00	+1.629e-01	+3.584e-04	+4.708e-06	+1.970e-08	+5.302e-15	-9.239e-11	-2.810e-15
301.00	+1.633e-01	+3.544e-04	+6.603e-06	+3.139e-08	+8.672e-15	+3.396e-10	+1.135e-14
302.00	+1.632e-01	+3.625e-04	+6.128e-06	+9.319e-08	+6.882e-14	+4.984e-10	+1.494e-14
303.00	+1.630e-01	+3.309e-04	+6.242e-06	+6.670e-08	+2.005e-14	+8.336e-10	+3.809e-14
304.00	+1.633e-01	+3.798e-04	+7.426e-06	+2.850e-08	+8.568e-15	+3.001e-10	+9.923e-15
305.00	+1.631e-01	+3.685e-04	+6.606e-06	+7.184e-08	+4.928e-14	+2.558e-10	-4.479e-15
306.00	+1.629e-01	+3.283e-04	+8.237e-06	+7.469e-08	+5.048e-14	-1.531e-10	-2.974e-14
307.00	+1.632e-01	+3.467e-04	+6.533e-06	+3.814e-08	+1.435e-14	-1.071e-10	-1.251e-14
308.00	+1.631e-01	+3.332e-04	+5.602e-06	+6.707e-08	+2.619e-14	+6.254e-10	+3.169e-14
309.00	+1.633e-01	+3.733e-04	+7.019e-06	+5.775e-08	+3.070e-14	+4.840e-10	+2.023e-14
310.00	+1.630e-01	+3.497e-04	+7.225e-06	+5.456e-08	+3.041e-14	+4.957e-10	+1.576e-14
311.00	+1.630e-01	+3.705e-04	+6.853e-06	+2.032e-08	+6.976e-15	+1.514e-10	+2.977e-15
312.00	+1.632e-01	+3.527e-04	+7.722e-06	+9.851e-08	+8.473e-14	+6.253e-10	+1.426e-14
313.00	+1.633e-01	+3.723e-04	+8.217e-06	+5.797e-08	+3.280e-14	+5.676e-10	+2.291e-14
314.00	+1.632e-01	+3.378e-04	+8.947e-06	+3.021e-08	-7.622e-15	-5.412e-10	-1.374e-14
315.00	+1.630e-01	+3.172e-04	+9.569e-06	+1.456e-07	+1.685e-13	+8.434e-10	+3.387e-14
316.00	+1.634e-01	+3.321e-04	+7.922e-06	+1.022e-07	+8.616e-14	+2.074e-10	-3.209e-14
317.00	+1.631e-01	+3.724e-04	+8.452e-06	+5.159e-08	+2.354e-14	+5.841e-10	+2.462e-14
318.00	+1.632e-01	+3.732e-04	+1.103e-05	+8.894e-08	+8.718e-14	+4.197e-10	+1.267e-14
319.00	+1.631e-01	+3.394e-04	+6.123e-06	+5.783e-08	+3.355e-14	+3.239e-10	+7.669e-15
320.00	+1.631e-01	+3.384e-04	+4.078e-06	+6.440e-08	+3.183e-14	+3.957e-10	+8.719e-15
321.00	+1.632e-01	+3.532e-04	+7.578e-06	+7.269e-08	+5.243e-14	+1.521e-10	-1.272e-14
322.00	+1.630e-01	+3.606e-04	+8.188e-06	+6.576e-08	+4.135e-14	+6.263e-10	+2.487e-14
323.00	+1.632e-01	+3.953e-04	+8.769e-06	+5.957e-08	+3.193e-14	-2.762e-10	-2.888e-14
324.00	+1.633e-01	+3.590e-04	+6.842e-06	+6.434e-08	+4.222e-14	+2.607e-10	+6.329e-15
325.00	+1.632e-01	+3.687e-04	+7.102e-06	+8.301e-08	+6.363e-14	+2.462e-10	+3.780e-15
326.00	+1.630e-01	+3.443e-04	+7.270e-06	+3.481e-08	+1.642e-14	+2.176e-10	+6.071e-15
327.00	+1.631e-01	+3.458e-04	+7.687e-06	+7.409e-08	+5.565e-14	+1.363e-10	+5.366e-15
328.00	+1.634e-01	+3.973e-04	+8.228e-06	+7.483e-08	+5.192e-14	-3.692e-10	-2.742e-14
329.00	+1.634e-01	+3.780e-04	+1.428e-05	+1.522e-07	+2.174e-13	+4.147e-10	-5.506e-14
330.00	+1.630e-01	+3.392e-04	+6.837e-06	+2.070e-08	+4.121e-15	-2.639e-10	-6.604e-15
331.00	+1.631e-01	+3.510e-04	+8.793e-06	+6.341e-08	+4.310e-14	-1.355e-10	-1.960e-14
332.00	+1.632e-01	+3.620e-04	+6.558e-06	+7.110e-08	+4.596e-14	-7.873e-11	-1.564e-14
333.00	+1.630e-01	+3.549e-04	+5.672e-06	+7.686e-08	+5.005e-14	+4.716e-10	+8.425e-15
334.00	+1.632e-01	+3.660e-04	+6.641e-06	+7.874e-08	+5.634e-14	+3.431e-10	+8.220e-15
335.00	+1.630e-01	+3.439e-04	+5.919e-06	+6.377e-08	+3.631e-14	+4.736e-10	+1.471e-14
336.00	+1.630e-01	+3.600e-04	+6.928e-06	+8.286e-08	+6.272e-14	+3.580e-10	+2.863e-15
337.00	+1.631e-01	+3.617e-04	+6.603e-06	+7.331e-08	+4.861e-14	+4.722e-10	+1.543e-14
338.00	+1.633e-01	+3.695e-04	+6.925e-06	+8.137e-08	+5.949e-14	+3.975e-10	+1.385e-14
339.00	+1.632e-01	+3.569e-04	+6.058e-06	+9.304e-08	+5.925e-14	-1.906e-10	-3.700e-14
340.00	+1.632e-01	+3.994e-04	+7.645e-06	+5.044e-08	+3.113e-14	+1.608e-10	-3.486e-15
341.00	+1.632e-01	+3.713e-04	+6.773e-06	+8.381e-08	+6.183e-14	+1.640e-11	-1.283e-14
342.00	+1.631e-01	+3.361e-04	+7.102e-06	+1.023e-07	+8.650e-14	+2.758e-10	-1.136e-14
343.00	+1.632e-01	+3.696e-04	+7.198e-06	+1.364e-07	+1.300e-13	+7.910e-10	+3.686e-14
344.00	+1.632e-01	+3.478e-04	+6.826e-06	+5.968e-08	+3.507e-14	+3.908e-10	+1.485e-14
345.00	+1.630e-01	+3.638e-04	+7.324e-06	+6.467e-08	+4.387e-14	+3.512e-10	+7.534e-15
346.00	+1.633e-01	+3.504e-04	+5.398e-06	+8.846e-08	+4.062e-14	+1.044e-09	+4.568e-14
347.00	+1.631e-01	+3.693e-04	+6.068e-06	+9.686e-08	+7.309e-14	+6.243e-10	+1.313e-14
348.00	+1.631e-01	+3.478e-04	+8.501e-06	+4.591e-08	+2.853e-14	+2.187e-11	-2.986e-15
349.00	+1.634e-01	+3.766e-04	+6.972e-06	+7.100e-08	+4.972e-14	+1.797e-10	-4.810e-15
350.00	+1.632e-01	+3.798e-04	+7.876e-06	+7.308e-08	+5.532e-14	+3.808e-10	+3.684e-15
351.00	+1.632e-01	+3.653e-04	+6.674e-06	+8.952e-08	+6.774e-14	+4.821e-10	+1.412e-14
352.00	+1.631e-01	+3.603e-04	+6.420e-06	+8.348e-08	+6.054e-14	+3.962e-10	+8.336e-15
353.00	+1.631e-01	+3.642e-04	+7.820e-06	+6.551e-08	+4.644e-14	+2.206e-10	-6.490e-15
354.00	+1.632e-01	+3.705e-04	+9.066e-06	+6.948e-08	+5.366e-14	-4.769e-11	-1.268e-14
355.00	+1.632e-01	+3.622e-04	+7.654e-06	+8.102e-08	+6.323e-14	+2.027e-10	-8.526e-15
356.00	+1.631e-01	+3.585e-04	+6.164e-06	+1.210e-07	+5.874e-14	+1.767e-09	+8.640e-14
357.00	+1.635e-01	+3.727e-04	+7.227e-06	+1.386e-07	+1.238e-13	-5.444e-10	-6.258e-14
358.00	+1.634e-01	+3.828e-04	+9.413e-06	+2.176e-07	-8.980e-16	-2.662e-09	-3.114e-13
359.00	+1.634e-01	+3.795e-04	+8.500e-06	+1.957e-07	-1.276e-14	-2.509e-09	-2.521e-13
