0	1.666548e-01	1.022167e-03	1.496858e-04	1.986340e-06	3.387978e-11	3.125789e-08	-5.027655e-12
1	1.672870e-01	9.582711e-04	1.935634e-04	2.410224e-06	5.196762e-11	4.123281e-08	-3.087078e-12
2	1.672870e-01	9.582711e-04	1.935634e-04	2.410224e-06	5.196762e-11	4.123281e-08	-3.087078e-12
3	1.673339e-01	9.973267e-04	1.683534e-04	2.226166e-06	4.247303e-11	4.796882e-08	7.307128e-12
4	1.667092e-01	9.651645e-04	1.385554e-04	2.541373e-06	4.536025e-11	5.990892e-08	1.471895e-11
5	1.666293e-01	9.319874e-04	1.540840e-04	1.704471e-06	2.733773e-11	2.535156e-08	-3.956198e-12
6	1.670680e-01	1.017816e-03	1.658489e-04	1.977031e-06	3.449560e-11	2.764985e-08	-9.573736e-12
7	1.666067e-01	9.568833e-04	1.470650e-04	2.080185e-06	3.600583e-11	3.312182e-08	-5.230476e-12
8	1.665270e-01	9.650823e-04	1.455682e-04	1.967085e-06	3.322227e-11	3.874952e-08	2.066605e-12
9	1.664629e-01	9.415548e-04	1.578419e-04	1.733506e-06	2.773356e-11	2.373568e-08	-7.286205e-12
10	1.667846e-01	9.933104e-04	1.612683e-04	2.190244e-06	3.992656e-11	3.154367e-08	-1.001545e-11
11	1.666655e-01	9.799142e-04	1.598107e-04	2.284221e-06	4.235106e-11	3.322570e-08	-1.053852e-11
12	1.666009e-01	9.644311e-04	1.615734e-04	2.004320e-06	3.525532e-11	2.950786e-08	-7.618676e-12
13	1.665994e-01	9.915362e-04	1.546498e-04	2.008341e-06	3.525648e-11	3.331010e-08	-3.118290e-12
14	1.665171e-01	1.006101e-03	1.491958e-04	1.854924e-06	2.877448e-11	2.314401e-08	-1.114647e-11
15	1.668677e-01	9.516198e-04	1.709117e-04	2.343788e-06	4.648469e-11	3.831495e-08	-6.300829e-12
16	1.667823e-01	9.663742e-04	1.614606e-04	1.787605e-06	3.020288e-11	2.644695e-08	-3.178939e-12
17	1.662932e-01	9.407433e-04	1.535059e-04	1.881106e-06	3.129615e-11	2.772212e-08	-6.507519e-12
18	1.664261e-01	9.104034e-04	1.487864e-04	2.120125e-06	3.745839e-11	3.570656e-08	-3.844070e-12
19	1.668304e-01	1.004327e-03	1.683870e-04	2.258757e-06	4.361046e-11	3.706740e-08	-6.216387e-12
20	1.666039e-01	1.007910e-03	1.471579e-04	2.136539e-06	3.756270e-11	3.545875e-08	-4.925050e-12
21	1.665764e-01	9.763348e-04	1.547931e-04	2.024908e-06	3.582375e-11	4.032043e-08	1.360292e-12
22	1.669353e-01	9.965806e-04	1.599904e-04	1.825524e-06	3.085204e-11	2.869011e-08	-4.634061e-12
23	1.664829e-01	9.812008e-04	1.441979e-04	1.652340e-06	2.455897e-11	2.197648e-08	-6.882702e-12
24	1.665445e-01	9.624724e-04	1.602976e-04	2.196351e-06	3.997211e-11	3.174712e-08	-1.002988e-11
25	1.664544e-01	1.032255e-03	1.383235e-04	1.691117e-06	2.519840e-11	2.622796e-08	-5.833203e-12
26	1.665730e-01	9.732099e-04	1.482407e-04	2.202091e-06	3.977719e-11	4.260710e-08	8.644375e-13
27	1.665135e-01	9.093526e-04	1.559383e-04	1.651126e-06	2.639845e-11	2.579639e-08	-2.247480e-12
28	1.665905e-01	9.670308e-04	1.491790e-04	1.800872e-06	2.951681e-11	3.357840e-08	-1.864919e-13
29	1.668576e-01	1.044090e-03	1.484811e-04	2.199787e-06	3.955894e-11	4.011968e-08	-3.957047e-12
30	1.664306e-01	9.430682e-04	1.556966e-04	1.432122e-06	2.033703e-11	1.474495e-08	-6.612435e-12
31	1.665840e-01	1.003839e-03	1.492263e-04	2.045950e-06	3.489754e-11	3.113096e-08	-7.756341e-12
32	1.662755e-01	8.884055e-04	1.601726e-04	1.626733e-06	2.523235e-11	2.022098e-08	-7.268644e-12
33	1.661840e-01	8.822442e-04	1.609722e-04	1.980378e-06	3.507369e-11	2.923580e-08	-4.481190e-12
34	1.663167e-01	9.097450e-04	1.468942e-04	1.780518e-06	2.792700e-11	2.256512e-08	-7.018068e-12
35	1.664051e-01	9.482298e-04	1.477205e-04	1.464679e-06	2.145783e-11	2.245025e-08	-1.929284e-12
36	1.665849e-01	9.993525e-04	1.508349e-04	1.999149e-06	3.461674e-11	3.464810e-08	-2.611653e-12
37	1.665009e-01	9.488832e-04	1.606344e-04	1.467125e-06	2.150586e-11	1.662731e-08	-6.690953e-12
38	1.669296e-01	1.016801e-03	1.536624e-04	1.927011e-06	3.311705e-11	3.436546e-08	-1.680416e-12
39	1.667602e-01	9.907365e-04	1.496510e-04	2.090324e-06	3.623689e-11	3.365758e-08	-7.330475e-12
40	1.667939e-01	1.030849e-03	1.516458e-04	2.020635e-06	3.434735e-11	3.114536e-08	-8.447773e-12
41	1.668047e-01	9.816590e-04	1.420494e-04	2.174010e-06	3.703501e-11	5.037178e-08	9.379438e-12
42	1.665499e-01	9.841696e-04	1.438024e-04	1.418600e-06	1.982331e-11	1.810464e-08	-4.191353e-12
43	1.664036e-01	1.024806e-03	1.398532e-04	1.803709e-06	2.857906e-11	3.262117e-08	-1.978408e-12
44	1.669205e-01	1.031086e-03	1.712584e-04	2.219900e-06	4.125652e-11	3.101610e-08	-1.309169e-11
45	1.668804e-01	9.992524e-04	1.623739e-04	1.599250e-06	2.559538e-11	2.526304e-08	-3.004178e-12
46	1.665166e-01	9.432569e-04	1.562589e-04	1.477513e-06	2.241384e-11	2.519664e-08	-1.276433e-12
47	1.669172e-01	1.012075e-03	1.694447e-04	2.039517e-06	3.523346e-11	2.593749e-08	-1.400397e-11
48	1.663370e-01	9.412330e-04	1.533303e-04	1.554110e-06	2.315540e-11	1.904786e-08	-6.274158e-12
49	1.668260e-01	9.361127e-04	1.586186e-04	2.073468e-06	3.745221e-11	4.079103e-08	3.364611e-12
50	1.664420e-01	9.772315e-04	1.439277e-04	1.648486e-06	2.487570e-11	2.454377e-08	-5.095386e-12
51	1.666035e-01	1.002787e-03	1.494091e-04	2.206595e-06	3.934849e-11	3.606617e-08	-7.546762e-12
52	1.664832e-01	9.863480e-04	1.477792e-04	1.854605e-06	2.958316e-11	2.463664e-08	-8.217285e-12
53	1.660786e-01	9.505067e-04	1.408810e-04	1.721945e-06	2.623826e-11	2.498589e-08	-5.554652e-12
54	1.667429e-01	9.639413e-04	1.644953e-04	2.181909e-06	4.126466e-11	3.686653e-08	-2.432694e-12
55	1.666061e-01	9.875522e-04	1.586673e-04	1.950085e-06	3.384760e-11	3.029903e-08	-5.566944e-12
56	1.664547e-01	9.478196e-04	1.477464e-04	1.959623e-06	3.331014e-11	3.518649e-08	-1.501124e-12
57	1.665145e-01	9.730138e-04	1.444077e-04	1.598652e-06	2.415798e-11	2.619606e-08	-2.528230e-12
58	1.671217e-01	1.010388e-03	1.875522e-04	2.639428e-06	5.839610e-11	4.712133e-08	-6.210139e-12
59	1.665268e-01	9.736949e-04	1.552423e-04	1.839199e-06	3.097381e-11	2.896404e-08	-2.538511e-12
60	1.662958e-01	9.396019e-04	1.433788e-04	1.659331e-06	2.522872e-11	2.415851e-08	-4.310058e-12
61	1.663420e-01	9.529335e-04	1.455889e-04	2.159224e-06	3.753684e-11	3.423556e-08	-7.523650e-12
62	1.664987e-01	1.016032e-03	1.409829e-04	1.580875e-06	2.242536e-11	1.946657e-08	-7.355817e-12
63	1.667309e-01	1.000858e-03	1.543039e-04	2.422092e-06	4.680850e-11	4.493591e-08	-1.229146e-12
64	1.667242e-01	8.974286e-04	1.558090e-04	1.970554e-06	3.452246e-11	3.375814e-08	-6.498348e-13
65	1.663751e-01	9.207426e-04	1.487111e-04	1.720405e-06	2.735110e-11	2.677635e-08	-3.026719e-12
66	1.669260e-01	9.962202e-04	1.678969e-04	2.300132e-06	4.517136e-11	4.118492e-08	-1.643701e-12
67	1.667472e-01	9.661321e-04	1.645186e-04	1.957838e-06	3.478828e-11	2.946221e-08	-4.942633e-12
68	1.668277e-01	1.020827e-03	1.664356e-04	2.158250e-06	3.876884e-11	2.802203e-08	-1.304571e-11
69	1.666560e-01	9.718042e-04	1.553445e-04	1.906080e-06	3.279770e-11	3.399029e-08	-2.846724e-13
70	1.660522e-01	8.485317e-04	1.506735e-04	1.740259e-06	2.817984e-11	2.907314e-08	-4.738201e-14
71	1.665669e-01	9.432068e-04	1.477606e-04	2.021907e-06	3.485186e-11	3.451177e-08	-2.589090e-12
72	1.663610e-01	9.649764e-04	1.622351e-04	1.885123e-06	3.032207e-11	1.908707e-08	-1.293862e-11
73	1.665040e-01	9.677029e-04	1.484096e-04	1.869863e-06	3.059593e-11	3.023383e-08	-5.844388e-12
74	1.666014e-01	9.900913e-04	1.531701e-04	1.863150e-06	3.039929e-11	2.588393e-08	-8.156409e-12
75	1.665311e-01	1.017716e-03	1.392801e-04	1.982093e-06	3.267558e-11	3.519182e-08	-4.109162e-12
76	1.665141e-01	9.603230e-04	1.443833e-04	1.849108e-06	2.979664e-11	2.808644e-08	-5.001898e-12
77	1.666595e-01	9.951237e-04	1.525332e-04	2.006114e-06	3.493501e-11	3.331371e-08	-3.321973e-12
78	1.665099e-01	9.915620e-04	1.447054e-04	1.715710e-06	2.682431e-11	2.766072e-08	-3.359527e-12
79	1.665424e-01	9.565964e-04	1.627150e-04	2.125144e-06	3.867871e-11	3.104526e-08	-8.101807e-12
80	1.664358e-01	9.787116e-04	1.464486e-04	1.882103e-06	3.090244e-11	2.878661e-08	-4.627184e-12
81	1.665108e-01	9.590600e-04	1.476966e-04	1.768242e-06	2.853186e-11	3.033635e-08	-1.583281e-12
82	1.665707e-01	9.336337e-04	1.458152e-04	1.877181e-06	3.100989e-11	3.533264e-08	1.711679e-12
83	1.667561e-01	9.870922e-04	1.726976e-04	1.982193e-06	3.493126e-11	2.549750e-08	-1.117194e-11
84	1.666364e-01	9.858042e-04	1.504876e-04	1.908294e-06	3.232572e-11	3.301040e-08	-9.048728e-13
85	1.665673e-01	9.869592e-04	1.527775e-04	1.951218e-06	3.327196e-11	3.058652e-08	-5.284591e-12
86	1.662529e-01	9.518334e-04	1.584703e-04	1.888304e-06	2.971248e-11	2.091959e-08	-1.357077e-11
87	1.657074e-01	8.935997e-04	1.440313e-04	1.683886e-06	2.197487e-11	1.041104e-08	-1.431078e-11
88	1.657576e-01	9.816759e-04	1.216046e-04	1.419708e-06	1.602538e-11	1.103657e-08	-9.547860e-12
89	1.657576e-01	9.816759e-04	1.216046e-04	1.419708e-06	1.602538e-11	1.103657e-08	-9.547860e-12
90	1.666548e-01	1.022167e-03	1.496858e-04	1.986340e-06	3.387978e-11	3.125789e-08	-5.027655e-12
91	1.672870e-01	9.582711e-04	1.935634e-04	2.410224e-06	5.196762e-11	4.123281e-08	-3.087078e-12
92	1.672870e-01	9.582711e-04	1.935634e-04	2.410224e-06	5.196762e-11	4.123281e-08	-3.087078e-12
93	1.673339e-01	9.973267e-04	1.683534e-04	2.226166e-06	4.247303e-11	4.796882e-08	7.307128e-12
94	1.667092e-01	9.651645e-04	1.385554e-04	2.541373e-06	4.536025e-11	5.990892e-08	1.471895e-11
95	1.666293e-01	9.319874e-04	1.540840e-04	1.704471e-06	2.733773e-11	2.535156e-08	-3.956198e-12
96	1.670680e-01	1.017816e-03	1.658489e-04	1.977031e-06	3.449560e-11	2.764985e-08	-9.573736e-12
97	1.666067e-01	9.568833e-04	1.470650e-04	2.080185e-06	3.600583e-11	3.312182e-08	-5.230476e-12
98	1.665270e-01	9.650823e-04	1.455682e-04	1.967085e-06	3.322227e-11	3.874952e-08	2.066605e-12
99	1.664629e-01	9.415548e-04	1.578419e-04	1.733506e-06	2.773356e-11	2.373568e-08	-7.286205e-12
100	1.667846e-01	9.933104e-04	1.612683e-04	2.190244e-06	3.992656e-11	3.154367e-08	-1.001545e-11
101	1.666655e-01	9.799142e-04	1.598107e-04	2.284221e-06	4.235106e-11	3.322570e-08	-1.053852e-11
102	1.666009e-01	9.644311e-04	1.615734e-04	2.004320e-06	3.525532e-11	2.950786e-08	-7.618676e-12
103	1.665994e-01	9.915362e-04	1.546498e-04	2.008341e-06	3.525648e-11	3.331010e-08	-3.118290e-12
104	1.664517e-01	9.881011e-04	1.446178e-04	1.796729e-06	2.726443e-11	2.310311e-08	-9.770957e-12
105	1.668677e-01	9.516198e-04	1.709117e-04	2.343788e-06	4.648469e-11	3.831495e-08	-6.300829e-12
106	1.667823e-01	9.663742e-04	1.614606e-04	1.787605e-06	3.020288e-11	2.644695e-08	-3.178939e-12
107	1.662932e-01	9.407433e-04	1.535059e-04	1.881106e-06	3.129615e-11	2.772212e-08	-6.507519e-12
108	1.664261e-01	9.104034e-04	1.487864e-04	2.120125e-06	3.745839e-11	3.570656e-08	-3.844070e-12
109	1.668304e-01	1.004327e-03	1.683870e-04	2.258757e-06	4.361046e-11	3.706740e-08	-6.216387e-12
110	1.666039e-01	1.007910e-03	1.471579e-04	2.136539e-06	3.756270e-11	3.545875e-08	-4.925050e-12
111	1.665764e-01	9.763348e-04	1.547931e-04	2.024908e-06	3.582375e-11	4.032043e-08	1.360292e-12
112	1.668649e-01	9.980039e-04	1.566572e-04	1.737854e-06	2.801099e-11	2.469071e-08	-6.132550e-12
113	1.664829e-01	9.812008e-04	1.441979e-04	1.652340e-06	2.455897e-11	2.197648e-08	-6.882702e-12
114	1.665445e-01	9.624724e-04	1.602976e-04	2.196351e-06	3.997211e-11	3.174712e-08	-1.002988e-11
115	1.664544e-01	1.032255e-03	1.383235e-04	1.691117e-06	2.519840e-11	2.622796e-08	-5.833203e-12
116	1.665730e-01	9.732099e-04	1.482407e-04	2.202091e-06	3.977719e-11	4.260710e-08	8.644375e-13
117	1.665135e-01	9.093526e-04	1.559383e-04	1.651126e-06	2.639845e-11	2.579639e-08	-2.247480e-12
118	1.665905e-01	9.670308e-04	1.491790e-04	1.800872e-06	2.951681e-11	3.357840e-08	-1.864919e-13
119	1.668576e-01	1.044090e-03	1.484811e-04	2.199787e-06	3.955894e-11	4.011968e-08	-3.957047e-12
120	1.664306e-01	9.430682e-04	1.556966e-04	1.432122e-06	2.033703e-11	1.474495e-08	-6.612435e-12
121	1.665840e-01	1.003839e-03	1.492263e-04	2.045950e-06	3.489754e-11	3.113096e-08	-7.756341e-12
122	1.662755e-01	8.884055e-04	1.601726e-04	1.626733e-06	2.523235e-11	2.022098e-08	-7.268644e-12
123	1.661840e-01	8.822442e-04	1.609722e-04	1.980378e-06	3.507369e-11	2.923580e-08	-4.481190e-12
124	1.663167e-01	9.097450e-04	1.468942e-04	1.780518e-06	2.792700e-11	2.256512e-08	-7.018068e-12
125	1.664051e-01	9.482298e-04	1.477205e-04	1.464679e-06	2.145783e-11	2.245025e-08	-1.929284e-12
126	1.665849e-01	9.993525e-04	1.508349e-04	1.999149e-06	3.461674e-11	3.464810e-08	-2.611653e-12
127	1.665009e-01	9.488832e-04	1.606344e-04	1.467125e-06	2.150586e-11	1.662731e-08	-6.690953e-12
128	1.669296e-01	1.016801e-03	1.536624e-04	1.927011e-06	3.311705e-11	3.436546e-08	-1.680416e-12
129	1.667602e-01	9.907365e-04	1.496510e-04	2.090324e-06	3.623689e-11	3.365758e-08	-7.330475e-12
130	1.667939e-01	1.030849e-03	1.516458e-04	2.020635e-06	3.434735e-11	3.114536e-08	-8.447773e-12
131	1.668047e-01	9.816590e-04	1.420494e-04	2.174010e-06	3.703501e-11	5.037178e-08	9.379438e-12
132	1.665499e-01	9.841696e-04	1.438024e-04	1.418600e-06	1.982331e-11	1.810464e-08	-4.191353e-12
133	1.664036e-01	1.024806e-03	1.398532e-04	1.803709e-06	2.857906e-11	3.262117e-08	-1.978408e-12
134	1.669205e-01	1.031086e-03	1.712584e-04	2.219900e-06	4.125652e-11	3.101610e-08	-1.309169e-11
135	1.668804e-01	9.992524e-04	1.623739e-04	1.599250e-06	2.559538e-11	2.526304e-08	-3.004178e-12
136	1.665166e-01	9.432569e-04	1.562589e-04	1.477513e-06	2.241384e-11	2.519664e-08	-1.276433e-12
137	1.669172e-01	1.012075e-03	1.694447e-04	2.039517e-06	3.523346e-11	2.593749e-08	-1.400397e-11
138	1.663370e-01	9.412330e-04	1.533303e-04	1.554110e-06	2.315540e-11	1.904786e-08	-6.274158e-12
139	1.668260e-01	9.361127e-04	1.586186e-04	2.073468e-06	3.745221e-11	4.079103e-08	3.364611e-12
140	1.664420e-01	9.772315e-04	1.439277e-04	1.648486e-06	2.487570e-11	2.454377e-08	-5.095386e-12
141	1.666035e-01	1.002787e-03	1.494091e-04	2.206595e-06	3.934849e-11	3.606617e-08	-7.546762e-12
142	1.664832e-01	9.863480e-04	1.477792e-04	1.854605e-06	2.958316e-11	2.463664e-08	-8.217285e-12
143	1.660927e-01	9.356844e-04	1.418471e-04	1.675730e-06	2.504931e-11	2.326909e-08	-6.324822e-12
144	1.667429e-01	9.639413e-04	1.644953e-04	2.181909e-06	4.126466e-11	3.686653e-08	-2.432694e-12
145	1.666061e-01	9.875522e-04	1.586673e-04	1.950085e-06	3.384760e-11	3.029903e-08	-5.566944e-12
146	1.664547e-01	9.478196e-04	1.477464e-04	1.959623e-06	3.331014e-11	3.518649e-08	-1.501124e-12
147	1.665145e-01	9.730138e-04	1.444077e-04	1.598652e-06	2.415798e-11	2.619606e-08	-2.528230e-12
148	1.671217e-01	1.010388e-03	1.875522e-04	2.639428e-06	5.839610e-11	4.712133e-08	-6.210139e-12
149	1.665268e-01	9.736949e-04	1.552423e-04	1.839199e-06	3.097381e-11	2.896404e-08	-2.538511e-12
150	1.662958e-01	9.396019e-04	1.433788e-04	1.659331e-06	2.522872e-11	2.415851e-08	-4.310058e-12
151	1.663420e-01	9.529335e-04	1.455889e-04	2.159224e-06	3.753684e-11	3.423556e-08	-7.523650e-12
152	1.664987e-01	1.016032e-03	1.409829e-04	1.580875e-06	2.242536e-11	1.946657e-08	-7.355817e-12
153	1.667309e-01	1.000858e-03	1.543039e-04	2.422092e-06	4.680850e-11	4.493591e-08	-1.229146e-12
154	1.667242e-01	8.974286e-04	1.558090e-04	1.970554e-06	3.452246e-11	3.375814e-08	-6.498348e-13
155	1.663751e-01	9.207426e-04	1.487111e-04	1.720405e-06	2.735110e-11	2.677635e-08	-3.026719e-12
156	1.669260e-01	9.962202e-04	1.678969e-04	2.300132e-06	4.517136e-11	4.118492e-08	-1.643701e-12
157	1.667472e-01	9.661321e-04	1.645186e-04	1.957838e-06	3.478828e-11	2.946221e-08	-4.942633e-12
158	1.668277e-01	1.020827e-03	1.664356e-04	2.158250e-06	3.876884e-11	2.802203e-08	-1.304571e-11
159	1.666560e-01	9.718042e-04	1.553445e-04	1.906080e-06	3.279770e-11	3.399029e-08	-2.846724e-13
160	1.660522e-01	8.485317e-04	1.506735e-04	1.740259e-06	2.817984e-11	2.907314e-08	-4.738201e-14
161	1.665669e-01	9.432068e-04	1.477606e-04	2.021907e-06	3.485186e-11	3.451177e-08	-2.589090e-12
162	1.663610e-01	9.649764e-04	1.622351e-04	1.885123e-06	3.032207e-11	1.908707e-08	-1.293862e-11
163	1.665040e-01	9.677029e-04	1.484096e-04	1.869863e-06	3.059593e-11	3.023383e-08	-5.844388e-12
164	1.666014e-01	9.900913e-04	1.531701e-04	1.863150e-06	3.039929e-11	2.588393e-08	-8.156409e-12
165	1.665311e-01	1.017716e-03	1.392801e-04	1.982093e-06	3.267558e-11	3.519182e-08	-4.109162e-12
166	1.665141e-01	9.603230e-04	1.443833e-04	1.849108e-06	2.979664e-11	2.808644e-08	-5.001898e-12
167	1.666595e-01	9.951237e-04	1.525332e-04	2.006114e-06	3.493501e-11	3.331371e-08	-3.321973e-12
168	1.665099e-01	9.915620e-04	1.447054e-04	1.715710e-06	2.682431e-11	2.766072e-08	-3.359527e-12
169	1.665424e-01	9.565964e-04	1.627150e-04	2.125144e-06	3.867871e-11	3.104526e-08	-8.101807e-12
170	1.664358e-01	9.787116e-04	1.464486e-04	1.882103e-06	3.090244e-11	2.878661e-08	-4.627184e-12
171	1.665108e-01	9.590600e-04	1.476966e-04	1.768242e-06	2.853186e-11	3.033635e-08	-1.583281e-12
172	1.665707e-01	9.336337e-04	1.458152e-04	1.877181e-06	3.100989e-11	3.533264e-08	1.711679e-12
173	1.667561e-01	9.870922e-04	1.726976e-04	1.982193e-06	3.493126e-11	2.549750e-08	-1.117194e-11
174	1.666364e-01	9.858042e-04	1.504876e-04	1.908294e-06	3.232572e-11	3.301040e-08	-9.048728e-13
175	1.665673e-01	9.869592e-04	1.527775e-04	1.951218e-06	3.327196e-11	3.058652e-08	-5.284591e-12
176	1.662529e-01	9.518334e-04	1.584703e-04	1.888304e-06	2.971248e-11	2.091959e-08	-1.357077e-11
177	1.657570e-01	9.122844e-04	1.490379e-04	1.720779e-06	2.285636e-11	1.022104e-08	-1.539448e-11
178	1.657576e-01	9.816759e-04	1.216046e-04	1.419708e-06	1.602538e-11	1.103657e-08	-9.547860e-12
179	1.657576e-01	9.816759e-04	1.216046e-04	1.419708e-06	1.602538e-11	1.103657e-08	-9.547860e-12
180	1.666548e-01	1.022167e-03	1.496858e-04	1.986340e-06	3.387978e-11	3.125789e-08	-5.027655e-12
181	1.672870e-01	9.582711e-04	1.935634e-04	2.410224e-06	5.196762e-11	4.123281e-08	-3.087078e-12
182	1.672870e-01	9.582711e-04	1.935634e-04	2.410224e-06	5.196762e-11	4.123281e-08	-3.087078e-12
183	1.673339e-01	9.973267e-04	1.683534e-04	2.226166e-06	4.247303e-11	4.796882e-08	7.307128e-12
184	1.667092e-01	9.651645e-04	1.385554e-04	2.541373e-06	4.536025e-11	5.990892e-08	1.471895e-11
185	1.666293e-01	9.319874e-04	1.540840e-04	1.704471e-06	2.733773e-11	2.535156e-08	-3.956198e-12
186	1.670680e-01	1.017816e-03	1.658489e-04	1.977031e-06	3.449560e-11	2.764985e-08	-9.573736e-12
187	1.665554e-01	9.655509e-04	1.439418e-04	1.978177e-06	3.273433e-11	2.958310e-08	-6.535499e-12
188	1.665270e-01	9.650823e-04	1.455682e-04	1.967085e-06	3.322227e-11	3.874952e-08	2.066605e-12
189	1.664629e-01	9.415548e-04	1.578419e-04	1.733506e-06	2.773356e-11	2.373568e-08	-7.286205e-12
190	1.668695e-01	1.010400e-03	1.583212e-04	2.131377e-06	3.831454e-11	3.217161e-08	-8.057152e-12
191	1.666655e-01	9.799142e-04	1.598107e-04	2.284221e-06	4.235106e-11	3.322570e-08	-1.053852e-11
192	1.666009e-01	9.644311e-04	1.615734e-04	2.004320e-06	3.525532e-11	2.950786e-08	-7.618676e-12
193	1.665994e-01	9.915362e-04	1.546498e-04	2.008341e-06	3.525648e-11	3.331010e-08	-3.118290e-12
194	1.664517e-01	9.881011e-04	1.446178e-04	1.796729e-06	2.726443e-11	2.310311e-08	-9.770957e-12
195	1.668677e-01	9.516198e-04	1.709117e-04	2.343788e-06	4.648469e-11	3.831495e-08	-6.300829e-12
196	1.667823e-01	9.663742e-04	1.614606e-04	1.787605e-06	3.020288e-11	2.644695e-08	-3.178939e-12
197	1.662932e-01	9.407433e-04	1.535059e-04	1.881106e-06	3.129615e-11	2.772212e-08	-6.507519e-12
198	1.664261e-01	9.104034e-04	1.487864e-04	2.120125e-06	3.745839e-11	3.570656e-08	-3.844070e-12
199	1.668304e-01	1.004327e-03	1.683870e-04	2.258757e-06	4.361046e-11	3.706740e-08	-6.216387e-12
200	1.666039e-01	1.007910e-03	1.471579e-04	2.136539e-06	3.756270e-11	3.545875e-08	-4.925050e-12
201	1.665764e-01	9.763348e-04	1.547931e-04	2.024908e-06	3.582375e-11	4.032043e-08	1.360292e-12
202	1.669353e-01	9.965806e-04	1.599904e-04	1.825524e-06	3.085204e-11	2.869011e-08	-4.634061e-12
203	1.664829e-01	9.812008e-04	1.441979e-04	1.652340e-06	2.455897e-11	2.197648e-08	-6.882702e-12
204	1.665445e-01	9.624724e-04	1.602976e-04	2.196351e-06	3.997211e-11	3.174712e-08	-1.002988e-11
205	1.664544e-01	1.032255e-03	1.383235e-04	1.691117e-06	2.519840e-11	2.622796e-08	-5.833203e-12
206	1.665730e-01	9.732099e-04	1.482407e-04	2.202091e-06	3.977719e-11	4.260710e-08	8.644375e-13
207	1.665135e-01	9.093526e-04	1.559383e-04	1.651126e-06	2.639845e-11	2.579639e-08	-2.247480e-12
208	1.665905e-01	9.670308e-04	1.491790e-04	1.800872e-06	2.951681e-11	3.357840e-08	-1.864919e-13
209	1.668027e-01	1.023541e-03	1.522350e-04	2.210846e-06	4.027102e-11	3.909832e-08	-4.830583e-12
210	1.664306e-01	9.430682e-04	1.556966e-04	1.432122e-06	2.033703e-11	1.474495e-08	-6.612435e-12
211	1.665840e-01	1.003839e-03	1.492263e-04	2.045950e-06	3.489754e-11	3.113096e-08	-7.756341e-12
212	1.662755e-01	8.884055e-04	1.601726e-04	1.626733e-06	2.523235e-11	2.022098e-08	-7.268644e-12
213	1.661840e-01	8.822442e-04	1.609722e-04	1.980378e-06	3.507369e-11	2.923580e-08	-4.481190e-12
214	1.663167e-01	9.097450e-04	1.468942e-04	1.780518e-06	2.792700e-11	2.256512e-08	-7.018068e-12
215	1.664051e-01	9.482298e-04	1.477205e-04	1.464679e-06	2.145783e-11	2.245025e-08	-1.929284e-12
216	1.665849e-01	9.993525e-04	1.508349e-04	1.999149e-06	3.461674e-11	3.464810e-08	-2.611653e-12
217	1.665009e-01	9.488832e-04	1.606344e-04	1.467125e-06	2.150586e-11	1.662731e-08	-6.690953e-12
218	1.669296e-01	1.016801e-03	1.536624e-04	1.927011e-06	3.311705e-11	3.436546e-08	-1.680416e-12
219	1.667602e-01	9.907365e-04	1.496510e-04	2.090324e-06	3.623689e-11	3.365758e-08	-7.330475e-12
220	1.667939e-01	1.030849e-03	1.516458e-04	2.020635e-06	3.434735e-11	3.114536e-08	-8.447773e-12
221	1.668047e-01	9.816590e-04	1.420494e-04	2.174010e-06	3.703501e-11	5.037178e-08	9.379438e-12
222	1.665499e-01	9.841696e-04	1.438024e-04	1.418600e-06	1.982331e-11	1.810464e-08	-4.191353e-12
223	1.664036e-01	1.024806e-03	1.398532e-04	1.803709e-06	2.857906e-11	3.262117e-08	-1.978408e-12
224	1.669205e-01	1.031086e-03	1.712584e-04	2.219900e-06	4.125652e-11	3.101610e-08	-1.309169e-11
225	1.668804e-01	9.992524e-04	1.623739e-04	1.599250e-06	2.559538e-11	2.526304e-08	-3.004178e-12
226	1.665166e-01	9.432569e-04	1.562589e-04	1.477513e-06	2.241384e-11	2.519664e-08	-1.276433e-12
227	1.669172e-01	1.012075e-03	1.694447e-04	2.039517e-06	3.523346e-11	2.593749e-08	-1.400397e-11
228	1.663370e-01	9.412330e-04	1.533303e-04	1.554110e-06	2.315540e-11	1.904786e-08	-6.274158e-12
229	1.668260e-01	9.361127e-04	1.586186e-04	2.073468e-06	3.745221e-11	4.079103e-08	3.364611e-12
230	1.664420e-01	9.772315e-04	1.439277e-04	1.648486e-06	2.487570e-11	2.454377e-08	-5.095386e-12
231	1.666035e-01	1.002787e-03	1.494091e-04	2.206595e-06	3.934849e-11	3.606617e-08	-7.546762e-12
232	1.664832e-01	9.863480e-04	1.477792e-04	1.854605e-06	2.958316e-11	2.463664e-08	-8.217285e-12
233	1.660927e-01	9.356844e-04	1.418471e-04	1.675730e-06	2.504931e-11	2.326909e-08	-6.324822e-12
234	1.667429e-01	9.639413e-04	1.644953e-04	2.181909e-06	4.126466e-11	3.686653e-08	-2.432694e-12
235	1.666061e-01	9.875522e-04	1.586673e-04	1.950085e-06	3.384760e-11	3.029903e-08	-5.566944e-12
236	1.664547e-01	9.478196e-04	1.477464e-04	1.959623e-06	3.331014e-11	3.518649e-08	-1.501124e-12
237	1.665145e-01	9.730138e-04	1.444077e-04	1.598652e-06	2.415798e-11	2.619606e-08	-2.528230e-12
238	1.671217e-01	1.010388e-03	1.875522e-04	2.639428e-06	5.839610e-11	4.712133e-08	-6.210139e-12
239	1.665268e-01	9.736949e-04	1.552423e-04	1.839199e-06	3.097381e-11	2.896404e-08	-2.538511e-12
240	1.662958e-01	9.396019e-04	1.433788e-04	1.659331e-06	2.522872e-11	2.415851e-08	-4.310058e-12
241	1.663420e-01	9.529335e-04	1.455889e-04	2.159224e-06	3.753684e-11	3.423556e-08	-7.523650e-12
242	1.664987e-01	1.016032e-03	1.409829e-04	1.580875e-06	2.242536e-11	1.946657e-08	-7.355817e-12
243	1.667309e-01	1.000858e-03	1.543039e-04	2.422092e-06	4.680850e-11	4.493591e-08	-1.229146e-12
244	1.667242e-01	8.974286e-04	1.558090e-04	1.970554e-06	3.452246e-11	3.375814e-08	-6.498348e-13
245	1.663751e-01	9.207426e-04	1.487111e-04	1.720405e-06	2.735110e-11	2.677635e-08	-3.026719e-12
246	1.669260e-01	9.962202e-04	1.678969e-04	2.300132e-06	4.517136e-11	4.118492e-08	-1.643701e-12
247	1.667472e-01	9.661321e-04	1.645186e-04	1.957838e-06	3.478828e-11	2.946221e-08	-4.942633e-12
248	1.668277e-01	1.020827e-03	1.664356e-04	2.158250e-06	3.876884e-11	2.802203e-08	-1.304571e-11
249	1.666560e-01	9.718042e-04	1.553445e-04	1.906080e-06	3.279770e-11	3.399029e-08	-2.846724e-13
250	1.660522e-01	8.485317e-04	1.506735e-04	1.740259e-06	2.817984e-11	2.907314e-08	-4.738201e-14
251	1.665669e-01	9.432068e-04	1.477606e-04	2.021907e-06	3.485186e-11	3.451177e-08	-2.589090e-12
252	1.663610e-01	9.649764e-04	1.622351e-04	1.885123e-06	3.032207e-11	1.908707e-08	-1.293862e-11
253	1.665040e-01	9.677029e-04	1.484096e-04	1.869863e-06	3.059593e-11	3.023383e-08	-5.844388e-12
254	1.666014e-01	9.900913e-04	1.531701e-04	1.863150e-06	3.039929e-11	2.588393e-08	-8.156409e-12
255	1.665311e-01	1.017716e-03	1.392801e-04	1.982093e-06	3.267558e-11	3.519182e-08	-4.109162e-12
256	1.665141e-01	9.603230e-04	1.443833e-04	1.849108e-06	2.979664e-11	2.808644e-08	-5.001898e-12
257	1.666595e-01	9.951237e-04	1.525332e-04	2.006114e-06	3.493501e-11	3.331371e-08	-3.321973e-12
258	1.665099e-01	9.915620e-04	1.447054e-04	1.715710e-06	2.682431e-11	2.766072e-08	-3.359527e-12
259	1.665424e-01	9.565964e-04	1.627150e-04	2.125144e-06	3.867871e-11	3.104526e-08	-8.101807e-12
260	1.664358e-01	9.787116e-04	1.464486e-04	1.882103e-06	3.090244e-11	2.878661e-08	-4.627184e-12
261	1.665108e-01	9.590600e-04	1.476966e-04	1.768242e-06	2.853186e-11	3.033635e-08	-1.583281e-12
262	1.665707e-01	9.336337e-04	1.458152e-04	1.877181e-06	3.100989e-11	3.533264e-08	1.711679e-12
263	1.667561e-01	9.870922e-04	1.726976e-04	1.982193e-06	3.493126e-11	2.549750e-08	-1.117194e-11
264	1.666364e-01	9.858042e-04	1.504876e-04	1.908294e-06	3.232572e-11	3.301040e-08	-9.048728e-13
265	1.665673e-01	9.869592e-04	1.527775e-04	1.951218e-06	3.327196e-11	3.058652e-08	-5.284591e-12
266	1.662529e-01	9.518334e-04	1.584703e-04	1.888304e-06	2.971248e-11	2.091959e-08	-1.357077e-11
267	1.657074e-01	8.935997e-04	1.440313e-04	1.683886e-06	2.197487e-11	1.041104e-08	-1.431078e-11
268	1.657576e-01	9.816759e-04	1.216046e-04	1.419708e-06	1.602538e-11	1.103657e-08	-9.547860e-12
269	1.657576e-01	9.816759e-04	1.216046e-04	1.419708e-06	1.602538e-11	1.103657e-08	-9.547860e-12
270	1.666548e-01	1.022167e-03	1.496858e-04	1.986340e-06	3.387978e-11	3.125789e-08	-5.027655e-12
271	1.672870e-01	9.582711e-04	1.935634e-04	2.410224e-06	5.196762e-11	4.123281e-08	-3.087078e-12
272	1.672870e-01	9.582711e-04	1.935634e-04	2.410224e-06	5.196762e-11	4.123281e-08	-3.087078e-12
273	1.673339e-01	9.973267e-04	1.683534e-04	2.226166e-06	4.247303e-11	4.796882e-08	7.307128e-12
274	1.667092e-01	9.651645e-04	1.385554e-04	2.541373e-06	4.536025e-11	5.990892e-08	1.471895e-11
275	1.666293e-01	9.319874e-04	1.540840e-04	1.704471e-06	2.733773e-11	2.535156e-08	-3.956198e-12
276	1.670680e-01	1.017816e-03	1.658489e-04	1.977031e-06	3.449560e-11	2.764985e-08	-9.573736e-12
277	1.666067e-01	9.568833e-04	1.470650e-04	2.080185e-06	3.600583e-11	3.312182e-08	-5.230476e-12
278	1.665270e-01	9.650823e-04	1.455682e-04	1.967085e-06	3.322227e-11	3.874952e-08	2.066605e-12
279	1.664629e-01	9.415548e-04	1.578419e-04	1.733506e-06	2.773356e-11	2.373568e-08	-7.286205e-12
280	1.667846e-01	9.933104e-04	1.612683e-04	2.190244e-06	3.992656e-11	3.154367e-08	-1.001545e-11
281	1.666655e-01	9.799142e-04	1.598107e-04	2.284221e-06	4.235106e-11	3.322570e-08	-1.053852e-11
282	1.666009e-01	9.644311e-04	1.615734e-04	2.004320e-06	3.525532e-11	2.950786e-08	-7.618676e-12
283	1.665994e-01	9.915362e-04	1.546498e-04	2.008341e-06	3.525648e-11	3.331010e-08	-3.118290e-12
284	1.665171e-01	1.006101e-03	1.491958e-04	1.854924e-06	2.877448e-11	2.314401e-08	-1.114647e-11
285	1.668677e-01	9.516198e-04	1.709117e-04	2.343788e-06	4.648469e-11	3.831495e-08	-6.300829e-12
286	1.667823e-01	9.663742e-04	1.614606e-04	1.787605e-06	3.020288e-11	2.644695e-08	-3.178939e-12
287	1.662932e-01	9.407433e-04	1.535059e-04	1.881106e-06	3.129615e-11	2.772212e-08	-6.507519e-12
288	1.664261e-01	9.104034e-04	1.487864e-04	2.120125e-06	3.745839e-11	3.570656e-08	-3.844070e-12
289	1.668304e-01	1.004327e-03	1.683870e-04	2.258757e-06	4.361046e-11	3.706740e-08	-6.216387e-12
290	1.666039e-01	1.007910e-03	1.471579e-04	2.136539e-06	3.756270e-11	3.545875e-08	-4.925050e-12
291	1.665764e-01	9.763348e-04	1.547931e-04	2.024908e-06	3.582375e-11	4.032043e-08	1.360292e-12
292	1.668649e-01	9.980039e-04	1.566572e-04	1.737854e-06	2.801099e-11	2.469071e-08	-6.132550e-12
293	1.664829e-01	9.812008e-04	1.441979e-04	1.652340e-06	2.455897e-11	2.197648e-08	-6.882702e-12
294	1.665445e-01	9.624724e-04	1.602976e-04	2.196351e-06	3.997211e-11	3.174712e-08	-1.002988e-11
295	1.664544e-01	1.032255e-03	1.383235e-04	1.691117e-06	2.519840e-11	2.622796e-08	-5.833203e-12
296	1.665730e-01	9.732099e-04	1.482407e-04	2.202091e-06	3.977719e-11	4.260710e-08	8.644375e-13
297	1.665135e-01	9.093526e-04	1.559383e-04	1.651126e-06	2.639845e-11	2.579639e-08	-2.247480e-12
298	1.665905e-01	9.670308e-04	1.491790e-04	1.800872e-06	2.951681e-11	3.357840e-08	-1.864919e-13
299	1.668576e-01	1.044090e-03	1.484811e-04	2.199787e-06	3.955894e-11	4.011968e-08	-3.957047e-12
300	1.664306e-01	9.430682e-04	1.556966e-04	1.432122e-06	2.033703e-11	1.474495e-08	-6.612435e-12
301	1.665840e-01	1.003839e-03	1.492263e-04	2.045950e-06	3.489754e-11	3.113096e-08	-7.756341e-12
302	1.662755e-01	8.884055e-04	1.601726e-04	1.626733e-06	2.523235e-11	2.022098e-08	-7.268644e-12
303	1.661840e-01	8.822442e-04	1.609722e-04	1.980378e-06	3.507369e-11	2.923580e-08	-4.481190e-12
304	1.663167e-01	9.097450e-04	1.468942e-04	1.780518e-06	2.792700e-11	2.256512e-08	-7.018068e-12
305	1.664051e-01	9.482298e-04	1.477205e-04	1.464679e-06	2.145783e-11	2.245025e-08	-1.929284e-12
306	1.665849e-01	9.993525e-04	1.508349e-04	1.999149e-06	3.461674e-11	3.464810e-08	-2.611653e-12
307	1.665009e-01	9.488832e-04	1.606344e-04	1.467125e-06	2.150586e-11	1.662731e-08	-6.690953e-12
308	1.669296e-01	1.016801e-03	1.536624e-04	1.927011e-06	3.311705e-11	3.436546e-08	-1.680416e-12
309	1.667602e-01	9.907365e-04	1.496510e-04	2.090324e-06	3.623689e-11	3.365758e-08	-7.330475e-12
310	1.667939e-01	1.030849e-03	1.516458e-04	2.020635e-06	3.434735e-11	3.114536e-08	-8.447773e-12
311	1.668047e-01	9.816590e-04	1.420494e-04	2.174010e-06	3.703501e-11	5.037178e-08	9.379438e-12
312	1.665499e-01	9.841696e-04	1.438024e-04	1.418600e-06	1.982331e-11	1.810464e-08	-4.191353e-12
313	1.664036e-01	1.024806e-03	1.398532e-04	1.803709e-06	2.857906e-11	3.262117e-08	-1.978408e-12
314	1.669205e-01	1.031086e-03	1.712584e-04	2.219900e-06	4.125652e-11	3.101610e-08	-1.309169e-11
315	1.668804e-01	9.992524e-04	1.623739e-04	1.599250e-06	2.559538e-11	2.526304e-08	-3.004178e-12
316	1.665166e-01	9.432569e-04	1.562589e-04	1.477513e-06	2.241384e-11	2.519664e-08	-1.276433e-12
317	1.669172e-01	1.012075e-03	1.694447e-04	2.039517e-06	3.523346e-11	2.593749e-08	-1.400397e-11
318	1.663370e-01	9.412330e-04	1.533303e-04	1.554110e-06	2.315540e-11	1.904786e-08	-6.274158e-12
319	1.668260e-01	9.361127e-04	1.586186e-04	2.073468e-06	3.745221e-11	4.079103e-08	3.364611e-12
320	1.664420e-01	9.772315e-04	1.439277e-04	1.648486e-06	2.487570e-11	2.454377e-08	-5.095386e-12
321	1.666035e-01	1.002787e-03	1.494091e-04	2.206595e-06	3.934849e-11	3.606617e-08	-7.546762e-12
322	1.664832e-01	9.863480e-04	1.477792e-04	1.854605e-06	2.958316e-11	2.463664e-08	-8.217285e-12
323	1.661732e-01	9.502991e-04	1.397373e-04	1.611007e-06	2.362332e-11	2.308971e-08	-5.118248e-12
324	1.667429e-01	9.639413e-04	1.644953e-04	2.181909e-06	4.126466e-11	3.686653e-08	-2.432694e-12
325	1.666061e-01	9.875522e-04	1.586673e-04	1.950085e-06	3.384760e-11	3.029903e-08	-5.566944e-12
326	1.664547e-01	9.478196e-04	1.477464e-04	1.959623e-06	3.331014e-11	3.518649e-08	-1.501124e-12
327	1.665145e-01	9.730138e-04	1.444077e-04	1.598652e-06	2.415798e-11	2.619606e-08	-2.528230e-12
328	1.671217e-01	1.010388e-03	1.875522e-04	2.639428e-06	5.839610e-11	4.712133e-08	-6.210139e-12
329	1.665268e-01	9.736949e-04	1.552423e-04	1.839199e-06	3.097381e-11	2.896404e-08	-2.538511e-12
330	1.662958e-01	9.396019e-04	1.433788e-04	1.659331e-06	2.522872e-11	2.415851e-08	-4.310058e-12
331	1.663420e-01	9.529335e-04	1.455889e-04	2.159224e-06	3.753684e-11	3.423556e-08	-7.523650e-12
332	1.664987e-01	1.016032e-03	1.409829e-04	1.580875e-06	2.242536e-11	1.946657e-08	-7.355817e-12
333	1.667309e-01	1.000858e-03	1.543039e-04	2.422092e-06	4.680850e-11	4.493591e-08	-1.229146e-12
334	1.667242e-01	8.974286e-04	1.558090e-04	1.970554e-06	3.452246e-11	3.375814e-08	-6.498348e-13
335	1.663751e-01	9.207426e-04	1.487111e-04	1.720405e-06	2.735110e-11	2.677635e-08	-3.026719e-12
336	1.669260e-01	9.962202e-04	1.678969e-04	2.300132e-06	4.517136e-11	4.118492e-08	-1.643701e-12
337	1.667472e-01	9.661321e-04	1.645186e-04	1.957838e-06	3.478828e-11	2.946221e-08	-4.942633e-12
338	1.667476e-01	1.005246e-03	1.625358e-04	2.207253e-06	4.041310e-11	3.205531e-08	-1.070685e-11
339	1.666560e-01	9.718042e-04	1.553445e-04	1.906080e-06	3.279770e-11	3.399029e-08	-2.846724e-13
340	1.660522e-01	8.485317e-04	1.506735e-04	1.740259e-06	2.817984e-11	2.907314e-08	-4.738201e-14
341	1.665669e-01	9.432068e-04	1.477606e-04	2.021907e-06	3.485186e-11	3.451177e-08	-2.589090e-12
342	1.663610e-01	9.649764e-04	1.622351e-04	1.885123e-06	3.032207e-11	1.908707e-08	-1.293862e-11
343	1.665040e-01	9.677029e-04	1.484096e-04	1.869863e-06	3.059593e-11	3.023383e-08	-5.844388e-12
344	1.666014e-01	9.900913e-04	1.531701e-04	1.863150e-06	3.039929e-11	2.588393e-08	-8.156409e-12
345	1.665311e-01	1.017716e-03	1.392801e-04	1.982093e-06	3.267558e-11	3.519182e-08	-4.109162e-12
346	1.665141e-01	9.603230e-04	1.443833e-04	1.849108e-06	2.979664e-11	2.808644e-08	-5.001898e-12
347	1.666595e-01	9.951237e-04	1.525332e-04	2.006114e-06	3.493501e-11	3.331371e-08	-3.321973e-12
348	1.665099e-01	9.915620e-04	1.447054e-04	1.715710e-06	2.682431e-11	2.766072e-08	-3.359527e-12
349	1.665424e-01	9.565964e-04	1.627150e-04	2.125144e-06	3.867871e-11	3.104526e-08	-8.101807e-12
350	1.664358e-01	9.787116e-04	1.464486e-04	1.882103e-06	3.090244e-11	2.878661e-08	-4.627184e-12
351	1.665108e-01	9.590600e-04	1.476966e-04	1.768242e-06	2.853186e-11	3.033635e-08	-1.583281e-12
352	1.665707e-01	9.336337e-04	1.458152e-04	1.877181e-06	3.100989e-11	3.533264e-08	1.711679e-12
353	1.667561e-01	9.870922e-04	1.726976e-04	1.982193e-06	3.493126e-11	2.549750e-08	-1.117194e-11
354	1.666364e-01	9.858042e-04	1.504876e-04	1.908294e-06	3.232572e-11	3.301040e-08	-9.048728e-13
355	1.665673e-01	9.869592e-04	1.527775e-04	1.951218e-06	3.327196e-11	3.058652e-08	-5.284591e-12
356	1.662529e-01	9.518334e-04	1.584703e-04	1.888304e-06	2.971248e-11	2.091959e-08	-1.357077e-11
357	1.657570e-01	9.122844e-04	1.490379e-04	1.720779e-06	2.285636e-11	1.022104e-08	-1.539448e-11
358	1.657576e-01	9.816759e-04	1.216046e-04	1.419708e-06	1.602538e-11	1.103657e-08	-9.547860e-12
359	1.657576e-01	9.816759e-04	1.216046e-04	1.419708e-06	1.602538e-11	1.103657e-08	-9.547860e-12
