0	1.874431e-01	2.232845e-04	3.058707e-05	1.005052e-06	4.347773e-12	2.715939e-09	3.485666e-12
1	1.864094e-01	1.484458e-04	3.218452e-05	5.923400e-07	9.716581e-13	7.048484e-09	-2.396845e-12
2	1.866018e-01	1.422949e-04	3.807047e-05	1.310722e-06	9.258915e-12	8.032665e-09	5.809508e-15
3	1.868957e-01	1.564089e-04	3.180336e-05	1.119109e-06	5.491573e-12	2.378453e-09	3.797035e-12
4	1.867952e-01	1.498543e-04	2.620893e-05	1.378401e-06	7.524503e-12	2.969036e-09	3.467233e-12
5	1.865744e-01	1.630557e-04	3.278665e-05	1.009176e-06	5.290019e-12	3.065744e-09	2.390231e-12
6	1.868806e-01	1.488123e-04	2.880437e-05	1.023579e-06	5.376527e-12	3.775628e-09	1.408300e-12
7	1.868649e-01	1.563417e-04	2.850083e-05	9.972035e-07	4.126543e-12	8.275793e-10	3.351722e-12
8	1.869921e-01	1.591343e-04	3.059953e-05	1.160632e-06	5.853946e-12	1.912608e-09	3.684036e-12
9	1.866417e-01	1.661879e-04	3.107992e-05	8.712515e-07	3.898502e-12	1.681773e-09	2.314379e-12
10	1.868208e-01	1.561570e-04	2.840367e-05	1.197661e-06	6.883983e-12	5.019832e-09	1.185716e-12
11	1.866397e-01	1.474171e-04	2.853733e-05	8.473460e-07	4.150689e-12	4.263178e-09	3.655356e-13
12	1.867333e-01	1.537188e-04	3.022016e-05	1.047600e-06	5.666023e-12	4.804795e-09	1.624943e-12
13	1.868535e-01	1.600008e-04	3.135315e-05	1.240920e-06	5.258487e-12	-4.236105e-10	5.679806e-12
14	1.868838e-01	1.609012e-04	2.930763e-05	9.328849e-07	4.686579e-12	3.581307e-09	1.352711e-12
15	1.867104e-01	1.488608e-04	3.043499e-05	7.745574e-07	3.407712e-12	1.767500e-09	1.590674e-12
16	1.869225e-01	1.574220e-04	3.013105e-05	8.965406e-07	4.542852e-12	6.555795e-09	-1.037166e-12
17	1.869945e-01	1.547678e-04	3.241647e-05	8.861223e-07	4.563650e-12	3.078537e-09	1.314649e-12
18	1.867487e-01	1.465572e-04	2.943046e-05	1.082073e-06	4.829053e-12	1.396490e-09	3.737381e-12
19	1.868830e-01	1.579527e-04	3.079516e-05	8.887092e-07	4.602343e-12	4.482259e-09	6.585923e-13
20	1.868177e-01	1.473557e-04	3.168121e-05	7.407965e-07	3.262117e-12	2.937863e-09	1.496021e-12
21	1.869482e-01	1.598029e-04	3.341254e-05	1.041141e-06	6.089382e-12	7.514788e-09	-7.923867e-13
22	1.865951e-01	1.543005e-04	3.272704e-05	9.539473e-07	4.181246e-12	9.770559e-10	3.305715e-12
23	1.869397e-01	1.467954e-04	3.207167e-05	1.343991e-06	8.278406e-12	4.574160e-09	3.054073e-12
24	1.866736e-01	1.462663e-04	3.186784e-05	8.919976e-07	4.300307e-12	2.454417e-09	2.030965e-12
25	1.866215e-01	1.649630e-04	2.993505e-05	9.636211e-07	4.102577e-12	6.102438e-10	3.155045e-12
26	1.868765e-01	1.506021e-04	2.893065e-05	7.122891e-07	3.150382e-12	3.040186e-09	7.281234e-13
27	1.869773e-01	1.535083e-04	2.529816e-05	1.181730e-06	6.354880e-12	4.537200e-09	1.168001e-12
28	1.868794e-01	1.525075e-04	2.430307e-05	1.087394e-06	5.220827e-12	2.787422e-09	1.997727e-12
29	1.868786e-01	1.476891e-04	2.744382e-05	7.357612e-07	3.043130e-12	1.970525e-09	1.292380e-12
30	1.869003e-01	1.656918e-04	3.093580e-05	1.012839e-06	4.063211e-12	4.718966e-10	3.953866e-12
31	1.863988e-01	1.672664e-04	3.097004e-05	1.171679e-06	7.057583e-12	7.388159e-09	-7.993812e-14
32	1.863748e-01	1.447348e-04	3.359041e-05	8.281227e-07	4.237814e-12	3.729024e-09	1.057103e-12
33	1.863398e-01	1.763586e-04	2.791083e-05	9.793303e-07	4.516997e-12	1.323087e-09	2.410884e-12
34	1.871134e-01	1.666773e-04	3.158006e-05	1.162977e-06	5.666569e-12	1.403149e-09	4.190897e-12
35	1.866994e-01	1.617195e-04	2.849899e-05	8.359711e-07	2.768204e-12	-9.611329e-10	2.997770e-12
36	1.868819e-01	1.524674e-04	3.122026e-05	7.896904e-07	3.333281e-12	2.354669e-09	2.064935e-12
37	1.870028e-01	1.580040e-04	2.941269e-05	1.176291e-06	6.825567e-12	5.679458e-09	1.132835e-12
38	1.865629e-01	1.676634e-04	2.962944e-05	8.768287e-07	4.357458e-12	3.842586e-09	9.933181e-13
39	1.869460e-01	1.679399e-04	3.134551e-05	1.100150e-06	6.229989e-12	4.443820e-09	1.710309e-12
40	1.868935e-01	1.572492e-04	2.662318e-05	1.273300e-06	6.410670e-12	1.189052e-09	3.723437e-12
41	1.866547e-01	1.711231e-04	2.918390e-05	9.445045e-07	3.938197e-12	6.304294e-10	3.013376e-12
42	1.873351e-01	1.509624e-04	2.746131e-05	9.242740e-07	4.655690e-12	4.653244e-09	8.804188e-14
43	1.872551e-01	1.749948e-04	3.024741e-05	1.216148e-06	6.354260e-12	1.030808e-09	3.745589e-12
44	1.870743e-01	1.605911e-04	3.307905e-05	9.328335e-07	4.843003e-12	3.268983e-09	1.842997e-12
45	1.865457e-01	1.516398e-04	3.649521e-05	1.048245e-06	6.063386e-12	1.004571e-08	-2.296010e-12
46	1.870584e-01	1.377250e-04	3.127997e-05	1.068697e-06	3.205887e-12	-1.759069e-09	5.282208e-12
47	1.866087e-01	1.634740e-04	2.929585e-05	7.379685e-07	2.170202e-12	-2.741413e-10	2.657837e-12
48	1.865861e-01	1.577764e-04	3.240731e-05	7.980275e-07	3.941712e-12	3.460717e-09	9.659311e-13
49	1.868976e-01	1.431025e-04	2.413369e-05	9.502876e-07	4.459187e-12	4.556346e-09	9.088864e-13
50	1.867026e-01	1.499838e-04	3.012900e-05	1.396967e-06	6.592332e-12	1.074103e-09	6.219240e-12
51	1.867950e-01	1.609162e-04	2.614544e-05	7.492296e-07	3.314851e-12	4.447232e-09	8.897320e-14
52	1.868786e-01	1.566829e-04	2.776874e-05	9.691191e-07	4.972562e-12	5.129555e-09	7.405549e-13
53	1.868673e-01	1.459193e-04	2.849002e-05	1.032779e-06	5.561059e-12	4.841986e-09	6.775944e-13
54	1.870100e-01	1.571872e-04	2.857091e-05	9.331487e-07	3.314746e-12	-3.956795e-10	3.496840e-12
55	1.868865e-01	1.812755e-04	3.224176e-05	9.423695e-07	5.176073e-12	4.706395e-09	4.367829e-13
56	1.866681e-01	1.481042e-04	2.645818e-05	8.835556e-07	3.747419e-12	2.408681e-09	2.051048e-12
57	1.866878e-01	1.436306e-04	3.433336e-05	1.231985e-06	6.056576e-12	3.056771e-09	5.245711e-12
58	1.867120e-01	1.546755e-04	2.863317e-05	7.478482e-07	3.428605e-12	3.124207e-09	4.697010e-13
59	1.869215e-01	1.625150e-04	2.820579e-05	1.182033e-06	3.925992e-12	-1.204956e-09	5.582969e-12
60	1.872029e-01	1.544776e-04	3.608147e-05	1.446920e-06	8.123032e-12	2.117741e-09	6.581464e-12
61	1.866498e-01	1.635476e-04	3.027369e-05	9.805362e-07	4.219662e-12	1.690934e-09	3.276370e-12
62	1.867135e-01	1.527578e-04	3.108778e-05	8.544470e-07	2.452075e-12	-9.865454e-10	3.657914e-12
63	1.870374e-01	1.474300e-04	3.114358e-05	9.440657e-07	5.106120e-12	5.201442e-09	3.633219e-13
64	1.867484e-01	1.494594e-04	2.709050e-05	1.431104e-06	8.138518e-12	2.874896e-09	3.628559e-12
65	1.864963e-01	1.513551e-04	2.697815e-05	6.435327e-07	1.689728e-12	-9.682552e-10	2.082004e-12
66	1.872717e-01	1.648128e-04	2.912327e-05	9.717241e-07	5.147771e-12	3.987460e-09	4.716597e-13
67	1.868834e-01	1.573470e-04	2.868427e-05	8.318156e-07	3.857622e-12	2.876788e-09	1.275896e-12
68	1.865436e-01	1.694063e-04	2.876029e-05	9.719811e-07	5.084126e-12	4.826801e-09	7.493728e-13
69	1.867005e-01	1.439919e-04	3.189453e-05	1.050845e-06	3.346688e-12	-6.852362e-10	5.080437e-12
70	1.869112e-01	1.608628e-04	2.976419e-05	1.138430e-06	6.484671e-12	4.914167e-09	1.365300e-12
71	1.868383e-01	1.502222e-04	2.891829e-05	9.293079e-07	3.424015e-12	4.471478e-10	3.388932e-12
72	1.867640e-01	1.550016e-04	2.658790e-05	9.139679e-07	4.217308e-12	2.470922e-09	1.585377e-12
73	1.870265e-01	1.623753e-04	3.152306e-05	8.132996e-07	3.817691e-12	2.922185e-09	1.543841e-12
74	1.869704e-01	1.571324e-04	3.274100e-05	1.211090e-06	6.806005e-12	4.491119e-09	3.440616e-12
75	1.871003e-01	1.563574e-04	2.773748e-05	8.136884e-07	3.332677e-12	1.146521e-09	1.958671e-12
76	1.869673e-01	1.592409e-04	3.118417e-05	1.100759e-06	5.776681e-12	2.552158e-09	2.867411e-12
77	1.870163e-01	1.647503e-04	2.969228e-05	9.505786e-07	3.849064e-12	1.253533e-10	3.269352e-12
78	1.868900e-01	1.531513e-04	3.089443e-05	1.012214e-06	4.344827e-12	7.515652e-10	3.628062e-12
79	1.868295e-01	1.628687e-04	2.662292e-05	6.873824e-07	2.806186e-12	2.074403e-09	8.786522e-13
80	1.868533e-01	1.362648e-04	2.874287e-05	9.794053e-07	4.581740e-12	2.346232e-09	2.451733e-12
81	1.867328e-01	1.574570e-04	3.200735e-05	9.833996e-07	4.270611e-12	6.544008e-10	3.493071e-12
82	1.865510e-01	1.485911e-04	2.467055e-05	1.010645e-06	4.483390e-12	1.542802e-09	2.316463e-12
83	1.869191e-01	1.514794e-04	3.044406e-05	8.515890e-07	4.106574e-12	3.355632e-09	1.391965e-12
84	1.867783e-01	1.445059e-04	2.980969e-05	9.379729e-07	3.634801e-12	6.413501e-10	3.374587e-12
85	1.866486e-01	1.696555e-04	2.850522e-05	1.039486e-06	5.637721e-12	6.330992e-09	-4.827374e-13
86	1.867563e-01	1.663075e-04	3.262518e-05	8.992774e-07	4.512798e-12	2.974924e-09	1.833350e-12
87	1.868645e-01	1.530821e-04	2.690051e-05	9.971073e-07	4.910670e-12	3.032422e-09	1.597830e-12
88	1.867882e-01	1.663375e-04	2.634530e-05	9.240550e-07	7.401912e-14	-4.780288e-09	4.558701e-12
89	1.872430e-01	1.574234e-04	2.768129e-05	2.110458e-06	7.055524e-12	-7.058336e-09	1.450603e-11
90	1.874431e-01	2.232845e-04	3.058707e-05	1.005052e-06	4.347773e-12	2.715939e-09	3.485666e-12
91	1.864094e-01	1.484458e-04	3.218452e-05	5.923400e-07	9.716581e-13	7.048484e-09	-2.396845e-12
92	1.866018e-01	1.422949e-04	3.807047e-05	1.310722e-06	9.258915e-12	8.032665e-09	5.809508e-15
93	1.868957e-01	1.564089e-04	3.180336e-05	1.119109e-06	5.491573e-12	2.378453e-09	3.797035e-12
94	1.867952e-01	1.498543e-04	2.620893e-05	1.378401e-06	7.524503e-12	2.969036e-09	3.467233e-12
95	1.865744e-01	1.630557e-04	3.278665e-05	1.009176e-06	5.290019e-12	3.065744e-09	2.390231e-12
96	1.868806e-01	1.488123e-04	2.880437e-05	1.023579e-06	5.376527e-12	3.775628e-09	1.408300e-12
97	1.868649e-01	1.563417e-04	2.850083e-05	9.972035e-07	4.126543e-12	8.275793e-10	3.351722e-12
98	1.869921e-01	1.591343e-04	3.059953e-05	1.160632e-06	5.853946e-12	1.912608e-09	3.684036e-12
99	1.866417e-01	1.661879e-04	3.107992e-05	8.712515e-07	3.898502e-12	1.681773e-09	2.314379e-12
100	1.868208e-01	1.561570e-04	2.840367e-05	1.197661e-06	6.883983e-12	5.019832e-09	1.185716e-12
101	1.866363e-01	1.444636e-04	2.911517e-05	8.489123e-07	4.197497e-12	4.155645e-09	4.391123e-13
102	1.867333e-01	1.537188e-04	3.022016e-05	1.047600e-06	5.666023e-12	4.804795e-09	1.624943e-12
103	1.868535e-01	1.600008e-04	3.135315e-05	1.240920e-06	5.258487e-12	-4.236105e-10	5.679806e-12
104	1.868838e-01	1.609012e-04	2.930763e-05	9.328849e-07	4.686579e-12	3.581307e-09	1.352711e-12
105	1.867104e-01	1.488608e-04	3.043499e-05	7.745574e-07	3.407712e-12	1.767500e-09	1.590674e-12
106	1.869225e-01	1.574220e-04	3.013105e-05	8.965406e-07	4.542852e-12	6.555795e-09	-1.037166e-12
107	1.869945e-01	1.547678e-04	3.241647e-05	8.861223e-07	4.563650e-12	3.078537e-09	1.314649e-12
108	1.867487e-01	1.465572e-04	2.943046e-05	1.082073e-06	4.829053e-12	1.396490e-09	3.737381e-12
109	1.868830e-01	1.579527e-04	3.079516e-05	8.887092e-07	4.602343e-12	4.482259e-09	6.585923e-13
110	1.868177e-01	1.473557e-04	3.168121e-05	7.407965e-07	3.262117e-12	2.937863e-09	1.496021e-12
111	1.869482e-01	1.598029e-04	3.341254e-05	1.041141e-06	6.089382e-12	7.514788e-09	-7.923867e-13
112	1.865951e-01	1.543005e-04	3.272704e-05	9.539473e-07	4.181246e-12	9.770559e-10	3.305715e-12
113	1.869397e-01	1.467954e-04	3.207167e-05	1.343991e-06	8.278406e-12	4.574160e-09	3.054073e-12
114	1.866736e-01	1.462663e-04	3.186784e-05	8.919976e-07	4.300307e-12	2.454417e-09	2.030965e-12
115	1.866215e-01	1.649630e-04	2.993505e-05	9.636211e-07	4.102577e-12	6.102438e-10	3.155045e-12
116	1.868765e-01	1.506021e-04	2.893065e-05	7.122891e-07	3.150382e-12	3.040186e-09	7.281234e-13
117	1.869773e-01	1.535083e-04	2.529816e-05	1.181730e-06	6.354880e-12	4.537200e-09	1.168001e-12
118	1.869359e-01	1.515300e-04	2.471491e-05	1.033599e-06	4.835571e-12	2.388032e-09	1.976873e-12
119	1.868786e-01	1.476891e-04	2.744382e-05	7.357612e-07	3.043130e-12	1.970525e-09	1.292380e-12
120	1.869003e-01	1.656918e-04	3.093580e-05	1.012839e-06	4.063211e-12	4.718966e-10	3.953866e-12
121	1.863988e-01	1.672664e-04	3.097004e-05	1.171679e-06	7.057583e-12	7.388159e-09	-7.993812e-14
122	1.863748e-01	1.447348e-04	3.359041e-05	8.281227e-07	4.237814e-12	3.729024e-09	1.057103e-12
123	1.863398e-01	1.763586e-04	2.791083e-05	9.793303e-07	4.516997e-12	1.323087e-09	2.410884e-12
124	1.871134e-01	1.666773e-04	3.158006e-05	1.162977e-06	5.666569e-12	1.403149e-09	4.190897e-12
125	1.866994e-01	1.617195e-04	2.849899e-05	8.359711e-07	2.768204e-12	-9.611329e-10	2.997770e-12
126	1.868819e-01	1.524674e-04	3.122026e-05	7.896904e-07	3.333281e-12	2.354669e-09	2.064935e-12
127	1.870028e-01	1.580040e-04	2.941269e-05	1.176291e-06	6.825567e-12	5.679458e-09	1.132835e-12
128	1.865629e-01	1.676634e-04	2.962944e-05	8.768287e-07	4.357458e-12	3.842586e-09	9.933181e-13
129	1.869460e-01	1.679399e-04	3.134551e-05	1.100150e-06	6.229989e-12	4.443820e-09	1.710309e-12
130	1.868935e-01	1.572492e-04	2.662318e-05	1.273300e-06	6.410670e-12	1.189052e-09	3.723437e-12
131	1.866547e-01	1.711231e-04	2.918390e-05	9.445045e-07	3.938197e-12	6.304294e-10	3.013376e-12
132	1.873351e-01	1.509624e-04	2.746131e-05	9.242740e-07	4.655690e-12	4.653244e-09	8.804188e-14
133	1.871872e-01	1.728099e-04	3.062149e-05	1.251637e-06	6.432166e-12	3.856117e-10	4.320888e-12
134	1.870850e-01	1.638733e-04	3.395351e-05	9.355069e-07	4.920810e-12	3.269308e-09	1.893252e-12
135	1.865457e-01	1.516398e-04	3.649521e-05	1.048245e-06	6.063386e-12	1.004571e-08	-2.296010e-12
136	1.870460e-01	1.390819e-04	3.042369e-05	1.058742e-06	3.000220e-12	-2.059351e-09	5.206241e-12
137	1.866087e-01	1.634740e-04	2.929585e-05	7.379685e-07	2.170202e-12	-2.741413e-10	2.657837e-12
138	1.865861e-01	1.577764e-04	3.240731e-05	7.980275e-07	3.941712e-12	3.460717e-09	9.659311e-13
139	1.868976e-01	1.431025e-04	2.413369e-05	9.502876e-07	4.459187e-12	4.556346e-09	9.088864e-13
140	1.867026e-01	1.499838e-04	3.012900e-05	1.396967e-06	6.592332e-12	1.074103e-09	6.219240e-12
141	1.867950e-01	1.609162e-04	2.614544e-05	7.492296e-07	3.314851e-12	4.447232e-09	8.897320e-14
142	1.868786e-01	1.566829e-04	2.776874e-05	9.691191e-07	4.972562e-12	5.129555e-09	7.405549e-13
143	1.868781e-01	1.437502e-04	2.788125e-05	1.050544e-06	5.654794e-12	4.888006e-09	5.911802e-13
144	1.870100e-01	1.571872e-04	2.857091e-05	9.331487e-07	3.314746e-12	-3.956795e-10	3.496840e-12
145	1.868641e-01	1.773314e-04	3.267075e-05	9.651854e-07	5.399101e-12	4.827604e-09	4.749917e-13
146	1.866681e-01	1.481042e-04	2.645818e-05	8.835556e-07	3.747419e-12	2.408681e-09	2.051048e-12
147	1.866878e-01	1.436306e-04	3.433336e-05	1.231985e-06	6.056576e-12	3.056771e-09	5.245711e-12
148	1.867120e-01	1.546755e-04	2.863317e-05	7.478482e-07	3.428605e-12	3.124207e-09	4.697010e-13
149	1.869215e-01	1.625150e-04	2.820579e-05	1.182033e-06	3.925992e-12	-1.204956e-09	5.582969e-12
150	1.872029e-01	1.544776e-04	3.608147e-05	1.446920e-06	8.123032e-12	2.117741e-09	6.581464e-12
151	1.866498e-01	1.635476e-04	3.027369e-05	9.805362e-07	4.219662e-12	1.690934e-09	3.276370e-12
152	1.867135e-01	1.527578e-04	3.108778e-05	8.544470e-07	2.452075e-12	-9.865454e-10	3.657914e-12
153	1.870374e-01	1.474300e-04	3.114358e-05	9.440657e-07	5.106120e-12	5.201442e-09	3.633219e-13
154	1.867484e-01	1.494594e-04	2.709050e-05	1.431104e-06	8.138518e-12	2.874896e-09	3.628559e-12
155	1.864963e-01	1.513551e-04	2.697815e-05	6.435327e-07	1.689728e-12	-9.682552e-10	2.082004e-12
156	1.872148e-01	1.655133e-04	2.866144e-05	1.025362e-06	5.540466e-12	4.383702e-09	4.485026e-13
157	1.868834e-01	1.573470e-04	2.868427e-05	8.318156e-07	3.857622e-12	2.876788e-09	1.275896e-12
158	1.865436e-01	1.694063e-04	2.876029e-05	9.719811e-07	5.084126e-12	4.826801e-09	7.493728e-13
159	1.867005e-01	1.439919e-04	3.189453e-05	1.050845e-06	3.346688e-12	-6.852362e-10	5.080437e-12
160	1.869112e-01	1.608628e-04	2.976419e-05	1.138430e-06	6.484671e-12	4.914167e-09	1.365300e-12
161	1.868383e-01	1.502222e-04	2.891829e-05	9.293079e-07	3.424015e-12	4.471478e-10	3.388932e-12
162	1.867640e-01	1.550016e-04	2.658790e-05	9.139679e-07	4.217308e-12	2.470922e-09	1.585377e-12
163	1.870265e-01	1.623753e-04	3.152306e-05	8.132996e-07	3.817691e-12	2.922185e-09	1.543841e-12
164	1.869704e-01	1.571324e-04	3.274100e-05	1.211090e-06	6.806005e-12	4.491119e-09	3.440616e-12
165	1.871003e-01	1.563574e-04	2.773748e-05	8.136884e-07	3.332677e-12	1.146521e-09	1.958671e-12
166	1.869673e-01	1.592409e-04	3.118417e-05	1.100759e-06	5.776681e-12	2.552158e-09	2.867411e-12
167	1.870163e-01	1.647503e-04	2.969228e-05	9.505786e-07	3.849064e-12	1.253533e-10	3.269352e-12
168	1.868900e-01	1.531513e-04	3.089443e-05	1.012214e-06	4.344827e-12	7.515652e-10	3.628062e-12
169	1.868295e-01	1.628687e-04	2.662292e-05	6.873824e-07	2.806186e-12	2.074403e-09	8.786522e-13
170	1.868750e-01	1.368217e-04	2.846172e-05	1.005476e-06	4.717095e-12	2.307968e-09	2.584746e-12
171	1.867328e-01	1.574570e-04	3.200735e-05	9.833996e-07	4.270611e-12	6.544008e-10	3.493071e-12
172	1.865510e-01	1.485911e-04	2.467055e-05	1.010645e-06	4.483390e-12	1.542802e-09	2.316463e-12
173	1.869191e-01	1.514794e-04	3.044406e-05	8.515890e-07	4.106574e-12	3.355632e-09	1.391965e-12
174	1.867783e-01	1.445059e-04	2.980969e-05	9.379729e-07	3.634801e-12	6.413501e-10	3.374587e-12
175	1.866486e-01	1.696555e-04	2.850522e-05	1.039486e-06	5.637721e-12	6.330992e-09	-4.827374e-13
176	1.867563e-01	1.663075e-04	3.262518e-05	8.992774e-07	4.512798e-12	2.974924e-09	1.833350e-12
177	1.868645e-01	1.530821e-04	2.690051e-05	9.971073e-07	4.910670e-12	3.032422e-09	1.597830e-12
178	1.867882e-01	1.663375e-04	2.634530e-05	9.240550e-07	7.401912e-14	-4.780288e-09	4.558701e-12
179	1.872430e-01	1.574234e-04	2.768129e-05	2.110458e-06	7.055524e-12	-7.058336e-09	1.450603e-11
180	1.874431e-01	2.232845e-04	3.058707e-05	1.005052e-06	4.347773e-12	2.715939e-09	3.485666e-12
181	1.864094e-01	1.484458e-04	3.218452e-05	5.923400e-07	9.716581e-13	7.048484e-09	-2.396845e-12
182	1.866018e-01	1.422949e-04	3.807047e-05	1.310722e-06	9.258915e-12	8.032665e-09	5.809508e-15
183	1.868957e-01	1.564089e-04	3.180336e-05	1.119109e-06	5.491573e-12	2.378453e-09	3.797035e-12
184	1.867952e-01	1.498543e-04	2.620893e-05	1.378401e-06	7.524503e-12	2.969036e-09	3.467233e-12
185	1.865744e-01	1.630557e-04	3.278665e-05	1.009176e-06	5.290019e-12	3.065744e-09	2.390231e-12
186	1.868806e-01	1.488123e-04	2.880437e-05	1.023579e-06	5.376527e-12	3.775628e-09	1.408300e-12
187	1.868649e-01	1.563417e-04	2.850083e-05	9.972035e-07	4.126543e-12	8.275793e-10	3.351722e-12
188	1.869921e-01	1.591343e-04	3.059953e-05	1.160632e-06	5.853946e-12	1.912608e-09	3.684036e-12
189	1.866417e-01	1.661879e-04	3.107992e-05	8.712515e-07	3.898502e-12	1.681773e-09	2.314379e-12
190	1.868208e-01	1.561570e-04	2.840367e-05	1.197661e-06	6.883983e-12	5.019832e-09	1.185716e-12
191	1.866397e-01	1.474171e-04	2.853733e-05	8.473460e-07	4.150689e-12	4.263178e-09	3.655356e-13
192	1.867333e-01	1.537188e-04	3.022016e-05	1.047600e-06	5.666023e-12	4.804795e-09	1.624943e-12
193	1.868535e-01	1.600008e-04	3.135315e-05	1.240920e-06	5.258487e-12	-4.236105e-10	5.679806e-12
194	1.868838e-01	1.609012e-04	2.930763e-05	9.328849e-07	4.686579e-12	3.581307e-09	1.352711e-12
195	1.867104e-01	1.488608e-04	3.043499e-05	7.745574e-07	3.407712e-12	1.767500e-09	1.590674e-12
196	1.869225e-01	1.574220e-04	3.013105e-05	8.965406e-07	4.542852e-12	6.555795e-09	-1.037166e-12
197	1.869945e-01	1.547678e-04	3.241647e-05	8.861223e-07	4.563650e-12	3.078537e-09	1.314649e-12
198	1.867487e-01	1.465572e-04	2.943046e-05	1.082073e-06	4.829053e-12	1.396490e-09	3.737381e-12
199	1.868830e-01	1.579527e-04	3.079516e-05	8.887092e-07	4.602343e-12	4.482259e-09	6.585923e-13
200	1.868177e-01	1.473557e-04	3.168121e-05	7.407965e-07	3.262117e-12	2.937863e-09	1.496021e-12
201	1.869482e-01	1.598029e-04	3.341254e-05	1.041141e-06	6.089382e-12	7.514788e-09	-7.923867e-13
202	1.865951e-01	1.543005e-04	3.272704e-05	9.539473e-07	4.181246e-12	9.770559e-10	3.305715e-12
203	1.869397e-01	1.467954e-04	3.207167e-05	1.343991e-06	8.278406e-12	4.574160e-09	3.054073e-12
204	1.866736e-01	1.462663e-04	3.186784e-05	8.919976e-07	4.300307e-12	2.454417e-09	2.030965e-12
205	1.866215e-01	1.649630e-04	2.993505e-05	9.636211e-07	4.102577e-12	6.102438e-10	3.155045e-12
206	1.868765e-01	1.506021e-04	2.893065e-05	7.122891e-07	3.150382e-12	3.040186e-09	7.281234e-13
207	1.869773e-01	1.535083e-04	2.529816e-05	1.181730e-06	6.354880e-12	4.537200e-09	1.168001e-12
208	1.868794e-01	1.525075e-04	2.430307e-05	1.087394e-06	5.220827e-12	2.787422e-09	1.997727e-12
209	1.868786e-01	1.476891e-04	2.744382e-05	7.357612e-07	3.043130e-12	1.970525e-09	1.292380e-12
210	1.869003e-01	1.656918e-04	3.093580e-05	1.012839e-06	4.063211e-12	4.718966e-10	3.953866e-12
211	1.863988e-01	1.672664e-04	3.097004e-05	1.171679e-06	7.057583e-12	7.388159e-09	-7.993812e-14
212	1.863748e-01	1.447348e-04	3.359041e-05	8.281227e-07	4.237814e-12	3.729024e-09	1.057103e-12
213	1.863398e-01	1.763586e-04	2.791083e-05	9.793303e-07	4.516997e-12	1.323087e-09	2.410884e-12
214	1.871134e-01	1.666773e-04	3.158006e-05	1.162977e-06	5.666569e-12	1.403149e-09	4.190897e-12
215	1.866994e-01	1.617195e-04	2.849899e-05	8.359711e-07	2.768204e-12	-9.611329e-10	2.997770e-12
216	1.868819e-01	1.524674e-04	3.122026e-05	7.896904e-07	3.333281e-12	2.354669e-09	2.064935e-12
217	1.870028e-01	1.580040e-04	2.941269e-05	1.176291e-06	6.825567e-12	5.679458e-09	1.132835e-12
218	1.866298e-01	1.694129e-04	3.118136e-05	9.677084e-07	5.180882e-12	4.373626e-09	1.189801e-12
219	1.870239e-01	1.698005e-04	3.106155e-05	1.073852e-06	6.087284e-12	5.054008e-09	1.187079e-12
220	1.868935e-01	1.572492e-04	2.662318e-05	1.273300e-06	6.410670e-12	1.189052e-09	3.723437e-12
221	1.866547e-01	1.711231e-04	2.918390e-05	9.445045e-07	3.938197e-12	6.304294e-10	3.013376e-12
222	1.873351e-01	1.509624e-04	2.746131e-05	9.242740e-07	4.655690e-12	4.653244e-09	8.804188e-14
223	1.871872e-01	1.728099e-04	3.062149e-05	1.251637e-06	6.432166e-12	3.856117e-10	4.320888e-12
224	1.870850e-01	1.638733e-04	3.395351e-05	9.355069e-07	4.920810e-12	3.269308e-09	1.893252e-12
225	1.865457e-01	1.516398e-04	3.649521e-05	1.048245e-06	6.063386e-12	1.004571e-08	-2.296010e-12
226	1.870460e-01	1.390819e-04	3.042369e-05	1.058742e-06	3.000220e-12	-2.059351e-09	5.206241e-12
227	1.866087e-01	1.634740e-04	2.929585e-05	7.379685e-07	2.170202e-12	-2.741413e-10	2.657837e-12
228	1.865861e-01	1.577764e-04	3.240731e-05	7.980275e-07	3.941712e-12	3.460717e-09	9.659311e-13
229	1.868976e-01	1.431025e-04	2.413369e-05	9.502876e-07	4.459187e-12	4.556346e-09	9.088864e-13
230	1.867026e-01	1.499838e-04	3.012900e-05	1.396967e-06	6.592332e-12	1.074103e-09	6.219240e-12
231	1.867950e-01	1.609162e-04	2.614544e-05	7.492296e-07	3.314851e-12	4.447232e-09	8.897320e-14
232	1.868786e-01	1.566829e-04	2.776874e-05	9.691191e-07	4.972562e-12	5.129555e-09	7.405549e-13
233	1.868673e-01	1.459193e-04	2.849002e-05	1.032779e-06	5.561059e-12	4.841986e-09	6.775944e-13
234	1.870100e-01	1.571872e-04	2.857091e-05	9.331487e-07	3.314746e-12	-3.956795e-10	3.496840e-12
235	1.868865e-01	1.812755e-04	3.224176e-05	9.423695e-07	5.176073e-12	4.706395e-09	4.367829e-13
236	1.866681e-01	1.481042e-04	2.645818e-05	8.835556e-07	3.747419e-12	2.408681e-09	2.051048e-12
237	1.866878e-01	1.436306e-04	3.433336e-05	1.231985e-06	6.056576e-12	3.056771e-09	5.245711e-12
238	1.867120e-01	1.546755e-04	2.863317e-05	7.478482e-07	3.428605e-12	3.124207e-09	4.697010e-13
239	1.869215e-01	1.625150e-04	2.820579e-05	1.182033e-06	3.925992e-12	-1.204956e-09	5.582969e-12
240	1.872029e-01	1.544776e-04	3.608147e-05	1.446920e-06	8.123032e-12	2.117741e-09	6.581464e-12
241	1.866498e-01	1.635476e-04	3.027369e-05	9.805362e-07	4.219662e-12	1.690934e-09	3.276370e-12
242	1.867135e-01	1.527578e-04	3.108778e-05	8.544470e-07	2.452075e-12	-9.865454e-10	3.657914e-12
243	1.870374e-01	1.474300e-04	3.114358e-05	9.440657e-07	5.106120e-12	5.201442e-09	3.633219e-13
244	1.867484e-01	1.494594e-04	2.709050e-05	1.431104e-06	8.138518e-12	2.874896e-09	3.628559e-12
245	1.864963e-01	1.513551e-04	2.697815e-05	6.435327e-07	1.689728e-12	-9.682552e-10	2.082004e-12
246	1.873191e-01	1.658631e-04	2.899034e-05	1.018338e-06	5.496164e-12	3.977106e-09	6.378227e-13
247	1.868834e-01	1.573470e-04	2.868427e-05	8.318156e-07	3.857622e-12	2.876788e-09	1.275896e-12
248	1.865436e-01	1.694063e-04	2.876029e-05	9.719811e-07	5.084126e-12	4.826801e-09	7.493728e-13
249	1.867005e-01	1.439919e-04	3.189453e-05	1.050845e-06	3.346688e-12	-6.852362e-10	5.080437e-12
250	1.869112e-01	1.608628e-04	2.976419e-05	1.138430e-06	6.484671e-12	4.914167e-09	1.365300e-12
251	1.868383e-01	1.502222e-04	2.891829e-05	9.293079e-07	3.424015e-12	4.471478e-10	3.388932e-12
252	1.867640e-01	1.550016e-04	2.658790e-05	9.139679e-07	4.217308e-12	2.470922e-09	1.585377e-12
253	1.870265e-01	1.623753e-04	3.152306e-05	8.132996e-07	3.817691e-12	2.922185e-09	1.543841e-12
254	1.869704e-01	1.571324e-04	3.274100e-05	1.211090e-06	6.806005e-12	4.491119e-09	3.440616e-12
255	1.871003e-01	1.563574e-04	2.773748e-05	8.136884e-07	3.332677e-12	1.146521e-09	1.958671e-12
256	1.869673e-01	1.592409e-04	3.118417e-05	1.100759e-06	5.776681e-12	2.552158e-09	2.867411e-12
257	1.870163e-01	1.647503e-04	2.969228e-05	9.505786e-07	3.849064e-12	1.253533e-10	3.269352e-12
258	1.868900e-01	1.531513e-04	3.089443e-05	1.012214e-06	4.344827e-12	7.515652e-10	3.628062e-12
259	1.868295e-01	1.628687e-04	2.662292e-05	6.873824e-07	2.806186e-12	2.074403e-09	8.786522e-13
260	1.868750e-01	1.368217e-04	2.846172e-05	1.005476e-06	4.717095e-12	2.307968e-09	2.584746e-12
261	1.867328e-01	1.574570e-04	3.200735e-05	9.833996e-07	4.270611e-12	6.544008e-10	3.493071e-12
262	1.865510e-01	1.485911e-04	2.467055e-05	1.010645e-06	4.483390e-12	1.542802e-09	2.316463e-12
263	1.869191e-01	1.514794e-04	3.044406e-05	8.515890e-07	4.106574e-12	3.355632e-09	1.391965e-12
264	1.867783e-01	1.445059e-04	2.980969e-05	9.379729e-07	3.634801e-12	6.413501e-10	3.374587e-12
265	1.866486e-01	1.696555e-04	2.850522e-05	1.039486e-06	5.637721e-12	6.330992e-09	-4.827374e-13
266	1.867563e-01	1.663075e-04	3.262518e-05	8.992774e-07	4.512798e-12	2.974924e-09	1.833350e-12
267	1.868645e-01	1.530821e-04	2.690051e-05	9.971073e-07	4.910670e-12	3.032422e-09	1.597830e-12
268	1.867882e-01	1.663375e-04	2.634530e-05	9.240550e-07	7.401912e-14	-4.780288e-09	4.558701e-12
269	1.872430e-01	1.574234e-04	2.768129e-05	2.110458e-06	7.055524e-12	-7.058336e-09	1.450603e-11
270	1.874431e-01	2.232845e-04	3.058707e-05	1.005052e-06	4.347773e-12	2.715939e-09	3.485666e-12
271	1.864094e-01	1.484458e-04	3.218452e-05	5.923400e-07	9.716581e-13	7.048484e-09	-2.396845e-12
272	1.866018e-01	1.422949e-04	3.807047e-05	1.310722e-06	9.258915e-12	8.032665e-09	5.809508e-15
273	1.868957e-01	1.564089e-04	3.180336e-05	1.119109e-06	5.491573e-12	2.378453e-09	3.797035e-12
274	1.867952e-01	1.498543e-04	2.620893e-05	1.378401e-06	7.524503e-12	2.969036e-09	3.467233e-12
275	1.865744e-01	1.630557e-04	3.278665e-05	1.009176e-06	5.290019e-12	3.065744e-09	2.390231e-12
276	1.868806e-01	1.488123e-04	2.880437e-05	1.023579e-06	5.376527e-12	3.775628e-09	1.408300e-12
277	1.868649e-01	1.563417e-04	2.850083e-05	9.972035e-07	4.126543e-12	8.275793e-10	3.351722e-12
278	1.869921e-01	1.591343e-04	3.059953e-05	1.160632e-06	5.853946e-12	1.912608e-09	3.684036e-12
279	1.866417e-01	1.661879e-04	3.107992e-05	8.712515e-07	3.898502e-12	1.681773e-09	2.314379e-12
280	1.868208e-01	1.561570e-04	2.840367e-05	1.197661e-06	6.883983e-12	5.019832e-09	1.185716e-12
281	1.866363e-01	1.444636e-04	2.911517e-05	8.489123e-07	4.197497e-12	4.155645e-09	4.391123e-13
282	1.867333e-01	1.537188e-04	3.022016e-05	1.047600e-06	5.666023e-12	4.804795e-09	1.624943e-12
283	1.868535e-01	1.600008e-04	3.135315e-05	1.240920e-06	5.258487e-12	-4.236105e-10	5.679806e-12
284	1.868838e-01	1.609012e-04	2.930763e-05	9.328849e-07	4.686579e-12	3.581307e-09	1.352711e-12
285	1.867104e-01	1.488608e-04	3.043499e-05	7.745574e-07	3.407712e-12	1.767500e-09	1.590674e-12
286	1.869225e-01	1.574220e-04	3.013105e-05	8.965406e-07	4.542852e-12	6.555795e-09	-1.037166e-12
287	1.869945e-01	1.547678e-04	3.241647e-05	8.861223e-07	4.563650e-12	3.078537e-09	1.314649e-12
288	1.867487e-01	1.465572e-04	2.943046e-05	1.082073e-06	4.829053e-12	1.396490e-09	3.737381e-12
289	1.868874e-01	1.544357e-04	3.160708e-05	8.813967e-07	4.607847e-12	4.547051e-09	6.401612e-13
290	1.868177e-01	1.473557e-04	3.168121e-05	7.407965e-07	3.262117e-12	2.937863e-09	1.496021e-12
291	1.869482e-01	1.598029e-04	3.341254e-05	1.041141e-06	6.089382e-12	7.514788e-09	-7.923867e-13
292	1.865951e-01	1.543005e-04	3.272704e-05	9.539473e-07	4.181246e-12	9.770559e-10	3.305715e-12
293	1.869397e-01	1.467954e-04	3.207167e-05	1.343991e-06	8.278406e-12	4.574160e-09	3.054073e-12
294	1.866736e-01	1.462663e-04	3.186784e-05	8.919976e-07	4.300307e-12	2.454417e-09	2.030965e-12
295	1.866215e-01	1.649630e-04	2.993505e-05	9.636211e-07	4.102577e-12	6.102438e-10	3.155045e-12
296	1.868765e-01	1.506021e-04	2.893065e-05	7.122891e-07	3.150382e-12	3.040186e-09	7.281234e-13
297	1.869773e-01	1.535083e-04	2.529816e-05	1.181730e-06	6.354880e-12	4.537200e-09	1.168001e-12
298	1.869359e-01	1.515300e-04	2.471491e-05	1.033599e-06	4.835571e-12	2.388032e-09	1.976873e-12
299	1.868786e-01	1.476891e-04	2.744382e-05	7.357612e-07	3.043130e-12	1.970525e-09	1.292380e-12
300	1.869003e-01	1.656918e-04	3.093580e-05	1.012839e-06	4.063211e-12	4.718966e-10	3.953866e-12
301	1.863988e-01	1.672664e-04	3.097004e-05	1.171679e-06	7.057583e-12	7.388159e-09	-7.993812e-14
302	1.863748e-01	1.447348e-04	3.359041e-05	8.281227e-07	4.237814e-12	3.729024e-09	1.057103e-12
303	1.863398e-01	1.763586e-04	2.791083e-05	9.793303e-07	4.516997e-12	1.323087e-09	2.410884e-12
304	1.871134e-01	1.666773e-04	3.158006e-05	1.162977e-06	5.666569e-12	1.403149e-09	4.190897e-12
305	1.866994e-01	1.617195e-04	2.849899e-05	8.359711e-07	2.768204e-12	-9.611329e-10	2.997770e-12
306	1.868819e-01	1.524674e-04	3.122026e-05	7.896904e-07	3.333281e-12	2.354669e-09	2.064935e-12
307	1.870028e-01	1.580040e-04	2.941269e-05	1.176291e-06	6.825567e-12	5.679458e-09	1.132835e-12
308	1.865629e-01	1.676634e-04	2.962944e-05	8.768287e-07	4.357458e-12	3.842586e-09	9.933181e-13
309	1.870239e-01	1.698005e-04	3.106155e-05	1.073852e-06	6.087284e-12	5.054008e-09	1.187079e-12
310	1.868935e-01	1.572492e-04	2.662318e-05	1.273300e-06	6.410670e-12	1.189052e-09	3.723437e-12
311	1.866547e-01	1.711231e-04	2.918390e-05	9.445045e-07	3.938197e-12	6.304294e-10	3.013376e-12
312	1.873351e-01	1.509624e-04	2.746131e-05	9.242740e-07	4.655690e-12	4.653244e-09	8.804188e-14
313	1.871872e-01	1.728099e-04	3.062149e-05	1.251637e-06	6.432166e-12	3.856117e-10	4.320888e-12
314	1.870743e-01	1.605911e-04	3.307905e-05	9.328335e-07	4.843003e-12	3.268983e-09	1.842997e-12
315	1.865457e-01	1.516398e-04	3.649521e-05	1.048245e-06	6.063386e-12	1.004571e-08	-2.296010e-12
316	1.870584e-01	1.377250e-04	3.127997e-05	1.068697e-06	3.205887e-12	-1.759069e-09	5.282208e-12
317	1.866087e-01	1.634740e-04	2.929585e-05	7.379685e-07	2.170202e-12	-2.741413e-10	2.657837e-12
318	1.865861e-01	1.577764e-04	3.240731e-05	7.980275e-07	3.941712e-12	3.460717e-09	9.659311e-13
319	1.868976e-01	1.431025e-04	2.413369e-05	9.502876e-07	4.459187e-12	4.556346e-09	9.088864e-13
320	1.867026e-01	1.499838e-04	3.012900e-05	1.396967e-06	6.592332e-12	1.074103e-09	6.219240e-12
321	1.867950e-01	1.609162e-04	2.614544e-05	7.492296e-07	3.314851e-12	4.447232e-09	8.897320e-14
322	1.868786e-01	1.566829e-04	2.776874e-05	9.691191e-07	4.972562e-12	5.129555e-09	7.405549e-13
323	1.868673e-01	1.459193e-04	2.849002e-05	1.032779e-06	5.561059e-12	4.841986e-09	6.775944e-13
324	1.870100e-01	1.571872e-04	2.857091e-05	9.331487e-07	3.314746e-12	-3.956795e-10	3.496840e-12
325	1.868865e-01	1.812755e-04	3.224176e-05	9.423695e-07	5.176073e-12	4.706395e-09	4.367829e-13
326	1.866681e-01	1.481042e-04	2.645818e-05	8.835556e-07	3.747419e-12	2.408681e-09	2.051048e-12
327	1.866878e-01	1.436306e-04	3.433336e-05	1.231985e-06	6.056576e-12	3.056771e-09	5.245711e-12
328	1.867120e-01	1.546755e-04	2.863317e-05	7.478482e-07	3.428605e-12	3.124207e-09	4.697010e-13
329	1.869215e-01	1.625150e-04	2.820579e-05	1.182033e-06	3.925992e-12	-1.204956e-09	5.582969e-12
330	1.872029e-01	1.544776e-04	3.608147e-05	1.446920e-06	8.123032e-12	2.117741e-09	6.581464e-12
331	1.866498e-01	1.635476e-04	3.027369e-05	9.805362e-07	4.219662e-12	1.690934e-09	3.276370e-12
332	1.867135e-01	1.527578e-04	3.108778e-05	8.544470e-07	2.452075e-12	-9.865454e-10	3.657914e-12
333	1.870374e-01	1.474300e-04	3.114358e-05	9.440657e-07	5.106120e-12	5.201442e-09	3.633219e-13
334	1.867484e-01	1.494594e-04	2.709050e-05	1.431104e-06	8.138518e-12	2.874896e-09	3.628559e-12
335	1.864963e-01	1.513551e-04	2.697815e-05	6.435327e-07	1.689728e-12	-9.682552e-10	2.082004e-12
336	1.872148e-01	1.655133e-04	2.866144e-05	1.025362e-06	5.540466e-12	4.383702e-09	4.485026e-13
337	1.868834e-01	1.573470e-04	2.868427e-05	8.318156e-07	3.857622e-12	2.876788e-09	1.275896e-12
338	1.865436e-01	1.694063e-04	2.876029e-05	9.719811e-07	5.084126e-12	4.826801e-09	7.493728e-13
339	1.867005e-01	1.439919e-04	3.189453e-05	1.050845e-06	3.346688e-12	-6.852362e-10	5.080437e-12
340	1.869112e-01	1.608628e-04	2.976419e-05	1.138430e-06	6.484671e-12	4.914167e-09	1.365300e-12
341	1.868383e-01	1.502222e-04	2.891829e-05	9.293079e-07	3.424015e-12	4.471478e-10	3.388932e-12
342	1.867640e-01	1.550016e-04	2.658790e-05	9.139679e-07	4.217308e-12	2.470922e-09	1.585377e-12
343	1.870265e-01	1.623753e-04	3.152306e-05	8.132996e-07	3.817691e-12	2.922185e-09	1.543841e-12
344	1.869704e-01	1.571324e-04	3.274100e-05	1.211090e-06	6.806005e-12	4.491119e-09	3.440616e-12
345	1.871003e-01	1.563574e-04	2.773748e-05	8.136884e-07	3.332677e-12	1.146521e-09	1.958671e-12
346	1.869673e-01	1.592409e-04	3.118417e-05	1.100759e-06	5.776681e-12	2.552158e-09	2.867411e-12
347	1.870163e-01	1.647503e-04	2.969228e-05	9.505786e-07	3.849064e-12	1.253533e-10	3.269352e-12
348	1.868900e-01	1.531513e-04	3.089443e-05	1.012214e-06	4.344827e-12	7.515652e-10	3.628062e-12
349	1.868295e-01	1.628687e-04	2.662292e-05	6.873824e-07	2.806186e-12	2.074403e-09	8.786522e-13
350	1.868533e-01	1.362648e-04	2.874287e-05	9.794053e-07	4.581740e-12	2.346232e-09	2.451733e-12
351	1.867328e-01	1.574570e-04	3.200735e-05	9.833996e-07	4.270611e-12	6.544008e-10	3.493071e-12
352	1.865510e-01	1.485911e-04	2.467055e-05	1.010645e-06	4.483390e-12	1.542802e-09	2.316463e-12
353	1.869191e-01	1.514794e-04	3.044406e-05	8.515890e-07	4.106574e-12	3.355632e-09	1.391965e-12
354	1.867783e-01	1.445059e-04	2.980969e-05	9.379729e-07	3.634801e-12	6.413501e-10	3.374587e-12
355	1.866486e-01	1.696555e-04	2.850522e-05	1.039486e-06	5.637721e-12	6.330992e-09	-4.827374e-13
356	1.867563e-01	1.663075e-04	3.262518e-05	8.992774e-07	4.512798e-12	2.974924e-09	1.833350e-12
357	1.868645e-01	1.530821e-04	2.690051e-05	9.971073e-07	4.910670e-12	3.032422e-09	1.597830e-12
358	1.867882e-01	1.663375e-04	2.634530e-05	9.240550e-07	7.401912e-14	-4.780288e-09	4.558701e-12
359	1.872430e-01	1.574234e-04	2.768129e-05	2.110458e-06	7.055524e-12	-7.058336e-09	1.450603e-11
