0.00	+2.048e-01	+4.931e-03	+4.969e-03	+1.164e-04	-5.775e-08	-5.969e-06	+6.708e-08
1.00	+2.010e-01	+4.534e-03	+4.366e-03	+1.074e-04	-3.857e-08	-4.616e-06	+6.258e-08
2.00	+2.010e-01	+4.534e-03	+4.366e-03	+1.074e-04	-3.857e-08	-4.616e-06	+6.258e-08
3.00	+2.001e-01	+4.440e-03	+4.239e-03	+1.065e-04	-3.398e-08	-4.261e-06	+6.299e-08
4.00	+1.997e-01	+4.346e-03	+4.145e-03	+9.065e-05	-3.426e-08	-4.283e-06	+4.374e-08
5.00	+2.028e-01	+4.524e-03	+4.659e-03	+9.829e-05	-3.209e-08	-4.168e-06	+5.826e-08
6.00	+2.031e-01	+4.569e-03	+4.679e-03	+9.511e-05	-2.846e-08	-3.714e-06	+5.671e-08
7.00	+2.029e-01	+4.708e-03	+4.590e-03	+9.823e-05	-4.505e-08	-5.039e-06	+4.818e-08
8.00	+2.029e-01	+4.655e-03	+4.629e-03	+1.013e-04	-5.174e-08	-5.528e-06	+4.622e-08
9.00	+2.037e-01	+4.772e-03	+4.757e-03	+1.079e-04	-5.634e-08	-5.878e-06	+5.285e-08
10.00	+2.038e-01	+4.788e-03	+4.741e-03	+1.048e-04	-4.683e-08	-5.268e-06	+5.706e-08
11.00	+2.033e-01	+4.556e-03	+4.756e-03	+9.962e-05	-4.801e-08	-5.102e-06	+4.896e-08
12.00	+2.024e-01	+4.708e-03	+4.496e-03	+9.781e-05	-4.280e-08	-4.922e-06	+4.874e-08
13.00	+2.038e-01	+4.802e-03	+4.765e-03	+1.092e-04	-5.374e-08	-5.801e-06	+5.757e-08
14.00	+2.030e-01	+4.649e-03	+4.684e-03	+1.082e-04	-5.338e-08	-5.679e-06	+5.552e-08
15.00	+2.041e-01	+4.683e-03	+4.839e-03	+9.986e-05	-4.220e-08	-4.695e-06	+5.512e-08
16.00	+2.039e-01	+4.808e-03	+4.769e-03	+1.021e-04	-4.952e-08	-5.383e-06	+5.116e-08
17.00	+2.032e-01	+4.791e-03	+4.599e-03	+9.549e-05	-4.710e-08	-5.212e-06	+4.226e-08
18.00	+2.040e-01	+4.752e-03	+4.822e-03	+1.115e-04	-5.395e-08	-5.648e-06	+6.141e-08
19.00	+2.044e-01	+5.049e-03	+4.743e-03	+1.089e-04	-5.700e-08	-6.032e-06	+5.364e-08
20.00	+2.040e-01	+4.841e-03	+4.800e-03	+1.138e-04	-4.429e-08	-5.085e-06	+7.151e-08
21.00	+2.035e-01	+4.749e-03	+4.708e-03	+9.850e-05	-4.979e-08	-5.410e-06	+4.495e-08
22.00	+2.028e-01	+4.558e-03	+4.676e-03	+1.029e-04	-4.132e-08	-4.735e-06	+5.818e-08
23.00	+2.027e-01	+4.555e-03	+4.677e-03	+1.107e-04	-3.934e-08	-4.734e-06	+6.926e-08
24.00	+2.042e-01	+4.864e-03	+4.797e-03	+1.071e-04	-4.597e-08	-5.219e-06	+6.154e-08
25.00	+2.035e-01	+4.646e-03	+4.746e-03	+1.039e-04	-3.846e-08	-4.524e-06	+6.198e-08
26.00	+2.025e-01	+4.677e-03	+4.542e-03	+9.521e-05	-4.926e-08	-5.373e-06	+3.864e-08
27.00	+2.014e-01	+4.335e-03	+4.477e-03	+8.874e-05	-4.589e-08	-4.950e-06	+3.198e-08
28.00	+2.042e-01	+5.022e-03	+4.724e-03	+1.130e-04	-4.155e-08	-4.978e-06	+7.138e-08
29.00	+2.032e-01	+4.415e-03	+4.792e-03	+1.060e-04	-5.089e-08	-5.183e-06	+5.583e-08
30.00	+2.048e-01	+5.402e-03	+4.730e-03	+1.295e-04	-5.221e-08	-6.097e-06	+8.688e-08
31.00	+2.034e-01	+4.796e-03	+4.670e-03	+1.036e-04	-4.520e-08	-5.058e-06	+5.611e-08
32.00	+2.016e-01	+4.323e-03	+4.536e-03	+9.013e-05	-4.262e-08	-4.675e-06	+3.879e-08
33.00	+2.040e-01	+4.925e-03	+4.737e-03	+1.034e-04	-5.539e-08	-5.897e-06	+4.660e-08
34.00	+2.013e-01	+4.471e-03	+4.376e-03	+9.360e-05	-3.603e-08	-4.441e-06	+4.786e-08
35.00	+2.027e-01	+4.535e-03	+4.626e-03	+9.497e-05	-4.387e-08	-4.937e-06	+4.515e-08
36.00	+2.026e-01	+4.597e-03	+4.581e-03	+9.758e-05	-4.136e-08	-4.849e-06	+5.046e-08
37.00	+2.040e-01	+4.725e-03	+4.804e-03	+1.044e-04	-6.118e-08	-6.204e-06	+4.155e-08
38.00	+2.022e-01	+4.506e-03	+4.502e-03	+8.909e-05	-3.360e-08	-4.144e-06	+4.533e-08
39.00	+2.024e-01	+4.998e-03	+4.395e-03	+9.848e-05	-4.796e-08	-5.403e-06	+4.356e-08
40.00	+2.041e-01	+4.816e-03	+4.814e-03	+1.083e-04	-5.170e-08	-5.555e-06	+5.869e-08
41.00	+2.034e-01	+4.706e-03	+4.748e-03	+1.076e-04	-5.774e-08	-5.971e-06	+5.072e-08
42.00	+2.045e-01	+4.883e-03	+4.874e-03	+1.110e-04	-5.243e-08	-5.722e-06	+6.253e-08
43.00	+2.038e-01	+4.666e-03	+4.786e-03	+1.001e-04	-4.464e-08	-4.966e-06	+5.302e-08
44.00	+2.035e-01	+4.746e-03	+4.686e-03	+9.677e-05	-5.046e-08	-5.435e-06	+4.123e-08
45.00	+2.056e-01	+4.900e-03	+5.065e-03	+1.104e-04	-5.100e-08	-5.345e-06	+6.486e-08
46.00	+2.036e-01	+4.804e-03	+4.753e-03	+1.090e-04	-6.734e-08	-6.644e-06	+4.020e-08
47.00	+2.025e-01	+4.663e-03	+4.559e-03	+1.011e-04	-4.587e-08	-5.169e-06	+5.102e-08
48.00	+2.032e-01	+4.707e-03	+4.695e-03	+1.071e-04	-5.616e-08	-5.817e-06	+5.117e-08
49.00	+2.025e-01	+4.797e-03	+4.480e-03	+1.005e-04	-5.235e-08	-5.682e-06	+4.253e-08
50.00	+2.033e-01	+4.996e-03	+4.592e-03	+1.079e-04	-4.713e-08	-5.414e-06	+5.957e-08
51.00	+2.028e-01	+5.069e-03	+4.471e-03	+1.071e-04	-6.080e-08	-6.528e-06	+4.243e-08
52.00	+2.019e-01	+4.622e-03	+4.483e-03	+9.772e-05	-4.865e-08	-5.308e-06	+4.261e-08
53.00	+2.039e-01	+4.653e-03	+4.858e-03	+1.226e-04	-1.875e-08	-3.276e-06	+9.276e-08
54.00	+2.028e-01	+4.769e-03	+4.594e-03	+1.036e-04	-4.138e-08	-4.890e-06	+5.828e-08
55.00	+2.021e-01	+4.472e-03	+4.578e-03	+9.747e-05	-4.358e-08	-4.788e-06	+4.838e-08
56.00	+2.036e-01	+4.630e-03	+4.797e-03	+1.005e-04	-5.137e-08	-5.383e-06	+4.729e-08
57.00	+2.024e-01	+4.747e-03	+4.518e-03	+1.001e-04	-4.196e-08	-4.882e-06	+5.269e-08
58.00	+2.031e-01	+4.552e-03	+4.718e-03	+9.698e-05	-5.176e-08	-5.395e-06	+4.031e-08
59.00	+2.023e-01	+4.414e-03	+4.616e-03	+9.963e-05	-3.506e-08	-4.199e-06	+5.776e-08
60.00	+2.027e-01	+4.583e-03	+4.649e-03	+1.060e-04	-4.868e-08	-5.399e-06	+5.631e-08
61.00	+2.054e-01	+4.955e-03	+5.006e-03	+1.135e-04	-5.978e-08	-6.161e-06	+6.128e-08
62.00	+2.036e-01	+4.443e-03	+4.816e-03	+9.817e-05	-4.614e-08	-4.944e-06	+4.927e-08
63.00	+2.022e-01	+4.610e-03	+4.504e-03	+9.753e-05	-4.464e-08	-5.013e-06	+4.675e-08
64.00	+2.023e-01	+4.533e-03	+4.575e-03	+9.537e-05	-4.504e-08	-5.002e-06	+4.405e-08
65.00	+2.048e-01	+5.009e-03	+4.811e-03	+1.075e-04	-4.335e-08	-5.067e-06	+6.397e-08
66.00	+2.026e-01	+4.270e-03	+4.764e-03	+1.079e-04	-4.190e-08	-4.506e-06	+6.507e-08
67.00	+2.026e-01	+4.509e-03	+4.651e-03	+1.004e-04	-4.300e-08	-4.831e-06	+5.346e-08
68.00	+2.037e-01	+4.790e-03	+4.741e-03	+1.075e-04	-5.428e-08	-5.706e-06	+5.430e-08
69.00	+2.034e-01	+4.597e-03	+4.725e-03	+9.591e-05	-4.415e-08	-4.887e-06	+4.710e-08
70.00	+2.027e-01	+4.451e-03	+4.648e-03	+9.163e-05	-4.495e-08	-4.864e-06	+3.943e-08
71.00	+2.032e-01	+4.769e-03	+4.615e-03	+1.013e-04	-5.241e-08	-5.593e-06	+4.532e-08
72.00	+2.042e-01	+5.033e-03	+4.703e-03	+1.070e-04	-5.092e-08	-5.631e-06	+5.632e-08
73.00	+2.029e-01	+4.535e-03	+4.676e-03	+1.038e-04	-4.805e-08	-5.243e-06	+5.402e-08
74.00	+2.017e-01	+4.464e-03	+4.473e-03	+9.595e-05	-4.306e-08	-4.786e-06	+4.580e-08
75.00	+2.035e-01	+4.660e-03	+4.742e-03	+9.987e-05	-4.864e-08	-5.302e-06	+4.856e-08
76.00	+2.016e-01	+4.361e-03	+4.514e-03	+9.353e-05	-4.939e-08	-5.221e-06	+3.540e-08
77.00	+2.039e-01	+4.884e-03	+4.733e-03	+1.028e-04	-4.725e-08	-5.278e-06	+5.401e-08
78.00	+2.036e-01	+4.719e-03	+4.742e-03	+1.034e-04	-4.451e-08	-4.972e-06	+5.706e-08
79.00	+2.029e-01	+4.607e-03	+4.641e-03	+9.891e-05	-4.638e-08	-5.035e-06	+4.838e-08
80.00	+2.025e-01	+4.688e-03	+4.570e-03	+1.043e-04	-4.680e-08	-5.207e-06	+5.469e-08
81.00	+2.027e-01	+4.729e-03	+4.588e-03	+1.071e-04	-4.500e-08	-5.115e-06	+6.010e-08
82.00	+2.036e-01	+4.878e-03	+4.700e-03	+1.076e-04	-5.648e-08	-5.904e-06	+5.170e-08
83.00	+2.048e-01	+4.907e-03	+4.936e-03	+1.199e-04	-6.212e-08	-6.276e-06	+6.813e-08
84.00	+2.028e-01	+4.768e-03	+4.558e-03	+1.027e-04	-4.131e-08	-4.837e-06	+5.679e-08
85.00	+2.032e-01	+4.756e-03	+4.646e-03	+9.631e-05	-5.339e-08	-5.615e-06	+3.606e-08
86.00	+2.036e-01	+4.627e-03	+4.761e-03	+9.177e-05	-5.446e-08	-5.542e-06	+2.672e-08
87.00	+2.050e-01	+4.806e-03	+4.955e-03	+1.006e-04	-3.926e-08	-4.607e-06	+5.912e-08
88.00	+2.063e-01	+5.011e-03	+5.122e-03	+1.016e-04	-4.902e-08	-5.385e-06	+5.444e-08
89.00	+2.063e-01	+5.011e-03	+5.122e-03	+1.016e-04	-4.902e-08	-5.385e-06	+5.444e-08
90.00	+2.048e-01	+4.931e-03	+4.969e-03	+1.164e-04	-5.775e-08	-5.969e-06	+6.708e-08
91.00	+2.010e-01	+4.534e-03	+4.366e-03	+1.074e-04	-3.857e-08	-4.616e-06	+6.258e-08
92.00	+2.010e-01	+4.534e-03	+4.366e-03	+1.074e-04	-3.857e-08	-4.616e-06	+6.258e-08
93.00	+2.001e-01	+4.440e-03	+4.239e-03	+1.065e-04	-3.398e-08	-4.261e-06	+6.299e-08
94.00	+1.997e-01	+4.346e-03	+4.145e-03	+9.065e-05	-3.426e-08	-4.283e-06	+4.374e-08
95.00	+2.028e-01	+4.524e-03	+4.659e-03	+9.829e-05	-3.209e-08	-4.168e-06	+5.826e-08
96.00	+2.031e-01	+4.569e-03	+4.679e-03	+9.511e-05	-2.846e-08	-3.714e-06	+5.671e-08
97.00	+2.029e-01	+4.708e-03	+4.590e-03	+9.823e-05	-4.505e-08	-5.039e-06	+4.818e-08
98.00	+2.029e-01	+4.655e-03	+4.629e-03	+1.013e-04	-5.174e-08	-5.528e-06	+4.622e-08
99.00	+2.037e-01	+4.772e-03	+4.757e-03	+1.079e-04	-5.634e-08	-5.878e-06	+5.285e-08
100.00	+2.038e-01	+4.788e-03	+4.741e-03	+1.048e-04	-4.683e-08	-5.268e-06	+5.706e-08
101.00	+2.033e-01	+4.556e-03	+4.756e-03	+9.962e-05	-4.801e-08	-5.102e-06	+4.896e-08
102.00	+2.024e-01	+4.708e-03	+4.496e-03	+9.781e-05	-4.280e-08	-4.922e-06	+4.874e-08
103.00	+2.038e-01	+4.802e-03	+4.765e-03	+1.092e-04	-5.374e-08	-5.801e-06	+5.757e-08
104.00	+2.030e-01	+4.649e-03	+4.684e-03	+1.082e-04	-5.338e-08	-5.679e-06	+5.552e-08
105.00	+2.041e-01	+4.683e-03	+4.839e-03	+9.986e-05	-4.220e-08	-4.695e-06	+5.512e-08
106.00	+2.043e-01	+4.852e-03	+4.812e-03	+1.023e-04	-4.762e-08	-5.248e-06	+5.374e-08
107.00	+2.030e-01	+4.710e-03	+4.611e-03	+9.602e-05	-4.737e-08	-5.204e-06	+4.288e-08
108.00	+2.040e-01	+4.752e-03	+4.822e-03	+1.115e-04	-5.395e-08	-5.648e-06	+6.141e-08
109.00	+2.044e-01	+5.049e-03	+4.743e-03	+1.089e-04	-5.700e-08	-6.032e-06	+5.364e-08
110.00	+2.040e-01	+4.841e-03	+4.800e-03	+1.138e-04	-4.429e-08	-5.085e-06	+7.151e-08
111.00	+2.035e-01	+4.749e-03	+4.708e-03	+9.850e-05	-4.979e-08	-5.410e-06	+4.495e-08
112.00	+2.028e-01	+4.558e-03	+4.676e-03	+1.029e-04	-4.132e-08	-4.735e-06	+5.818e-08
113.00	+2.027e-01	+4.555e-03	+4.677e-03	+1.107e-04	-3.934e-08	-4.734e-06	+6.926e-08
114.00	+2.042e-01	+4.864e-03	+4.797e-03	+1.071e-04	-4.597e-08	-5.219e-06	+6.154e-08
115.00	+2.035e-01	+4.646e-03	+4.746e-03	+1.039e-04	-3.846e-08	-4.524e-06	+6.198e-08
116.00	+2.025e-01	+4.677e-03	+4.542e-03	+9.521e-05	-4.926e-08	-5.373e-06	+3.864e-08
117.00	+2.014e-01	+4.335e-03	+4.477e-03	+8.874e-05	-4.589e-08	-4.950e-06	+3.198e-08
118.00	+2.042e-01	+5.022e-03	+4.724e-03	+1.130e-04	-4.155e-08	-4.978e-06	+7.138e-08
119.00	+2.032e-01	+4.415e-03	+4.792e-03	+1.060e-04	-5.089e-08	-5.183e-06	+5.583e-08
120.00	+2.048e-01	+5.402e-03	+4.730e-03	+1.295e-04	-5.221e-08	-6.097e-06	+8.688e-08
121.00	+2.034e-01	+4.796e-03	+4.670e-03	+1.036e-04	-4.520e-08	-5.058e-06	+5.611e-08
122.00	+2.016e-01	+4.323e-03	+4.536e-03	+9.013e-05	-4.262e-08	-4.675e-06	+3.879e-08
123.00	+2.040e-01	+4.925e-03	+4.737e-03	+1.034e-04	-5.539e-08	-5.897e-06	+4.660e-08
124.00	+2.013e-01	+4.471e-03	+4.376e-03	+9.360e-05	-3.603e-08	-4.441e-06	+4.786e-08
125.00	+2.027e-01	+4.535e-03	+4.626e-03	+9.497e-05	-4.387e-08	-4.937e-06	+4.515e-08
126.00	+2.031e-01	+4.658e-03	+4.649e-03	+1.012e-04	-4.414e-08	-5.075e-06	+5.356e-08
127.00	+2.041e-01	+4.738e-03	+4.831e-03	+1.063e-04	-6.172e-08	-6.269e-06	+4.469e-08
128.00	+2.022e-01	+4.506e-03	+4.502e-03	+8.909e-05	-3.360e-08	-4.144e-06	+4.533e-08
129.00	+2.024e-01	+4.998e-03	+4.395e-03	+9.848e-05	-4.796e-08	-5.403e-06	+4.356e-08
130.00	+2.041e-01	+4.816e-03	+4.814e-03	+1.083e-04	-5.170e-08	-5.555e-06	+5.869e-08
131.00	+2.034e-01	+4.706e-03	+4.748e-03	+1.076e-04	-5.774e-08	-5.971e-06	+5.072e-08
132.00	+2.045e-01	+4.883e-03	+4.874e-03	+1.110e-04	-5.243e-08	-5.722e-06	+6.253e-08
133.00	+2.038e-01	+4.666e-03	+4.786e-03	+1.001e-04	-4.464e-08	-4.966e-06	+5.302e-08
134.00	+2.035e-01	+4.746e-03	+4.686e-03	+9.677e-05	-5.046e-08	-5.435e-06	+4.123e-08
135.00	+2.056e-01	+4.900e-03	+5.065e-03	+1.104e-04	-5.100e-08	-5.345e-06	+6.486e-08
136.00	+2.036e-01	+4.804e-03	+4.753e-03	+1.090e-04	-6.734e-08	-6.644e-06	+4.020e-08
137.00	+2.025e-01	+4.663e-03	+4.559e-03	+1.011e-04	-4.587e-08	-5.169e-06	+5.102e-08
138.00	+2.032e-01	+4.707e-03	+4.695e-03	+1.071e-04	-5.616e-08	-5.817e-06	+5.117e-08
139.00	+2.025e-01	+4.797e-03	+4.480e-03	+1.005e-04	-5.235e-08	-5.682e-06	+4.253e-08
140.00	+2.033e-01	+4.996e-03	+4.592e-03	+1.079e-04	-4.713e-08	-5.414e-06	+5.957e-08
141.00	+2.028e-01	+5.069e-03	+4.471e-03	+1.071e-04	-6.080e-08	-6.528e-06	+4.243e-08
142.00	+2.019e-01	+4.622e-03	+4.483e-03	+9.772e-05	-4.865e-08	-5.308e-06	+4.261e-08
143.00	+2.039e-01	+4.653e-03	+4.858e-03	+1.226e-04	-1.875e-08	-3.276e-06	+9.276e-08
144.00	+2.028e-01	+4.769e-03	+4.594e-03	+1.036e-04	-4.138e-08	-4.890e-06	+5.828e-08
145.00	+2.021e-01	+4.472e-03	+4.578e-03	+9.747e-05	-4.358e-08	-4.788e-06	+4.838e-08
146.00	+2.036e-01	+4.630e-03	+4.797e-03	+1.005e-04	-5.137e-08	-5.383e-06	+4.729e-08
147.00	+2.024e-01	+4.747e-03	+4.518e-03	+1.001e-04	-4.196e-08	-4.882e-06	+5.269e-08
148.00	+2.031e-01	+4.552e-03	+4.718e-03	+9.698e-05	-5.176e-08	-5.395e-06	+4.031e-08
149.00	+2.028e-01	+4.530e-03	+4.672e-03	+1.038e-04	-3.331e-08	-4.125e-06	+6.415e-08
150.00	+2.027e-01	+4.583e-03	+4.649e-03	+1.060e-04	-4.868e-08	-5.399e-06	+5.631e-08
151.00	+2.054e-01	+4.955e-03	+5.006e-03	+1.135e-04	-5.978e-08	-6.161e-06	+6.128e-08
152.00	+2.036e-01	+4.443e-03	+4.816e-03	+9.817e-05	-4.614e-08	-4.944e-06	+4.927e-08
153.00	+2.022e-01	+4.610e-03	+4.504e-03	+9.753e-05	-4.464e-08	-5.013e-06	+4.675e-08
154.00	+2.023e-01	+4.533e-03	+4.575e-03	+9.537e-05	-4.504e-08	-5.002e-06	+4.405e-08
155.00	+2.048e-01	+5.009e-03	+4.811e-03	+1.075e-04	-4.335e-08	-5.067e-06	+6.397e-08
156.00	+2.026e-01	+4.270e-03	+4.764e-03	+1.079e-04	-4.190e-08	-4.506e-06	+6.507e-08
157.00	+2.026e-01	+4.509e-03	+4.651e-03	+1.004e-04	-4.300e-08	-4.831e-06	+5.346e-08
158.00	+2.037e-01	+4.790e-03	+4.741e-03	+1.075e-04	-5.428e-08	-5.706e-06	+5.430e-08
159.00	+2.034e-01	+4.597e-03	+4.725e-03	+9.591e-05	-4.415e-08	-4.887e-06	+4.710e-08
160.00	+2.027e-01	+4.451e-03	+4.648e-03	+9.163e-05	-4.495e-08	-4.864e-06	+3.943e-08
161.00	+2.032e-01	+4.769e-03	+4.615e-03	+1.013e-04	-5.241e-08	-5.593e-06	+4.532e-08
162.00	+2.042e-01	+5.033e-03	+4.703e-03	+1.070e-04	-5.092e-08	-5.631e-06	+5.632e-08
163.00	+2.029e-01	+4.535e-03	+4.676e-03	+1.038e-04	-4.805e-08	-5.243e-06	+5.402e-08
164.00	+2.017e-01	+4.464e-03	+4.473e-03	+9.595e-05	-4.306e-08	-4.786e-06	+4.580e-08
165.00	+2.035e-01	+4.660e-03	+4.742e-03	+9.987e-05	-4.864e-08	-5.302e-06	+4.856e-08
166.00	+2.016e-01	+4.361e-03	+4.514e-03	+9.353e-05	-4.939e-08	-5.221e-06	+3.540e-08
167.00	+2.039e-01	+4.884e-03	+4.733e-03	+1.028e-04	-4.725e-08	-5.278e-06	+5.401e-08
168.00	+2.036e-01	+4.719e-03	+4.742e-03	+1.034e-04	-4.451e-08	-4.972e-06	+5.706e-08
169.00	+2.029e-01	+4.607e-03	+4.641e-03	+9.891e-05	-4.638e-08	-5.035e-06	+4.838e-08
170.00	+2.025e-01	+4.688e-03	+4.570e-03	+1.043e-04	-4.680e-08	-5.207e-06	+5.469e-08
171.00	+2.027e-01	+4.729e-03	+4.588e-03	+1.071e-04	-4.500e-08	-5.115e-06	+6.010e-08
172.00	+2.036e-01	+4.878e-03	+4.700e-03	+1.076e-04	-5.648e-08	-5.904e-06	+5.170e-08
173.00	+2.048e-01	+4.907e-03	+4.936e-03	+1.199e-04	-6.212e-08	-6.276e-06	+6.813e-08
174.00	+2.028e-01	+4.768e-03	+4.558e-03	+1.027e-04	-4.131e-08	-4.837e-06	+5.679e-08
175.00	+2.032e-01	+4.756e-03	+4.646e-03	+9.631e-05	-5.339e-08	-5.615e-06	+3.606e-08
176.00	+2.036e-01	+4.627e-03	+4.761e-03	+9.177e-05	-5.446e-08	-5.542e-06	+2.672e-08
177.00	+2.050e-01	+4.806e-03	+4.955e-03	+1.006e-04	-3.926e-08	-4.607e-06	+5.912e-08
178.00	+2.063e-01	+5.011e-03	+5.122e-03	+1.016e-04	-4.902e-08	-5.385e-06	+5.444e-08
179.00	+2.063e-01	+5.011e-03	+5.122e-03	+1.016e-04	-4.902e-08	-5.385e-06	+5.444e-08
180.00	+2.048e-01	+4.931e-03	+4.969e-03	+1.164e-04	-5.775e-08	-5.969e-06	+6.708e-08
181.00	+2.010e-01	+4.534e-03	+4.366e-03	+1.074e-04	-3.857e-08	-4.616e-06	+6.258e-08
182.00	+2.010e-01	+4.534e-03	+4.366e-03	+1.074e-04	-3.857e-08	-4.616e-06	+6.258e-08
183.00	+2.001e-01	+4.440e-03	+4.239e-03	+1.065e-04	-3.398e-08	-4.261e-06	+6.299e-08
184.00	+1.997e-01	+4.346e-03	+4.145e-03	+9.065e-05	-3.426e-08	-4.283e-06	+4.374e-08
185.00	+2.028e-01	+4.524e-03	+4.659e-03	+9.829e-05	-3.209e-08	-4.168e-06	+5.826e-08
186.00	+2.031e-01	+4.569e-03	+4.679e-03	+9.511e-05	-2.846e-08	-3.714e-06	+5.671e-08
187.00	+2.029e-01	+4.708e-03	+4.590e-03	+9.823e-05	-4.505e-08	-5.039e-06	+4.818e-08
188.00	+2.029e-01	+4.655e-03	+4.629e-03	+1.013e-04	-5.174e-08	-5.528e-06	+4.622e-08
189.00	+2.037e-01	+4.772e-03	+4.757e-03	+1.079e-04	-5.634e-08	-5.878e-06	+5.285e-08
190.00	+2.038e-01	+4.788e-03	+4.741e-03	+1.048e-04	-4.683e-08	-5.268e-06	+5.706e-08
191.00	+2.033e-01	+4.556e-03	+4.756e-03	+9.962e-05	-4.801e-08	-5.102e-06	+4.896e-08
192.00	+2.024e-01	+4.708e-03	+4.496e-03	+9.781e-05	-4.280e-08	-4.922e-06	+4.874e-08
193.00	+2.038e-01	+4.802e-03	+4.765e-03	+1.092e-04	-5.374e-08	-5.801e-06	+5.757e-08
194.00	+2.030e-01	+4.649e-03	+4.684e-03	+1.082e-04	-5.338e-08	-5.679e-06	+5.552e-08
195.00	+2.041e-01	+4.683e-03	+4.839e-03	+9.986e-05	-4.220e-08	-4.695e-06	+5.512e-08
196.00	+2.043e-01	+4.852e-03	+4.812e-03	+1.023e-04	-4.762e-08	-5.248e-06	+5.374e-08
197.00	+2.030e-01	+4.710e-03	+4.611e-03	+9.602e-05	-4.737e-08	-5.204e-06	+4.288e-08
198.00	+2.040e-01	+4.752e-03	+4.822e-03	+1.115e-04	-5.395e-08	-5.648e-06	+6.141e-08
199.00	+2.044e-01	+5.049e-03	+4.743e-03	+1.089e-04	-5.700e-08	-6.032e-06	+5.364e-08
200.00	+2.040e-01	+4.841e-03	+4.800e-03	+1.138e-04	-4.429e-08	-5.085e-06	+7.151e-08
201.00	+2.035e-01	+4.749e-03	+4.708e-03	+9.850e-05	-4.979e-08	-5.410e-06	+4.495e-08
202.00	+2.028e-01	+4.558e-03	+4.676e-03	+1.029e-04	-4.132e-08	-4.735e-06	+5.818e-08
203.00	+2.027e-01	+4.555e-03	+4.677e-03	+1.107e-04	-3.934e-08	-4.734e-06	+6.926e-08
204.00	+2.042e-01	+4.864e-03	+4.797e-03	+1.071e-04	-4.597e-08	-5.219e-06	+6.154e-08
205.00	+2.035e-01	+4.646e-03	+4.746e-03	+1.039e-04	-3.846e-08	-4.524e-06	+6.198e-08
206.00	+2.025e-01	+4.677e-03	+4.542e-03	+9.521e-05	-4.926e-08	-5.373e-06	+3.864e-08
207.00	+2.014e-01	+4.335e-03	+4.477e-03	+8.874e-05	-4.589e-08	-4.950e-06	+3.198e-08
208.00	+2.042e-01	+5.022e-03	+4.724e-03	+1.130e-04	-4.155e-08	-4.978e-06	+7.138e-08
209.00	+2.030e-01	+4.451e-03	+4.733e-03	+1.040e-04	-5.155e-08	-5.257e-06	+5.170e-08
210.00	+2.048e-01	+5.402e-03	+4.730e-03	+1.295e-04	-5.221e-08	-6.097e-06	+8.688e-08
211.00	+2.034e-01	+4.796e-03	+4.670e-03	+1.036e-04	-4.520e-08	-5.058e-06	+5.611e-08
212.00	+2.016e-01	+4.323e-03	+4.536e-03	+9.013e-05	-4.262e-08	-4.675e-06	+3.879e-08
213.00	+2.040e-01	+4.925e-03	+4.737e-03	+1.034e-04	-5.539e-08	-5.897e-06	+4.660e-08
214.00	+2.013e-01	+4.471e-03	+4.376e-03	+9.360e-05	-3.603e-08	-4.441e-06	+4.786e-08
215.00	+2.027e-01	+4.535e-03	+4.626e-03	+9.497e-05	-4.387e-08	-4.937e-06	+4.515e-08
216.00	+2.031e-01	+4.658e-03	+4.649e-03	+1.012e-04	-4.414e-08	-5.075e-06	+5.356e-08
217.00	+2.043e-01	+4.783e-03	+4.836e-03	+1.044e-04	-5.993e-08	-6.127e-06	+4.363e-08
218.00	+2.022e-01	+4.506e-03	+4.502e-03	+8.909e-05	-3.360e-08	-4.144e-06	+4.533e-08
219.00	+2.024e-01	+4.998e-03	+4.395e-03	+9.848e-05	-4.796e-08	-5.403e-06	+4.356e-08
220.00	+2.041e-01	+4.816e-03	+4.814e-03	+1.083e-04	-5.170e-08	-5.555e-06	+5.869e-08
221.00	+2.034e-01	+4.706e-03	+4.748e-03	+1.076e-04	-5.774e-08	-5.971e-06	+5.072e-08
222.00	+2.045e-01	+4.883e-03	+4.874e-03	+1.110e-04	-5.243e-08	-5.722e-06	+6.253e-08
223.00	+2.038e-01	+4.666e-03	+4.786e-03	+1.001e-04	-4.464e-08	-4.966e-06	+5.302e-08
224.00	+2.035e-01	+4.746e-03	+4.686e-03	+9.677e-05	-5.046e-08	-5.435e-06	+4.123e-08
225.00	+2.056e-01	+4.900e-03	+5.065e-03	+1.104e-04	-5.100e-08	-5.345e-06	+6.486e-08
226.00	+2.036e-01	+4.804e-03	+4.753e-03	+1.090e-04	-6.734e-08	-6.644e-06	+4.020e-08
227.00	+2.025e-01	+4.663e-03	+4.559e-03	+1.011e-04	-4.587e-08	-5.169e-06	+5.102e-08
228.00	+2.032e-01	+4.707e-03	+4.695e-03	+1.071e-04	-5.616e-08	-5.817e-06	+5.117e-08
229.00	+2.025e-01	+4.797e-03	+4.480e-03	+1.005e-04	-5.235e-08	-5.682e-06	+4.253e-08
230.00	+2.033e-01	+4.996e-03	+4.592e-03	+1.079e-04	-4.713e-08	-5.414e-06	+5.957e-08
231.00	+2.028e-01	+5.069e-03	+4.471e-03	+1.071e-04	-6.080e-08	-6.528e-06	+4.243e-08
232.00	+2.019e-01	+4.622e-03	+4.483e-03	+9.772e-05	-4.865e-08	-5.308e-06	+4.261e-08
233.00	+2.039e-01	+4.653e-03	+4.858e-03	+1.226e-04	-1.875e-08	-3.276e-06	+9.276e-08
234.00	+2.028e-01	+4.769e-03	+4.594e-03	+1.036e-04	-4.138e-08	-4.890e-06	+5.828e-08
235.00	+2.021e-01	+4.472e-03	+4.578e-03	+9.747e-05	-4.358e-08	-4.788e-06	+4.838e-08
236.00	+2.036e-01	+4.630e-03	+4.797e-03	+1.005e-04	-5.137e-08	-5.383e-06	+4.729e-08
237.00	+2.024e-01	+4.747e-03	+4.518e-03	+1.001e-04	-4.196e-08	-4.882e-06	+5.269e-08
238.00	+2.031e-01	+4.552e-03	+4.718e-03	+9.698e-05	-5.176e-08	-5.395e-06	+4.031e-08
239.00	+2.028e-01	+4.530e-03	+4.672e-03	+1.038e-04	-3.331e-08	-4.125e-06	+6.415e-08
240.00	+2.027e-01	+4.583e-03	+4.649e-03	+1.060e-04	-4.868e-08	-5.399e-06	+5.631e-08
241.00	+2.054e-01	+4.955e-03	+5.006e-03	+1.135e-04	-5.978e-08	-6.161e-06	+6.128e-08
242.00	+2.036e-01	+4.443e-03	+4.816e-03	+9.817e-05	-4.614e-08	-4.944e-06	+4.927e-08
243.00	+2.022e-01	+4.610e-03	+4.504e-03	+9.753e-05	-4.464e-08	-5.013e-06	+4.675e-08
244.00	+2.023e-01	+4.533e-03	+4.575e-03	+9.537e-05	-4.504e-08	-5.002e-06	+4.405e-08
245.00	+2.048e-01	+5.009e-03	+4.811e-03	+1.075e-04	-4.335e-08	-5.067e-06	+6.397e-08
246.00	+2.026e-01	+4.270e-03	+4.764e-03	+1.079e-04	-4.190e-08	-4.506e-06	+6.507e-08
247.00	+2.026e-01	+4.509e-03	+4.651e-03	+1.004e-04	-4.300e-08	-4.831e-06	+5.346e-08
248.00	+2.037e-01	+4.790e-03	+4.741e-03	+1.075e-04	-5.428e-08	-5.706e-06	+5.430e-08
249.00	+2.034e-01	+4.597e-03	+4.725e-03	+9.591e-05	-4.415e-08	-4.887e-06	+4.710e-08
250.00	+2.027e-01	+4.451e-03	+4.648e-03	+9.163e-05	-4.495e-08	-4.864e-06	+3.943e-08
251.00	+2.032e-01	+4.769e-03	+4.615e-03	+1.013e-04	-5.241e-08	-5.593e-06	+4.532e-08
252.00	+2.042e-01	+5.033e-03	+4.703e-03	+1.070e-04	-5.092e-08	-5.631e-06	+5.632e-08
253.00	+2.029e-01	+4.535e-03	+4.676e-03	+1.038e-04	-4.805e-08	-5.243e-06	+5.402e-08
254.00	+2.017e-01	+4.464e-03	+4.473e-03	+9.595e-05	-4.306e-08	-4.786e-06	+4.580e-08
255.00	+2.035e-01	+4.660e-03	+4.742e-03	+9.987e-05	-4.864e-08	-5.302e-06	+4.856e-08
256.00	+2.016e-01	+4.361e-03	+4.514e-03	+9.353e-05	-4.939e-08	-5.221e-06	+3.540e-08
257.00	+2.039e-01	+4.884e-03	+4.733e-03	+1.028e-04	-4.725e-08	-5.278e-06	+5.401e-08
258.00	+2.036e-01	+4.719e-03	+4.742e-03	+1.034e-04	-4.451e-08	-4.972e-06	+5.706e-08
259.00	+2.029e-01	+4.607e-03	+4.641e-03	+9.891e-05	-4.638e-08	-5.035e-06	+4.838e-08
260.00	+2.025e-01	+4.688e-03	+4.570e-03	+1.043e-04	-4.680e-08	-5.207e-06	+5.469e-08
261.00	+2.027e-01	+4.729e-03	+4.588e-03	+1.071e-04	-4.500e-08	-5.115e-06	+6.010e-08
262.00	+2.036e-01	+4.878e-03	+4.700e-03	+1.076e-04	-5.648e-08	-5.904e-06	+5.170e-08
263.00	+2.048e-01	+4.907e-03	+4.936e-03	+1.199e-04	-6.212e-08	-6.276e-06	+6.813e-08
264.00	+2.028e-01	+4.768e-03	+4.558e-03	+1.027e-04	-4.131e-08	-4.837e-06	+5.679e-08
265.00	+2.032e-01	+4.756e-03	+4.646e-03	+9.631e-05	-5.339e-08	-5.615e-06	+3.606e-08
266.00	+2.036e-01	+4.627e-03	+4.761e-03	+9.177e-05	-5.446e-08	-5.542e-06	+2.672e-08
267.00	+2.050e-01	+4.806e-03	+4.955e-03	+1.006e-04	-3.926e-08	-4.607e-06	+5.912e-08
268.00	+2.063e-01	+5.011e-03	+5.122e-03	+1.016e-04	-4.902e-08	-5.385e-06	+5.444e-08
269.00	+2.063e-01	+5.011e-03	+5.122e-03	+1.016e-04	-4.902e-08	-5.385e-06	+5.444e-08
270.00	+2.048e-01	+4.931e-03	+4.969e-03	+1.164e-04	-5.775e-08	-5.969e-06	+6.708e-08
271.00	+2.010e-01	+4.534e-03	+4.366e-03	+1.074e-04	-3.857e-08	-4.616e-06	+6.258e-08
272.00	+2.010e-01	+4.534e-03	+4.366e-03	+1.074e-04	-3.857e-08	-4.616e-06	+6.258e-08
273.00	+2.001e-01	+4.440e-03	+4.239e-03	+1.065e-04	-3.398e-08	-4.261e-06	+6.299e-08
274.00	+1.997e-01	+4.346e-03	+4.145e-03	+9.065e-05	-3.426e-08	-4.283e-06	+4.374e-08
275.00	+2.028e-01	+4.524e-03	+4.659e-03	+9.829e-05	-3.209e-08	-4.168e-06	+5.826e-08
276.00	+2.031e-01	+4.569e-03	+4.679e-03	+9.511e-05	-2.846e-08	-3.714e-06	+5.671e-08
277.00	+2.029e-01	+4.708e-03	+4.590e-03	+9.823e-05	-4.505e-08	-5.039e-06	+4.818e-08
278.00	+2.029e-01	+4.655e-03	+4.629e-03	+1.013e-04	-5.174e-08	-5.528e-06	+4.622e-08
279.00	+2.037e-01	+4.772e-03	+4.757e-03	+1.079e-04	-5.634e-08	-5.878e-06	+5.285e-08
280.00	+2.038e-01	+4.788e-03	+4.741e-03	+1.048e-04	-4.683e-08	-5.268e-06	+5.706e-08
281.00	+2.033e-01	+4.556e-03	+4.756e-03	+9.962e-05	-4.801e-08	-5.102e-06	+4.896e-08
282.00	+2.024e-01	+4.708e-03	+4.496e-03	+9.781e-05	-4.280e-08	-4.922e-06	+4.874e-08
283.00	+2.038e-01	+4.802e-03	+4.765e-03	+1.092e-04	-5.374e-08	-5.801e-06	+5.757e-08
284.00	+2.030e-01	+4.649e-03	+4.684e-03	+1.082e-04	-5.338e-08	-5.679e-06	+5.552e-08
285.00	+2.041e-01	+4.683e-03	+4.839e-03	+9.986e-05	-4.220e-08	-4.695e-06	+5.512e-08
286.00	+2.039e-01	+4.808e-03	+4.769e-03	+1.021e-04	-4.952e-08	-5.383e-06	+5.116e-08
287.00	+2.030e-01	+4.710e-03	+4.611e-03	+9.602e-05	-4.737e-08	-5.204e-06	+4.288e-08
288.00	+2.040e-01	+4.752e-03	+4.822e-03	+1.115e-04	-5.395e-08	-5.648e-06	+6.141e-08
289.00	+2.044e-01	+5.049e-03	+4.743e-03	+1.089e-04	-5.700e-08	-6.032e-06	+5.364e-08
290.00	+2.040e-01	+4.841e-03	+4.800e-03	+1.138e-04	-4.429e-08	-5.085e-06	+7.151e-08
291.00	+2.035e-01	+4.749e-03	+4.708e-03	+9.850e-05	-4.979e-08	-5.410e-06	+4.495e-08
292.00	+2.028e-01	+4.558e-03	+4.676e-03	+1.029e-04	-4.132e-08	-4.735e-06	+5.818e-08
293.00	+2.027e-01	+4.555e-03	+4.677e-03	+1.107e-04	-3.934e-08	-4.734e-06	+6.926e-08
294.00	+2.042e-01	+4.864e-03	+4.797e-03	+1.071e-04	-4.597e-08	-5.219e-06	+6.154e-08
295.00	+2.035e-01	+4.646e-03	+4.746e-03	+1.039e-04	-3.846e-08	-4.524e-06	+6.198e-08
296.00	+2.025e-01	+4.677e-03	+4.542e-03	+9.521e-05	-4.926e-08	-5.373e-06	+3.864e-08
297.00	+2.014e-01	+4.335e-03	+4.477e-03	+8.874e-05	-4.589e-08	-4.950e-06	+3.198e-08
298.00	+2.042e-01	+5.022e-03	+4.724e-03	+1.130e-04	-4.155e-08	-4.978e-06	+7.138e-08
299.00	+2.032e-01	+4.415e-03	+4.792e-03	+1.060e-04	-5.089e-08	-5.183e-06	+5.583e-08
300.00	+2.048e-01	+5.402e-03	+4.730e-03	+1.295e-04	-5.221e-08	-6.097e-06	+8.688e-08
301.00	+2.034e-01	+4.796e-03	+4.670e-03	+1.036e-04	-4.520e-08	-5.058e-06	+5.611e-08
302.00	+2.016e-01	+4.323e-03	+4.536e-03	+9.013e-05	-4.262e-08	-4.675e-06	+3.879e-08
303.00	+2.040e-01	+4.925e-03	+4.737e-03	+1.034e-04	-5.539e-08	-5.897e-06	+4.660e-08
304.00	+2.013e-01	+4.471e-03	+4.376e-03	+9.360e-05	-3.603e-08	-4.441e-06	+4.786e-08
305.00	+2.027e-01	+4.535e-03	+4.626e-03	+9.497e-05	-4.387e-08	-4.937e-06	+4.515e-08
306.00	+2.031e-01	+4.658e-03	+4.649e-03	+1.012e-04	-4.414e-08	-5.075e-06	+5.356e-08
307.00	+2.040e-01	+4.725e-03	+4.804e-03	+1.044e-04	-6.118e-08	-6.204e-06	+4.155e-08
308.00	+2.022e-01	+4.506e-03	+4.502e-03	+8.909e-05	-3.360e-08	-4.144e-06	+4.533e-08
309.00	+2.024e-01	+4.998e-03	+4.395e-03	+9.848e-05	-4.796e-08	-5.403e-06	+4.356e-08
310.00	+2.041e-01	+4.816e-03	+4.814e-03	+1.083e-04	-5.170e-08	-5.555e-06	+5.869e-08
311.00	+2.034e-01	+4.706e-03	+4.748e-03	+1.076e-04	-5.774e-08	-5.971e-06	+5.072e-08
312.00	+2.045e-01	+4.883e-03	+4.874e-03	+1.110e-04	-5.243e-08	-5.722e-06	+6.253e-08
313.00	+2.038e-01	+4.666e-03	+4.786e-03	+1.001e-04	-4.464e-08	-4.966e-06	+5.302e-08
314.00	+2.035e-01	+4.746e-03	+4.686e-03	+9.677e-05	-5.046e-08	-5.435e-06	+4.123e-08
315.00	+2.056e-01	+4.900e-03	+5.065e-03	+1.104e-04	-5.100e-08	-5.345e-06	+6.486e-08
316.00	+2.036e-01	+4.804e-03	+4.753e-03	+1.090e-04	-6.734e-08	-6.644e-06	+4.020e-08
317.00	+2.025e-01	+4.663e-03	+4.559e-03	+1.011e-04	-4.587e-08	-5.169e-06	+5.102e-08
318.00	+2.032e-01	+4.707e-03	+4.695e-03	+1.071e-04	-5.616e-08	-5.817e-06	+5.117e-08
319.00	+2.025e-01	+4.797e-03	+4.480e-03	+1.005e-04	-5.235e-08	-5.682e-06	+4.253e-08
320.00	+2.033e-01	+4.996e-03	+4.592e-03	+1.079e-04	-4.713e-08	-5.414e-06	+5.957e-08
321.00	+2.028e-01	+5.069e-03	+4.471e-03	+1.071e-04	-6.080e-08	-6.528e-06	+4.243e-08
322.00	+2.019e-01	+4.622e-03	+4.483e-03	+9.772e-05	-4.865e-08	-5.308e-06	+4.261e-08
323.00	+2.039e-01	+4.653e-03	+4.858e-03	+1.226e-04	-1.875e-08	-3.276e-06	+9.276e-08
324.00	+2.028e-01	+4.769e-03	+4.594e-03	+1.036e-04	-4.138e-08	-4.890e-06	+5.828e-08
325.00	+2.021e-01	+4.472e-03	+4.578e-03	+9.747e-05	-4.358e-08	-4.788e-06	+4.838e-08
326.00	+2.036e-01	+4.630e-03	+4.797e-03	+1.005e-04	-5.137e-08	-5.383e-06	+4.729e-08
327.00	+2.024e-01	+4.747e-03	+4.518e-03	+1.001e-04	-4.196e-08	-4.882e-06	+5.269e-08
328.00	+2.031e-01	+4.552e-03	+4.718e-03	+9.698e-05	-5.176e-08	-5.395e-06	+4.031e-08
329.00	+2.023e-01	+4.414e-03	+4.616e-03	+9.963e-05	-3.506e-08	-4.199e-06	+5.776e-08
330.00	+2.027e-01	+4.583e-03	+4.649e-03	+1.060e-04	-4.868e-08	-5.399e-06	+5.631e-08
331.00	+2.054e-01	+4.955e-03	+5.006e-03	+1.135e-04	-5.978e-08	-6.161e-06	+6.128e-08
332.00	+2.036e-01	+4.443e-03	+4.816e-03	+9.817e-05	-4.614e-08	-4.944e-06	+4.927e-08
333.00	+2.022e-01	+4.610e-03	+4.504e-03	+9.753e-05	-4.464e-08	-5.013e-06	+4.675e-08
334.00	+2.023e-01	+4.533e-03	+4.575e-03	+9.537e-05	-4.504e-08	-5.002e-06	+4.405e-08
335.00	+2.048e-01	+5.009e-03	+4.811e-03	+1.075e-04	-4.335e-08	-5.067e-06	+6.397e-08
336.00	+2.026e-01	+4.270e-03	+4.764e-03	+1.079e-04	-4.190e-08	-4.506e-06	+6.507e-08
337.00	+2.026e-01	+4.509e-03	+4.651e-03	+1.004e-04	-4.300e-08	-4.831e-06	+5.346e-08
338.00	+2.037e-01	+4.790e-03	+4.741e-03	+1.075e-04	-5.428e-08	-5.706e-06	+5.430e-08
339.00	+2.034e-01	+4.597e-03	+4.725e-03	+9.591e-05	-4.415e-08	-4.887e-06	+4.710e-08
340.00	+2.027e-01	+4.451e-03	+4.648e-03	+9.163e-05	-4.495e-08	-4.864e-06	+3.943e-08
341.00	+2.032e-01	+4.769e-03	+4.615e-03	+1.013e-04	-5.241e-08	-5.593e-06	+4.532e-08
342.00	+2.042e-01	+5.033e-03	+4.703e-03	+1.070e-04	-5.092e-08	-5.631e-06	+5.632e-08
343.00	+2.033e-01	+4.588e-03	+4.727e-03	+1.058e-04	-5.184e-08	-5.487e-06	+5.399e-08
344.00	+2.017e-01	+4.464e-03	+4.473e-03	+9.595e-05	-4.306e-08	-4.786e-06	+4.580e-08
345.00	+2.035e-01	+4.660e-03	+4.742e-03	+9.987e-05	-4.864e-08	-5.302e-06	+4.856e-08
346.00	+2.016e-01	+4.361e-03	+4.514e-03	+9.353e-05	-4.939e-08	-5.221e-06	+3.540e-08
347.00	+2.039e-01	+4.884e-03	+4.733e-03	+1.028e-04	-4.725e-08	-5.278e-06	+5.401e-08
348.00	+2.036e-01	+4.719e-03	+4.742e-03	+1.034e-04	-4.451e-08	-4.972e-06	+5.706e-08
349.00	+2.029e-01	+4.607e-03	+4.641e-03	+9.891e-05	-4.638e-08	-5.035e-06	+4.838e-08
350.00	+2.025e-01	+4.688e-03	+4.570e-03	+1.043e-04	-4.680e-08	-5.207e-06	+5.469e-08
351.00	+2.027e-01	+4.729e-03	+4.588e-03	+1.071e-04	-4.500e-08	-5.115e-06	+6.010e-08
352.00	+2.036e-01	+4.878e-03	+4.700e-03	+1.076e-04	-5.648e-08	-5.904e-06	+5.170e-08
353.00	+2.048e-01	+4.907e-03	+4.936e-03	+1.199e-04	-6.212e-08	-6.276e-06	+6.813e-08
354.00	+2.028e-01	+4.768e-03	+4.558e-03	+1.027e-04	-4.131e-08	-4.837e-06	+5.679e-08
355.00	+2.032e-01	+4.756e-03	+4.646e-03	+9.631e-05	-5.339e-08	-5.615e-06	+3.606e-08
356.00	+2.036e-01	+4.627e-03	+4.761e-03	+9.177e-05	-5.446e-08	-5.542e-06	+2.672e-08
357.00	+2.050e-01	+4.806e-03	+4.955e-03	+1.006e-04	-3.926e-08	-4.607e-06	+5.912e-08
358.00	+2.063e-01	+5.011e-03	+5.122e-03	+1.016e-04	-4.902e-08	-5.385e-06	+5.444e-08
359.00	+2.063e-01	+5.011e-03	+5.122e-03	+1.016e-04	-4.902e-08	-5.385e-06	+5.444e-08
