0	1.801931e-01	1.071280e-03	8.261628e-04	5.193918e-05	-1.052606e-08	-1.617174e-06	2.227121e-09
1	1.803665e-01	9.957759e-04	7.533200e-04	5.008882e-05	-8.869888e-09	-1.373316e-06	3.999099e-09
2	1.801185e-01	1.029886e-03	7.984575e-04	4.777740e-05	-8.459752e-09	-1.350426e-06	3.938625e-09
3	1.797768e-01	9.761069e-04	8.089243e-04	5.086322e-05	-9.724932e-09	-1.448128e-06	3.445183e-09
4	1.796834e-01	1.003006e-03	8.113942e-04	4.930533e-05	-9.638199e-09	-1.483733e-06	2.088178e-09
5	1.798319e-01	9.925772e-04	8.206113e-04	4.999386e-05	-9.801000e-09	-1.471998e-06	2.545388e-09
6	1.797707e-01	1.001925e-03	8.044537e-04	4.877038e-05	-9.380356e-09	-1.447886e-06	2.308195e-09
7	1.798818e-01	1.009662e-03	8.068660e-04	4.963630e-05	-9.750648e-09	-1.502235e-06	1.896890e-09
8	1.798597e-01	1.014522e-03	8.104192e-04	4.996723e-05	-9.839645e-09	-1.504199e-06	2.069958e-09
9	1.799861e-01	9.845830e-04	8.311666e-04	5.070779e-05	-1.022239e-08	-1.522960e-06	1.968126e-09
10	1.797511e-01	9.955757e-04	8.207210e-04	5.010534e-05	-9.954811e-09	-1.500056e-06	2.035106e-09
11	1.797802e-01	9.823529e-04	8.009642e-04	4.962955e-05	-9.643895e-09	-1.471944e-06	2.215152e-09
12	1.799336e-01	1.004961e-03	8.113349e-04	5.070519e-05	-9.954230e-09	-1.504020e-06	2.584963e-09
13	1.797265e-01	9.820691e-04	8.134931e-04	5.090389e-05	-9.867213e-09	-1.483314e-06	3.152754e-09
14	1.798961e-01	1.026287e-03	8.172497e-04	5.046586e-05	-9.986009e-09	-1.525335e-06	2.306063e-09
15	1.798791e-01	1.012402e-03	8.182748e-04	5.148858e-05	-1.037834e-08	-1.565171e-06	1.996134e-09
16	1.797542e-01	9.829256e-04	7.991049e-04	4.982357e-05	-9.657747e-09	-1.476321e-06	2.358472e-09
17	1.797497e-01	1.016874e-03	8.149377e-04	4.917169e-05	-9.710462e-09	-1.497251e-06	1.610867e-09
18	1.799241e-01	1.000148e-03	8.216019e-04	5.169767e-05	-1.029773e-08	-1.534384e-06	2.734460e-09
19	1.797794e-01	9.796242e-04	8.248942e-04	5.060933e-05	-1.005505e-08	-1.498227e-06	2.413224e-09
20	1.799908e-01	1.007106e-03	8.203984e-04	5.028833e-05	-9.978652e-09	-1.511048e-06	2.181886e-09
21	1.798107e-01	1.005651e-03	8.147825e-04	5.042195e-05	-1.000325e-08	-1.526004e-06	2.093592e-09
22	1.801943e-01	1.023108e-03	8.101981e-04	5.110335e-05	-1.016877e-08	-1.556545e-06	2.173575e-09
23	1.799540e-01	1.038000e-03	8.117064e-04	5.058509e-05	-1.002087e-08	-1.552384e-06	2.156183e-09
24	1.796982e-01	9.809613e-04	8.124113e-04	4.943945e-05	-9.575309e-09	-1.447857e-06	2.547061e-09
25	1.801130e-01	1.030254e-03	8.481468e-04	5.205458e-05	-1.076588e-08	-1.586245e-06	1.930774e-09
26	1.797932e-01	9.692804e-04	8.216083e-04	5.006772e-05	-1.003690e-08	-1.505559e-06	1.542601e-09
27	1.798544e-01	1.004854e-03	8.216164e-04	4.998191e-05	-9.825961e-09	-1.477118e-06	2.457861e-09
28	1.798573e-01	1.000583e-03	8.062599e-04	5.006832e-05	-9.688480e-09	-1.465571e-06	2.707311e-09
29	1.799475e-01	9.694454e-04	8.222565e-04	5.075302e-05	-1.018816e-08	-1.504319e-06	1.922910e-09
30	1.802063e-01	1.006624e-03	8.495148e-04	5.207839e-05	-1.075129e-08	-1.587428e-06	2.097441e-09
31	1.802868e-01	1.054870e-03	8.278475e-04	5.241247e-05	-1.063783e-08	-1.606764e-06	2.455719e-09
32	1.796184e-01	1.005644e-03	7.973041e-04	4.762445e-05	-9.189199e-09	-1.461925e-06	1.296372e-09
33	1.799995e-01	1.002097e-03	8.236942e-04	5.002925e-05	-9.998015e-09	-1.517862e-06	1.783893e-09
34	1.798331e-01	1.018339e-03	7.975864e-04	4.887269e-05	-9.351698e-09	-1.464708e-06	2.377285e-09
35	1.799024e-01	1.004353e-03	8.058045e-04	5.038435e-05	-9.975752e-09	-1.539578e-06	1.884325e-09
36	1.798909e-01	1.013460e-03	8.108764e-04	5.043648e-05	-9.887847e-09	-1.504449e-06	2.503546e-09
37	1.803901e-01	1.029188e-03	8.265147e-04	5.193912e-05	-1.019447e-08	-1.518158e-06	3.446689e-09
38	1.798987e-01	1.038318e-03	8.359326e-04	5.056560e-05	-1.019757e-08	-1.552830e-06	2.021754e-09
39	1.797000e-01	9.658056e-04	7.925545e-04	4.791656e-05	-9.044953e-09	-1.393284e-06	2.320066e-09
40	1.800041e-01	1.020704e-03	7.982574e-04	5.072775e-05	-9.891254e-09	-1.530937e-06	2.523085e-09
41	1.796846e-01	9.737715e-04	8.124979e-04	4.878035e-05	-9.426808e-09	-1.426478e-06	2.333478e-09
42	1.796785e-01	1.001620e-03	8.278915e-04	5.139334e-05	-1.038756e-08	-1.553933e-06	2.116583e-09
43	1.802752e-01	1.012344e-03	8.292932e-04	5.188819e-05	-1.039775e-08	-1.519586e-06	2.782348e-09
44	1.799635e-01	1.007396e-03	8.181294e-04	5.074339e-05	-1.007924e-08	-1.519045e-06	2.303166e-09
45	1.798690e-01	1.007751e-03	8.220650e-04	5.010744e-05	-9.879163e-09	-1.497676e-06	2.413319e-09
46	1.799545e-01	9.917286e-04	8.214556e-04	5.153211e-05	-1.031646e-08	-1.540491e-06	2.446234e-09
47	1.798536e-01	1.003096e-03	8.224221e-04	5.016743e-05	-1.010395e-08	-1.536171e-06	1.322546e-09
48	1.800859e-01	1.017631e-03	8.086217e-04	5.135092e-05	-1.006058e-08	-1.528154e-06	2.877280e-09
49	1.797747e-01	1.007522e-03	8.134957e-04	4.949522e-05	-9.808041e-09	-1.506626e-06	1.562210e-09
50	1.802097e-01	1.003411e-03	8.233257e-04	5.146793e-05	-1.034143e-08	-1.538967e-06	2.302985e-09
51	1.799422e-01	9.957355e-04	8.270651e-04	5.068488e-05	-1.018133e-08	-1.517308e-06	2.007601e-09
52	1.797918e-01	1.037797e-03	8.321518e-04	5.076171e-05	-1.026490e-08	-1.556322e-06	1.864787e-09
53	1.797574e-01	1.008222e-03	8.060521e-04	5.046503e-05	-9.970017e-09	-1.536599e-06	2.047636e-09
54	1.799691e-01	9.828193e-04	8.162050e-04	5.110292e-05	-1.025252e-08	-1.534035e-06	1.952683e-09
55	1.801853e-01	1.015775e-03	8.411146e-04	5.148533e-05	-1.049895e-08	-1.566179e-06	2.136002e-09
56	1.797167e-01	1.023307e-03	8.213340e-04	5.050540e-05	-1.020355e-08	-1.564595e-06	1.303481e-09
57	1.798813e-01	9.882762e-04	8.139790e-04	5.085467e-05	-1.015451e-08	-1.525328e-06	1.985113e-09
58	1.801234e-01	1.032959e-03	8.414283e-04	5.188887e-05	-1.060677e-08	-1.584387e-06	2.247482e-09
59	1.797572e-01	9.830633e-04	8.028950e-04	4.977651e-05	-9.792664e-09	-1.507865e-06	1.768000e-09
60	1.799354e-01	1.039969e-03	8.399745e-04	5.156595e-05	-1.068521e-08	-1.632377e-06	1.000203e-09
61	1.795483e-01	9.784565e-04	7.966792e-04	4.856157e-05	-9.399065e-09	-1.455591e-06	1.700775e-09
62	1.798819e-01	1.008631e-03	8.214387e-04	5.062723e-05	-1.023153e-08	-1.544066e-06	1.381483e-09
63	1.795627e-01	1.013171e-03	8.004699e-04	4.846310e-05	-9.267958e-09	-1.453758e-06	2.284202e-09
64	1.800053e-01	9.836879e-04	8.339889e-04	5.112701e-05	-1.041240e-08	-1.540163e-06	1.743558e-09
65	1.798968e-01	9.988563e-04	8.140867e-04	5.061979e-05	-9.987171e-09	-1.504474e-06	2.418378e-09
66	1.798691e-01	1.005637e-03	8.405569e-04	5.115882e-05	-1.042522e-08	-1.542836e-06	1.964777e-09
67	1.797067e-01	9.956568e-04	8.255954e-04	5.001678e-05	-1.003145e-08	-1.514612e-06	1.635048e-09
68	1.796798e-01	1.017201e-03	8.121275e-04	5.026264e-05	-9.856857e-09	-1.511018e-06	2.442630e-09
69	1.795214e-01	9.818604e-04	7.960832e-04	4.890596e-05	-9.419194e-09	-1.467437e-06	2.097373e-09
70	1.800214e-01	1.018435e-03	8.435990e-04	5.237032e-05	-1.082636e-08	-1.606051e-06	1.989744e-09
71	1.802723e-01	1.008284e-03	8.342347e-04	5.220983e-05	-1.061828e-08	-1.566311e-06	2.445000e-09
72	1.800133e-01	1.013333e-03	8.244948e-04	5.090423e-05	-1.023700e-08	-1.542285e-06	1.989684e-09
73	1.802649e-01	1.012700e-03	8.389489e-04	5.237725e-05	-1.071662e-08	-1.578403e-06	2.388101e-09
74	1.800579e-01	1.044396e-03	8.302620e-04	5.185992e-05	-1.048640e-08	-1.583567e-06	2.415782e-09
75	1.797580e-01	1.001998e-03	7.903966e-04	4.862541e-05	-9.193247e-09	-1.443577e-06	2.521357e-09
76	1.798528e-01	1.001076e-03	8.262786e-04	5.110866e-05	-1.019657e-08	-1.507160e-06	2.517700e-09
77	1.798222e-01	1.004968e-03	8.185186e-04	5.064075e-05	-1.018686e-08	-1.546185e-06	1.589619e-09
78	1.801994e-01	1.031121e-03	8.307717e-04	5.219131e-05	-1.054958e-08	-1.564271e-06	2.610269e-09
79	1.799509e-01	9.927646e-04	8.279981e-04	5.154553e-05	-1.040026e-08	-1.530913e-06	2.287298e-09
80	1.797859e-01	9.765012e-04	8.174260e-04	4.911296e-05	-9.740440e-09	-1.479461e-06	1.399935e-09
81	1.800595e-01	9.897626e-04	8.324903e-04	5.091296e-05	-1.029554e-08	-1.528343e-06	1.966773e-09
82	1.797684e-01	9.993528e-04	8.223107e-04	5.015457e-05	-9.913357e-09	-1.487286e-06	2.338901e-09
83	1.798379e-01	9.897259e-04	8.211092e-04	4.993720e-05	-9.868683e-09	-1.490048e-06	2.204875e-09
84	1.795586e-01	1.002273e-03	7.886106e-04	4.743706e-05	-8.947047e-09	-1.415510e-06	2.032666e-09
85	1.796976e-01	9.913007e-04	8.176679e-04	5.115984e-05	-1.013720e-08	-1.516307e-06	2.593175e-09
86	1.800860e-01	9.908062e-04	8.272099e-04	5.107200e-05	-1.026273e-08	-1.527600e-06	2.207277e-09
87	1.797266e-01	1.021266e-03	8.035781e-04	4.741056e-05	-8.930941e-09	-1.414840e-06	2.423572e-09
88	1.793935e-01	9.816807e-04	8.239360e-04	5.081848e-05	-1.039293e-08	-1.566767e-06	3.466073e-10
89	1.791595e-01	1.026586e-03	8.711681e-04	4.912977e-05	-1.011459e-08	-1.542842e-06	1.001813e-09
90	1.801931e-01	1.071280e-03	8.261628e-04	5.193918e-05	-1.052606e-08	-1.617174e-06	2.227121e-09
91	1.803665e-01	9.957759e-04	7.533200e-04	5.008882e-05	-8.869888e-09	-1.373316e-06	3.999099e-09
92	1.801185e-01	1.029886e-03	7.984575e-04	4.777740e-05	-8.459752e-09	-1.350426e-06	3.938625e-09
93	1.798175e-01	9.853576e-04	8.079506e-04	5.083416e-05	-9.704999e-09	-1.450714e-06	3.456347e-09
94	1.796834e-01	1.003006e-03	8.113942e-04	4.930533e-05	-9.638199e-09	-1.483733e-06	2.088178e-09
95	1.798319e-01	9.925772e-04	8.206113e-04	4.999386e-05	-9.801000e-09	-1.471998e-06	2.545388e-09
96	1.797707e-01	1.001925e-03	8.044537e-04	4.877038e-05	-9.380356e-09	-1.447886e-06	2.308195e-09
97	1.798818e-01	1.009662e-03	8.068660e-04	4.963630e-05	-9.750648e-09	-1.502235e-06	1.896890e-09
98	1.798597e-01	1.014522e-03	8.104192e-04	4.996723e-05	-9.839645e-09	-1.504199e-06	2.069958e-09
99	1.799861e-01	9.845830e-04	8.311666e-04	5.070779e-05	-1.022239e-08	-1.522960e-06	1.968126e-09
100	1.797511e-01	9.955757e-04	8.207210e-04	5.010534e-05	-9.954811e-09	-1.500056e-06	2.035106e-09
101	1.797802e-01	9.823529e-04	8.009642e-04	4.962955e-05	-9.643895e-09	-1.471944e-06	2.215152e-09
102	1.799336e-01	1.004961e-03	8.113349e-04	5.070519e-05	-9.954230e-09	-1.504020e-06	2.584963e-09
103	1.797265e-01	9.820691e-04	8.134931e-04	5.090389e-05	-9.867213e-09	-1.483314e-06	3.152754e-09
104	1.798961e-01	1.026287e-03	8.172497e-04	5.046586e-05	-9.986009e-09	-1.525335e-06	2.306063e-09
105	1.798791e-01	1.012402e-03	8.182748e-04	5.148858e-05	-1.037834e-08	-1.565171e-06	1.996134e-09
106	1.797542e-01	9.829256e-04	7.991049e-04	4.982357e-05	-9.657747e-09	-1.476321e-06	2.358472e-09
107	1.797497e-01	1.016874e-03	8.149377e-04	4.917169e-05	-9.710462e-09	-1.497251e-06	1.610867e-09
108	1.799241e-01	1.000148e-03	8.216019e-04	5.169767e-05	-1.029773e-08	-1.534384e-06	2.734460e-09
109	1.797794e-01	9.796242e-04	8.248942e-04	5.060933e-05	-1.005505e-08	-1.498227e-06	2.413224e-09
110	1.799908e-01	1.007106e-03	8.203984e-04	5.028833e-05	-9.978652e-09	-1.511048e-06	2.181886e-09
111	1.798107e-01	1.005651e-03	8.147825e-04	5.042195e-05	-1.000325e-08	-1.526004e-06	2.093592e-09
112	1.801943e-01	1.023108e-03	8.101981e-04	5.110335e-05	-1.016877e-08	-1.556545e-06	2.173575e-09
113	1.799540e-01	1.038000e-03	8.117064e-04	5.058509e-05	-1.002087e-08	-1.552384e-06	2.156183e-09
114	1.796982e-01	9.809613e-04	8.124113e-04	4.943945e-05	-9.575309e-09	-1.447857e-06	2.547061e-09
115	1.801130e-01	1.030254e-03	8.481468e-04	5.205458e-05	-1.076588e-08	-1.586245e-06	1.930774e-09
116	1.797932e-01	9.692804e-04	8.216083e-04	5.006772e-05	-1.003690e-08	-1.505559e-06	1.542601e-09
117	1.798544e-01	1.004854e-03	8.216164e-04	4.998191e-05	-9.825961e-09	-1.477118e-06	2.457861e-09
118	1.798573e-01	1.000583e-03	8.062599e-04	5.006832e-05	-9.688480e-09	-1.465571e-06	2.707311e-09
119	1.799475e-01	9.694454e-04	8.222565e-04	5.075302e-05	-1.018816e-08	-1.504319e-06	1.922910e-09
120	1.802063e-01	1.006624e-03	8.495148e-04	5.207839e-05	-1.075129e-08	-1.587428e-06	2.097441e-09
121	1.802868e-01	1.054870e-03	8.278475e-04	5.241247e-05	-1.063783e-08	-1.606764e-06	2.455719e-09
122	1.796184e-01	1.005644e-03	7.973041e-04	4.762445e-05	-9.189199e-09	-1.461925e-06	1.296372e-09
123	1.799995e-01	1.002097e-03	8.236942e-04	5.002925e-05	-9.998015e-09	-1.517862e-06	1.783893e-09
124	1.798331e-01	1.018339e-03	7.975864e-04	4.887269e-05	-9.351698e-09	-1.464708e-06	2.377285e-09
125	1.799024e-01	1.004353e-03	8.058045e-04	5.038435e-05	-9.975752e-09	-1.539578e-06	1.884325e-09
126	1.798909e-01	1.013460e-03	8.108764e-04	5.043648e-05	-9.887847e-09	-1.504449e-06	2.503546e-09
127	1.803901e-01	1.029188e-03	8.265147e-04	5.193912e-05	-1.019447e-08	-1.518158e-06	3.446689e-09
128	1.798987e-01	1.038318e-03	8.359326e-04	5.056560e-05	-1.019757e-08	-1.552830e-06	2.021754e-09
129	1.797000e-01	9.658056e-04	7.925545e-04	4.791656e-05	-9.044953e-09	-1.393284e-06	2.320066e-09
130	1.800041e-01	1.020704e-03	7.982574e-04	5.072775e-05	-9.891254e-09	-1.530937e-06	2.523085e-09
131	1.796846e-01	9.737715e-04	8.124979e-04	4.878035e-05	-9.426808e-09	-1.426478e-06	2.333478e-09
132	1.796785e-01	1.001620e-03	8.278915e-04	5.139334e-05	-1.038756e-08	-1.553933e-06	2.116583e-09
133	1.802752e-01	1.012344e-03	8.292932e-04	5.188819e-05	-1.039775e-08	-1.519586e-06	2.782348e-09
134	1.799635e-01	1.007396e-03	8.181294e-04	5.074339e-05	-1.007924e-08	-1.519045e-06	2.303166e-09
135	1.798690e-01	1.007751e-03	8.220650e-04	5.010744e-05	-9.879163e-09	-1.497676e-06	2.413319e-09
136	1.799545e-01	9.917286e-04	8.214556e-04	5.153211e-05	-1.031646e-08	-1.540491e-06	2.446234e-09
137	1.798536e-01	1.003096e-03	8.224221e-04	5.016743e-05	-1.010395e-08	-1.536171e-06	1.322546e-09
138	1.800859e-01	1.017631e-03	8.086217e-04	5.135092e-05	-1.006058e-08	-1.528154e-06	2.877280e-09
139	1.797747e-01	1.007522e-03	8.134957e-04	4.949522e-05	-9.808041e-09	-1.506626e-06	1.562210e-09
140	1.802097e-01	1.003411e-03	8.233257e-04	5.146793e-05	-1.034143e-08	-1.538967e-06	2.302985e-09
141	1.799422e-01	9.957355e-04	8.270651e-04	5.068488e-05	-1.018133e-08	-1.517308e-06	2.007601e-09
142	1.797918e-01	1.037797e-03	8.321518e-04	5.076171e-05	-1.026490e-08	-1.556322e-06	1.864787e-09
143	1.797574e-01	1.008222e-03	8.060521e-04	5.046503e-05	-9.970017e-09	-1.536599e-06	2.047636e-09
144	1.799691e-01	9.828193e-04	8.162050e-04	5.110292e-05	-1.025252e-08	-1.534035e-06	1.952683e-09
145	1.801853e-01	1.015775e-03	8.411146e-04	5.148533e-05	-1.049895e-08	-1.566179e-06	2.136002e-09
146	1.797167e-01	1.023307e-03	8.213340e-04	5.050540e-05	-1.020355e-08	-1.564595e-06	1.303481e-09
147	1.798813e-01	9.882762e-04	8.139790e-04	5.085467e-05	-1.015451e-08	-1.525328e-06	1.985113e-09
148	1.801234e-01	1.032959e-03	8.414283e-04	5.188887e-05	-1.060677e-08	-1.584387e-06	2.247482e-09
149	1.797572e-01	9.830633e-04	8.028950e-04	4.977651e-05	-9.792664e-09	-1.507865e-06	1.768000e-09
150	1.799354e-01	1.039969e-03	8.399745e-04	5.156595e-05	-1.068521e-08	-1.632377e-06	1.000203e-09
151	1.795483e-01	9.784565e-04	7.966792e-04	4.856157e-05	-9.399065e-09	-1.455591e-06	1.700775e-09
152	1.799210e-01	1.016604e-03	8.264462e-04	5.072183e-05	-1.028383e-08	-1.549322e-06	1.444891e-09
153	1.795627e-01	1.013171e-03	8.004699e-04	4.846310e-05	-9.267958e-09	-1.453758e-06	2.284202e-09
154	1.800053e-01	9.836879e-04	8.339889e-04	5.112701e-05	-1.041240e-08	-1.540163e-06	1.743558e-09
155	1.798968e-01	9.988563e-04	8.140867e-04	5.061979e-05	-9.987171e-09	-1.504474e-06	2.418378e-09
156	1.798691e-01	1.005637e-03	8.405569e-04	5.115882e-05	-1.042522e-08	-1.542836e-06	1.964777e-09
157	1.797067e-01	9.956568e-04	8.255954e-04	5.001678e-05	-1.003145e-08	-1.514612e-06	1.635048e-09
158	1.796798e-01	1.017201e-03	8.121275e-04	5.026264e-05	-9.856857e-09	-1.511018e-06	2.442630e-09
159	1.795214e-01	9.818604e-04	7.960832e-04	4.890596e-05	-9.419194e-09	-1.467437e-06	2.097373e-09
160	1.800214e-01	1.018435e-03	8.435990e-04	5.237032e-05	-1.082636e-08	-1.606051e-06	1.989744e-09
161	1.802723e-01	1.008284e-03	8.342347e-04	5.220983e-05	-1.061828e-08	-1.566311e-06	2.445000e-09
162	1.800133e-01	1.013333e-03	8.244948e-04	5.090423e-05	-1.023700e-08	-1.542285e-06	1.989684e-09
163	1.802649e-01	1.012700e-03	8.389489e-04	5.237725e-05	-1.071662e-08	-1.578403e-06	2.388101e-09
164	1.800579e-01	1.044396e-03	8.302620e-04	5.185992e-05	-1.048640e-08	-1.583567e-06	2.415782e-09
165	1.797580e-01	1.001998e-03	7.903966e-04	4.862541e-05	-9.193247e-09	-1.443577e-06	2.521357e-09
166	1.798528e-01	1.001076e-03	8.262786e-04	5.110866e-05	-1.019657e-08	-1.507160e-06	2.517700e-09
167	1.798222e-01	1.004968e-03	8.185186e-04	5.064075e-05	-1.018686e-08	-1.546185e-06	1.589619e-09
168	1.801994e-01	1.031121e-03	8.307717e-04	5.219131e-05	-1.054958e-08	-1.564271e-06	2.610269e-09
169	1.799509e-01	9.927646e-04	8.279981e-04	5.154553e-05	-1.040026e-08	-1.530913e-06	2.287298e-09
170	1.797859e-01	9.765012e-04	8.174260e-04	4.911296e-05	-9.740440e-09	-1.479461e-06	1.399935e-09
171	1.800932e-01	9.932490e-04	8.346867e-04	5.118205e-05	-1.038358e-08	-1.539159e-06	2.023166e-09
172	1.797684e-01	9.993528e-04	8.223107e-04	5.015457e-05	-9.913357e-09	-1.487286e-06	2.338901e-09
173	1.798379e-01	9.897259e-04	8.211092e-04	4.993720e-05	-9.868683e-09	-1.490048e-06	2.204875e-09
174	1.795586e-01	1.002273e-03	7.886106e-04	4.743706e-05	-8.947047e-09	-1.415510e-06	2.032666e-09
175	1.796976e-01	9.913007e-04	8.176679e-04	5.115984e-05	-1.013720e-08	-1.516307e-06	2.593175e-09
176	1.800860e-01	9.908062e-04	8.272099e-04	5.107200e-05	-1.026273e-08	-1.527600e-06	2.207277e-09
177	1.797266e-01	1.021266e-03	8.035781e-04	4.741056e-05	-8.930941e-09	-1.414840e-06	2.423572e-09
178	1.793935e-01	9.816807e-04	8.239360e-04	5.081848e-05	-1.039293e-08	-1.566767e-06	3.466073e-10
179	1.791595e-01	1.026586e-03	8.711681e-04	4.912977e-05	-1.011459e-08	-1.542842e-06	1.001813e-09
180	1.801931e-01	1.071280e-03	8.261628e-04	5.193918e-05	-1.052606e-08	-1.617174e-06	2.227121e-09
181	1.803665e-01	9.957759e-04	7.533200e-04	5.008882e-05	-8.869888e-09	-1.373316e-06	3.999099e-09
182	1.801185e-01	1.029886e-03	7.984575e-04	4.777740e-05	-8.459752e-09	-1.350426e-06	3.938625e-09
183	1.797768e-01	9.761069e-04	8.089243e-04	5.086322e-05	-9.724932e-09	-1.448128e-06	3.445183e-09
184	1.796834e-01	1.003006e-03	8.113942e-04	4.930533e-05	-9.638199e-09	-1.483733e-06	2.088178e-09
185	1.798319e-01	9.925772e-04	8.206113e-04	4.999386e-05	-9.801000e-09	-1.471998e-06	2.545388e-09
186	1.797707e-01	1.001925e-03	8.044537e-04	4.877038e-05	-9.380356e-09	-1.447886e-06	2.308195e-09
187	1.798818e-01	1.009662e-03	8.068660e-04	4.963630e-05	-9.750648e-09	-1.502235e-06	1.896890e-09
188	1.798597e-01	1.014522e-03	8.104192e-04	4.996723e-05	-9.839645e-09	-1.504199e-06	2.069958e-09
189	1.799861e-01	9.845830e-04	8.311666e-04	5.070779e-05	-1.022239e-08	-1.522960e-06	1.968126e-09
190	1.797511e-01	9.955757e-04	8.207210e-04	5.010534e-05	-9.954811e-09	-1.500056e-06	2.035106e-09
191	1.797802e-01	9.823529e-04	8.009642e-04	4.962955e-05	-9.643895e-09	-1.471944e-06	2.215152e-09
192	1.799336e-01	1.004961e-03	8.113349e-04	5.070519e-05	-9.954230e-09	-1.504020e-06	2.584963e-09
193	1.797265e-01	9.820691e-04	8.134931e-04	5.090389e-05	-9.867213e-09	-1.483314e-06	3.152754e-09
194	1.798961e-01	1.026287e-03	8.172497e-04	5.046586e-05	-9.986009e-09	-1.525335e-06	2.306063e-09
195	1.798791e-01	1.012402e-03	8.182748e-04	5.148858e-05	-1.037834e-08	-1.565171e-06	1.996134e-09
196	1.797542e-01	9.829256e-04	7.991049e-04	4.982357e-05	-9.657747e-09	-1.476321e-06	2.358472e-09
197	1.797497e-01	1.016874e-03	8.149377e-04	4.917169e-05	-9.710462e-09	-1.497251e-06	1.610867e-09
198	1.799241e-01	1.000148e-03	8.216019e-04	5.169767e-05	-1.029773e-08	-1.534384e-06	2.734460e-09
199	1.797794e-01	9.796242e-04	8.248942e-04	5.060933e-05	-1.005505e-08	-1.498227e-06	2.413224e-09
200	1.799908e-01	1.007106e-03	8.203984e-04	5.028833e-05	-9.978652e-09	-1.511048e-06	2.181886e-09
201	1.798107e-01	1.005651e-03	8.147825e-04	5.042195e-05	-1.000325e-08	-1.526004e-06	2.093592e-09
202	1.801943e-01	1.023108e-03	8.101981e-04	5.110335e-05	-1.016877e-08	-1.556545e-06	2.173575e-09
203	1.799540e-01	1.038000e-03	8.117064e-04	5.058509e-05	-1.002087e-08	-1.552384e-06	2.156183e-09
204	1.796982e-01	9.809613e-04	8.124113e-04	4.943945e-05	-9.575309e-09	-1.447857e-06	2.547061e-09
205	1.801130e-01	1.030254e-03	8.481468e-04	5.205458e-05	-1.076588e-08	-1.586245e-06	1.930774e-09
206	1.797932e-01	9.692804e-04	8.216083e-04	5.006772e-05	-1.003690e-08	-1.505559e-06	1.542601e-09
207	1.798544e-01	1.004854e-03	8.216164e-04	4.998191e-05	-9.825961e-09	-1.477118e-06	2.457861e-09
208	1.798573e-01	1.000583e-03	8.062599e-04	5.006832e-05	-9.688480e-09	-1.465571e-06	2.707311e-09
209	1.799475e-01	9.694454e-04	8.222565e-04	5.075302e-05	-1.018816e-08	-1.504319e-06	1.922910e-09
210	1.802063e-01	1.006624e-03	8.495148e-04	5.207839e-05	-1.075129e-08	-1.587428e-06	2.097441e-09
211	1.802868e-01	1.054870e-03	8.278475e-04	5.241247e-05	-1.063783e-08	-1.606764e-06	2.455719e-09
212	1.796184e-01	1.005644e-03	7.973041e-04	4.762445e-05	-9.189199e-09	-1.461925e-06	1.296372e-09
213	1.799995e-01	1.002097e-03	8.236942e-04	5.002925e-05	-9.998015e-09	-1.517862e-06	1.783893e-09
214	1.798331e-01	1.018339e-03	7.975864e-04	4.887269e-05	-9.351698e-09	-1.464708e-06	2.377285e-09
215	1.799024e-01	1.004353e-03	8.058045e-04	5.038435e-05	-9.975752e-09	-1.539578e-06	1.884325e-09
216	1.798909e-01	1.013460e-03	8.108764e-04	5.043648e-05	-9.887847e-09	-1.504449e-06	2.503546e-09
217	1.803901e-01	1.029188e-03	8.265147e-04	5.193912e-05	-1.019447e-08	-1.518158e-06	3.446689e-09
218	1.798987e-01	1.038318e-03	8.359326e-04	5.056560e-05	-1.019757e-08	-1.552830e-06	2.021754e-09
219	1.797000e-01	9.658056e-04	7.925545e-04	4.791656e-05	-9.044953e-09	-1.393284e-06	2.320066e-09
220	1.800041e-01	1.020704e-03	7.982574e-04	5.072775e-05	-9.891254e-09	-1.530937e-06	2.523085e-09
221	1.796846e-01	9.737715e-04	8.124979e-04	4.878035e-05	-9.426808e-09	-1.426478e-06	2.333478e-09
222	1.796785e-01	1.001620e-03	8.278915e-04	5.139334e-05	-1.038756e-08	-1.553933e-06	2.116583e-09
223	1.802752e-01	1.012344e-03	8.292932e-04	5.188819e-05	-1.039775e-08	-1.519586e-06	2.782348e-09
224	1.799635e-01	1.007396e-03	8.181294e-04	5.074339e-05	-1.007924e-08	-1.519045e-06	2.303166e-09
225	1.798690e-01	1.007751e-03	8.220650e-04	5.010744e-05	-9.879163e-09	-1.497676e-06	2.413319e-09
226	1.799545e-01	9.917286e-04	8.214556e-04	5.153211e-05	-1.031646e-08	-1.540491e-06	2.446234e-09
227	1.798536e-01	1.003096e-03	8.224221e-04	5.016743e-05	-1.010395e-08	-1.536171e-06	1.322546e-09
228	1.800859e-01	1.017631e-03	8.086217e-04	5.135092e-05	-1.006058e-08	-1.528154e-06	2.877280e-09
229	1.797747e-01	1.007522e-03	8.134957e-04	4.949522e-05	-9.808041e-09	-1.506626e-06	1.562210e-09
230	1.802097e-01	1.003411e-03	8.233257e-04	5.146793e-05	-1.034143e-08	-1.538967e-06	2.302985e-09
231	1.799422e-01	9.957355e-04	8.270651e-04	5.068488e-05	-1.018133e-08	-1.517308e-06	2.007601e-09
232	1.797918e-01	1.037797e-03	8.321518e-04	5.076171e-05	-1.026490e-08	-1.556322e-06	1.864787e-09
233	1.797574e-01	1.008222e-03	8.060521e-04	5.046503e-05	-9.970017e-09	-1.536599e-06	2.047636e-09
234	1.799691e-01	9.828193e-04	8.162050e-04	5.110292e-05	-1.025252e-08	-1.534035e-06	1.952683e-09
235	1.801853e-01	1.015775e-03	8.411146e-04	5.148533e-05	-1.049895e-08	-1.566179e-06	2.136002e-09
236	1.797167e-01	1.023307e-03	8.213340e-04	5.050540e-05	-1.020355e-08	-1.564595e-06	1.303481e-09
237	1.798813e-01	9.882762e-04	8.139790e-04	5.085467e-05	-1.015451e-08	-1.525328e-06	1.985113e-09
238	1.801234e-01	1.032959e-03	8.414283e-04	5.188887e-05	-1.060677e-08	-1.584387e-06	2.247482e-09
239	1.797572e-01	9.830633e-04	8.028950e-04	4.977651e-05	-9.792664e-09	-1.507865e-06	1.768000e-09
240	1.799354e-01	1.039969e-03	8.399745e-04	5.156595e-05	-1.068521e-08	-1.632377e-06	1.000203e-09
241	1.796603e-01	9.801618e-04	8.023159e-04	4.941439e-05	-9.632332e-09	-1.472073e-06	2.006223e-09
242	1.798819e-01	1.008631e-03	8.214387e-04	5.062723e-05	-1.023153e-08	-1.544066e-06	1.381483e-09
243	1.795627e-01	1.013171e-03	8.004699e-04	4.846310e-05	-9.267958e-09	-1.453758e-06	2.284202e-09
244	1.800053e-01	9.836879e-04	8.339889e-04	5.112701e-05	-1.041240e-08	-1.540163e-06	1.743558e-09
245	1.798968e-01	9.988563e-04	8.140867e-04	5.061979e-05	-9.987171e-09	-1.504474e-06	2.418378e-09
246	1.798691e-01	1.005637e-03	8.405569e-04	5.115882e-05	-1.042522e-08	-1.542836e-06	1.964777e-09
247	1.797067e-01	9.956568e-04	8.255954e-04	5.001678e-05	-1.003145e-08	-1.514612e-06	1.635048e-09
248	1.796798e-01	1.017201e-03	8.121275e-04	5.026264e-05	-9.856857e-09	-1.511018e-06	2.442630e-09
249	1.795214e-01	9.818604e-04	7.960832e-04	4.890596e-05	-9.419194e-09	-1.467437e-06	2.097373e-09
250	1.800214e-01	1.018435e-03	8.435990e-04	5.237032e-05	-1.082636e-08	-1.606051e-06	1.989744e-09
251	1.802723e-01	1.008284e-03	8.342347e-04	5.220983e-05	-1.061828e-08	-1.566311e-06	2.445000e-09
252	1.800133e-01	1.013333e-03	8.244948e-04	5.090423e-05	-1.023700e-08	-1.542285e-06	1.989684e-09
253	1.802649e-01	1.012700e-03	8.389489e-04	5.237725e-05	-1.071662e-08	-1.578403e-06	2.388101e-09
254	1.800579e-01	1.044396e-03	8.302620e-04	5.185992e-05	-1.048640e-08	-1.583567e-06	2.415782e-09
255	1.797580e-01	1.001998e-03	7.903966e-04	4.862541e-05	-9.193247e-09	-1.443577e-06	2.521357e-09
256	1.798528e-01	1.001076e-03	8.262786e-04	5.110866e-05	-1.019657e-08	-1.507160e-06	2.517700e-09
257	1.798222e-01	1.004968e-03	8.185186e-04	5.064075e-05	-1.018686e-08	-1.546185e-06	1.589619e-09
258	1.801994e-01	1.031121e-03	8.307717e-04	5.219131e-05	-1.054958e-08	-1.564271e-06	2.610269e-09
259	1.799509e-01	9.927646e-04	8.279981e-04	5.154553e-05	-1.040026e-08	-1.530913e-06	2.287298e-09
260	1.797859e-01	9.765012e-04	8.174260e-04	4.911296e-05	-9.740440e-09	-1.479461e-06	1.399935e-09
261	1.800595e-01	9.897626e-04	8.324903e-04	5.091296e-05	-1.029554e-08	-1.528343e-06	1.966773e-09
262	1.797684e-01	9.993528e-04	8.223107e-04	5.015457e-05	-9.913357e-09	-1.487286e-06	2.338901e-09
263	1.798379e-01	9.897259e-04	8.211092e-04	4.993720e-05	-9.868683e-09	-1.490048e-06	2.204875e-09
264	1.795586e-01	1.002273e-03	7.886106e-04	4.743706e-05	-8.947047e-09	-1.415510e-06	2.032666e-09
265	1.796976e-01	9.913007e-04	8.176679e-04	5.115984e-05	-1.013720e-08	-1.516307e-06	2.593175e-09
266	1.800860e-01	9.908062e-04	8.272099e-04	5.107200e-05	-1.026273e-08	-1.527600e-06	2.207277e-09
267	1.797266e-01	1.021266e-03	8.035781e-04	4.741056e-05	-8.930941e-09	-1.414840e-06	2.423572e-09
268	1.793935e-01	9.816807e-04	8.239360e-04	5.081848e-05	-1.039293e-08	-1.566767e-06	3.466073e-10
269	1.791595e-01	1.026586e-03	8.711681e-04	4.912977e-05	-1.011459e-08	-1.542842e-06	1.001813e-09
270	1.801931e-01	1.071280e-03	8.261628e-04	5.193918e-05	-1.052606e-08	-1.617174e-06	2.227121e-09
271	1.803665e-01	9.957759e-04	7.533200e-04	5.008882e-05	-8.869888e-09	-1.373316e-06	3.999099e-09
272	1.801185e-01	1.029886e-03	7.984575e-04	4.777740e-05	-8.459752e-09	-1.350426e-06	3.938625e-09
273	1.797768e-01	9.761069e-04	8.089243e-04	5.086322e-05	-9.724932e-09	-1.448128e-06	3.445183e-09
274	1.796834e-01	1.003006e-03	8.113942e-04	4.930533e-05	-9.638199e-09	-1.483733e-06	2.088178e-09
275	1.798319e-01	9.925772e-04	8.206113e-04	4.999386e-05	-9.801000e-09	-1.471998e-06	2.545388e-09
276	1.797707e-01	1.001925e-03	8.044537e-04	4.877038e-05	-9.380356e-09	-1.447886e-06	2.308195e-09
277	1.798818e-01	1.009662e-03	8.068660e-04	4.963630e-05	-9.750648e-09	-1.502235e-06	1.896890e-09
278	1.798597e-01	1.014522e-03	8.104192e-04	4.996723e-05	-9.839645e-09	-1.504199e-06	2.069958e-09
279	1.799861e-01	9.845830e-04	8.311666e-04	5.070779e-05	-1.022239e-08	-1.522960e-06	1.968126e-09
280	1.797511e-01	9.955757e-04	8.207210e-04	5.010534e-05	-9.954811e-09	-1.500056e-06	2.035106e-09
281	1.797802e-01	9.823529e-04	8.009642e-04	4.962955e-05	-9.643895e-09	-1.471944e-06	2.215152e-09
282	1.799336e-01	1.004961e-03	8.113349e-04	5.070519e-05	-9.954230e-09	-1.504020e-06	2.584963e-09
283	1.797062e-01	9.858350e-04	8.198065e-04	5.126468e-05	-1.002989e-08	-1.493846e-06	3.138690e-09
284	1.798961e-01	1.026287e-03	8.172497e-04	5.046586e-05	-9.986009e-09	-1.525335e-06	2.306063e-09
285	1.798791e-01	1.012402e-03	8.182748e-04	5.148858e-05	-1.037834e-08	-1.565171e-06	1.996134e-09
286	1.797542e-01	9.829256e-04	7.991049e-04	4.982357e-05	-9.657747e-09	-1.476321e-06	2.358472e-09
287	1.797497e-01	1.016874e-03	8.149377e-04	4.917169e-05	-9.710462e-09	-1.497251e-06	1.610867e-09
288	1.799241e-01	1.000148e-03	8.216019e-04	5.169767e-05	-1.029773e-08	-1.534384e-06	2.734460e-09
289	1.797794e-01	9.796242e-04	8.248942e-04	5.060933e-05	-1.005505e-08	-1.498227e-06	2.413224e-09
290	1.799908e-01	1.007106e-03	8.203984e-04	5.028833e-05	-9.978652e-09	-1.511048e-06	2.181886e-09
291	1.798107e-01	1.005651e-03	8.147825e-04	5.042195e-05	-1.000325e-08	-1.526004e-06	2.093592e-09
292	1.801943e-01	1.023108e-03	8.101981e-04	5.110335e-05	-1.016877e-08	-1.556545e-06	2.173575e-09
293	1.799540e-01	1.038000e-03	8.117064e-04	5.058509e-05	-1.002087e-08	-1.552384e-06	2.156183e-09
294	1.796982e-01	9.809613e-04	8.124113e-04	4.943945e-05	-9.575309e-09	-1.447857e-06	2.547061e-09
295	1.801130e-01	1.030254e-03	8.481468e-04	5.205458e-05	-1.076588e-08	-1.586245e-06	1.930774e-09
296	1.797932e-01	9.692804e-04	8.216083e-04	5.006772e-05	-1.003690e-08	-1.505559e-06	1.542601e-09
297	1.798544e-01	1.004854e-03	8.216164e-04	4.998191e-05	-9.825961e-09	-1.477118e-06	2.457861e-09
298	1.798573e-01	1.000583e-03	8.062599e-04	5.006832e-05	-9.688480e-09	-1.465571e-06	2.707311e-09
299	1.799475e-01	9.694454e-04	8.222565e-04	5.075302e-05	-1.018816e-08	-1.504319e-06	1.922910e-09
300	1.802063e-01	1.006624e-03	8.495148e-04	5.207839e-05	-1.075129e-08	-1.587428e-06	2.097441e-09
301	1.802868e-01	1.054870e-03	8.278475e-04	5.241247e-05	-1.063783e-08	-1.606764e-06	2.455719e-09
302	1.796184e-01	1.005644e-03	7.973041e-04	4.762445e-05	-9.189199e-09	-1.461925e-06	1.296372e-09
303	1.799995e-01	1.002097e-03	8.236942e-04	5.002925e-05	-9.998015e-09	-1.517862e-06	1.783893e-09
304	1.798331e-01	1.018339e-03	7.975864e-04	4.887269e-05	-9.351698e-09	-1.464708e-06	2.377285e-09
305	1.799024e-01	1.004353e-03	8.058045e-04	5.038435e-05	-9.975752e-09	-1.539578e-06	1.884325e-09
306	1.798909e-01	1.013460e-03	8.108764e-04	5.043648e-05	-9.887847e-09	-1.504449e-06	2.503546e-09
307	1.803901e-01	1.029188e-03	8.265147e-04	5.193912e-05	-1.019447e-08	-1.518158e-06	3.446689e-09
308	1.798987e-01	1.038318e-03	8.359326e-04	5.056560e-05	-1.019757e-08	-1.552830e-06	2.021754e-09
309	1.797000e-01	9.658056e-04	7.925545e-04	4.791656e-05	-9.044953e-09	-1.393284e-06	2.320066e-09
310	1.800041e-01	1.020704e-03	7.982574e-04	5.072775e-05	-9.891254e-09	-1.530937e-06	2.523085e-09
311	1.796846e-01	9.737715e-04	8.124979e-04	4.878035e-05	-9.426808e-09	-1.426478e-06	2.333478e-09
312	1.796785e-01	1.001620e-03	8.278915e-04	5.139334e-05	-1.038756e-08	-1.553933e-06	2.116583e-09
313	1.802752e-01	1.012344e-03	8.292932e-04	5.188819e-05	-1.039775e-08	-1.519586e-06	2.782348e-09
314	1.799635e-01	1.007396e-03	8.181294e-04	5.074339e-05	-1.007924e-08	-1.519045e-06	2.303166e-09
315	1.798690e-01	1.007751e-03	8.220650e-04	5.010744e-05	-9.879163e-09	-1.497676e-06	2.413319e-09
316	1.799545e-01	9.917286e-04	8.214556e-04	5.153211e-05	-1.031646e-08	-1.540491e-06	2.446234e-09
317	1.798536e-01	1.003096e-03	8.224221e-04	5.016743e-05	-1.010395e-08	-1.536171e-06	1.322546e-09
318	1.800859e-01	1.017631e-03	8.086217e-04	5.135092e-05	-1.006058e-08	-1.528154e-06	2.877280e-09
319	1.797747e-01	1.007522e-03	8.134957e-04	4.949522e-05	-9.808041e-09	-1.506626e-06	1.562210e-09
320	1.802097e-01	1.003411e-03	8.233257e-04	5.146793e-05	-1.034143e-08	-1.538967e-06	2.302985e-09
321	1.799422e-01	9.957355e-04	8.270651e-04	5.068488e-05	-1.018133e-08	-1.517308e-06	2.007601e-09
322	1.797918e-01	1.037797e-03	8.321518e-04	5.076171e-05	-1.026490e-08	-1.556322e-06	1.864787e-09
323	1.797574e-01	1.008222e-03	8.060521e-04	5.046503e-05	-9.970017e-09	-1.536599e-06	2.047636e-09
324	1.799691e-01	9.828193e-04	8.162050e-04	5.110292e-05	-1.025252e-08	-1.534035e-06	1.952683e-09
325	1.801853e-01	1.015775e-03	8.411146e-04	5.148533e-05	-1.049895e-08	-1.566179e-06	2.136002e-09
326	1.797167e-01	1.023307e-03	8.213340e-04	5.050540e-05	-1.020355e-08	-1.564595e-06	1.303481e-09
327	1.798813e-01	9.882762e-04	8.139790e-04	5.085467e-05	-1.015451e-08	-1.525328e-06	1.985113e-09
328	1.801234e-01	1.032959e-03	8.414283e-04	5.188887e-05	-1.060677e-08	-1.584387e-06	2.247482e-09
329	1.797572e-01	9.830633e-04	8.028950e-04	4.977651e-05	-9.792664e-09	-1.507865e-06	1.768000e-09
330	1.799354e-01	1.039969e-03	8.399745e-04	5.156595e-05	-1.068521e-08	-1.632377e-06	1.000203e-09
331	1.795483e-01	9.784565e-04	7.966792e-04	4.856157e-05	-9.399065e-09	-1.455591e-06	1.700775e-09
332	1.799210e-01	1.016604e-03	8.264462e-04	5.072183e-05	-1.028383e-08	-1.549322e-06	1.444891e-09
333	1.795627e-01	1.013171e-03	8.004699e-04	4.846310e-05	-9.267958e-09	-1.453758e-06	2.284202e-09
334	1.800053e-01	9.836879e-04	8.339889e-04	5.112701e-05	-1.041240e-08	-1.540163e-06	1.743558e-09
335	1.799055e-01	9.939714e-04	8.128340e-04	5.033718e-05	-9.901750e-09	-1.488597e-06	2.372549e-09
336	1.798691e-01	1.005637e-03	8.405569e-04	5.115882e-05	-1.042522e-08	-1.542836e-06	1.964777e-09
337	1.797067e-01	9.956568e-04	8.255954e-04	5.001678e-05	-1.003145e-08	-1.514612e-06	1.635048e-09
338	1.796798e-01	1.017201e-03	8.121275e-04	5.026264e-05	-9.856857e-09	-1.511018e-06	2.442630e-09
339	1.795214e-01	9.818604e-04	7.960832e-04	4.890596e-05	-9.419194e-09	-1.467437e-06	2.097373e-09
340	1.800214e-01	1.018435e-03	8.435990e-04	5.237032e-05	-1.082636e-08	-1.606051e-06	1.989744e-09
341	1.802723e-01	1.008284e-03	8.342347e-04	5.220983e-05	-1.061828e-08	-1.566311e-06	2.445000e-09
342	1.800133e-01	1.013333e-03	8.244948e-04	5.090423e-05	-1.023700e-08	-1.542285e-06	1.989684e-09
343	1.802649e-01	1.012700e-03	8.389489e-04	5.237725e-05	-1.071662e-08	-1.578403e-06	2.388101e-09
344	1.800579e-01	1.044396e-03	8.302620e-04	5.185992e-05	-1.048640e-08	-1.583567e-06	2.415782e-09
345	1.797580e-01	1.001998e-03	7.903966e-04	4.862541e-05	-9.193247e-09	-1.443577e-06	2.521357e-09
346	1.798528e-01	1.001076e-03	8.262786e-04	5.110866e-05	-1.019657e-08	-1.507160e-06	2.517700e-09
347	1.798222e-01	1.004968e-03	8.185186e-04	5.064075e-05	-1.018686e-08	-1.546185e-06	1.589619e-09
348	1.801994e-01	1.031121e-03	8.307717e-04	5.219131e-05	-1.054958e-08	-1.564271e-06	2.610269e-09
349	1.799509e-01	9.927646e-04	8.279981e-04	5.154553e-05	-1.040026e-08	-1.530913e-06	2.287298e-09
350	1.797859e-01	9.765012e-04	8.174260e-04	4.911296e-05	-9.740440e-09	-1.479461e-06	1.399935e-09
351	1.800932e-01	9.932490e-04	8.346867e-04	5.118205e-05	-1.038358e-08	-1.539159e-06	2.023166e-09
352	1.797684e-01	9.993528e-04	8.223107e-04	5.015457e-05	-9.913357e-09	-1.487286e-06	2.338901e-09
353	1.798379e-01	9.897259e-04	8.211092e-04	4.993720e-05	-9.868683e-09	-1.490048e-06	2.204875e-09
354	1.795586e-01	1.002273e-03	7.886106e-04	4.743706e-05	-8.947047e-09	-1.415510e-06	2.032666e-09
355	1.796976e-01	9.913007e-04	8.176679e-04	5.115984e-05	-1.013720e-08	-1.516307e-06	2.593175e-09
356	1.800860e-01	9.908062e-04	8.272099e-04	5.107200e-05	-1.026273e-08	-1.527600e-06	2.207277e-09
357	1.797266e-01	1.021266e-03	8.035781e-04	4.741056e-05	-8.930941e-09	-1.414840e-06	2.423572e-09
358	1.793935e-01	9.816807e-04	8.239360e-04	5.081848e-05	-1.039293e-08	-1.566767e-06	3.466073e-10
359	1.791595e-01	1.026586e-03	8.711681e-04	4.912977e-05	-1.011459e-08	-1.542842e-06	1.001813e-09
