0	1.682135e-01	1.418115e-03	3.662523e-04	1.426108e-05	1.028878e-09	5.370031e-07	-6.072862e-11
1	1.679855e-01	1.370441e-03	3.318475e-04	1.338602e-05	8.921427e-10	4.950860e-07	6.658234e-12
2	1.682377e-01	1.359332e-03	3.591713e-04	1.490554e-05	1.090553e-09	5.492703e-07	-1.192308e-11
3	1.680451e-01	1.365706e-03	3.649914e-04	1.377395e-05	9.754373e-10	5.090226e-07	-4.821149e-11
4	1.682230e-01	1.363942e-03	3.608369e-04	1.441629e-05	1.035103e-09	5.322405e-07	-9.835876e-11
5	1.681101e-01	1.384102e-03	3.660134e-04	1.395817e-05	9.960953e-10	5.192761e-07	-5.620919e-11
6	1.681038e-01	1.343418e-03	3.592393e-04	1.405740e-05	9.934433e-10	5.149046e-07	-1.048644e-10
7	1.681698e-01	1.394972e-03	3.599798e-04	1.377933e-05	9.678700e-10	5.145012e-07	-7.096498e-11
8	1.679657e-01	1.352047e-03	3.539640e-04	1.362719e-05	9.415700e-10	5.006190e-07	-9.580535e-11
9	1.681326e-01	1.387712e-03	3.586127e-04	1.389232e-05	9.788296e-10	5.175157e-07	-5.825541e-11
10	1.680539e-01	1.349804e-03	3.608747e-04	1.374742e-05	9.652915e-10	5.049658e-07	-7.626910e-11
11	1.680397e-01	1.364317e-03	3.566578e-04	1.356533e-05	9.409928e-10	5.009133e-07	-6.961643e-11
12	1.679060e-01	1.344135e-03	3.494699e-04	1.338640e-05	9.123149e-10	4.905435e-07	-7.735764e-11
13	1.682424e-01	1.396321e-03	3.637360e-04	1.433719e-05	1.032096e-09	5.356546e-07	-8.208145e-11
14	1.679917e-01	1.354217e-03	3.528550e-04	1.373426e-05	9.539279e-10	5.053887e-07	-6.450635e-11
15	1.681256e-01	1.386944e-03	3.524018e-04	1.403715e-05	9.840880e-10	5.226541e-07	-7.924734e-11
16	1.681198e-01	1.366280e-03	3.613053e-04	1.407401e-05	1.000459e-09	5.200479e-07	-7.944164e-11
17	1.680565e-01	1.366232e-03	3.563787e-04	1.383776e-05	9.697571e-10	5.114510e-07	-6.220769e-11
18	1.680828e-01	1.382918e-03	3.533477e-04	1.387692e-05	9.683465e-10	5.158519e-07	-8.088432e-11
19	1.681622e-01	1.385603e-03	3.659330e-04	1.391381e-05	9.897015e-10	5.176752e-07	-7.861757e-11
20	1.679978e-01	1.361064e-03	3.532156e-04	1.336321e-05	9.161458e-10	4.929225e-07	-5.974943e-11
21	1.681416e-01	1.379217e-03	3.617225e-04	1.404904e-05	9.954781e-10	5.212411e-07	-1.098087e-10
22	1.680252e-01	1.365210e-03	3.567818e-04	1.327360e-05	9.117092e-10	4.904423e-07	-5.636175e-11
23	1.680107e-01	1.333406e-03	3.572919e-04	1.388666e-05	9.738834e-10	5.065451e-07	-9.132557e-11
24	1.680314e-01	1.366121e-03	3.604495e-04	1.375194e-05	9.657656e-10	5.081436e-07	-6.871778e-11
25	1.679336e-01	1.336162e-03	3.503943e-04	1.334375e-05	9.099989e-10	4.876372e-07	-6.643527e-11
26	1.682960e-01	1.427312e-03	3.604541e-04	1.439150e-05	1.032691e-09	5.434206e-07	-8.919335e-11
27	1.681767e-01	1.383687e-03	3.663562e-04	1.450292e-05	1.051640e-09	5.389897e-07	-1.077547e-10
28	1.682616e-01	1.365356e-03	3.671289e-04	1.454889e-05	1.057431e-09	5.373053e-07	-1.115231e-10
29	1.682018e-01	1.399728e-03	3.628393e-04	1.417118e-05	1.014003e-09	5.301379e-07	-6.632694e-11
30	1.681678e-01	1.366319e-03	3.673558e-04	1.405900e-05	1.007911e-09	5.195923e-07	-7.025924e-11
31	1.680869e-01	1.395719e-03	3.479163e-04	1.388190e-05	9.620841e-10	5.185047e-07	-7.155063e-11
32	1.681833e-01	1.352072e-03	3.711684e-04	1.408372e-05	1.012989e-09	5.175115e-07	-1.035420e-10
33	1.680751e-01	1.414407e-03	3.474624e-04	1.352447e-05	9.216540e-10	5.081454e-07	-1.004959e-10
34	1.679757e-01	1.306545e-03	3.633467e-04	1.376267e-05	9.712531e-10	4.974357e-07	-6.197738e-11
35	1.681650e-01	1.405013e-03	3.552280e-04	1.376865e-05	9.597589e-10	5.160237e-07	-7.797836e-11
36	1.679671e-01	1.345127e-03	3.598226e-04	1.339834e-05	9.277302e-10	4.912818e-07	-6.903140e-11
37	1.681327e-01	1.386270e-03	3.640028e-04	1.413900e-05	1.008683e-09	5.256120e-07	-1.069099e-10
38	1.681661e-01	1.385878e-03	3.603555e-04	1.391587e-05	9.825929e-10	5.177783e-07	-7.487924e-11
39	1.678833e-01	1.334522e-03	3.475904e-04	1.307748e-05	8.790175e-10	4.772998e-07	-6.870770e-11
40	1.680207e-01	1.359195e-03	3.529984e-04	1.396329e-05	9.747548e-10	5.142193e-07	-1.043141e-10
41	1.680660e-01	1.362281e-03	3.626715e-04	1.380395e-05	9.730901e-10	5.091754e-07	-8.391082e-11
42	1.679887e-01	1.378575e-03	3.525335e-04	1.343637e-05	9.216962e-10	4.987650e-07	-7.505830e-11
43	1.679713e-01	1.350246e-03	3.534146e-04	1.354872e-05	9.363747e-10	4.978416e-07	-4.673001e-11
44	1.682121e-01	1.375630e-03	3.703141e-04	1.411117e-05	1.016296e-09	5.228763e-07	-8.765974e-11
45	1.682946e-01	1.393049e-03	3.536977e-04	1.416398e-05	9.988410e-10	5.285709e-07	-8.583417e-11
46	1.680241e-01	1.357007e-03	3.580666e-04	1.354819e-05	9.400452e-10	4.988976e-07	-8.222928e-11
47	1.682006e-01	1.385741e-03	3.559710e-04	1.400717e-05	9.839712e-10	5.207000e-07	-1.004371e-10
48	1.682090e-01	1.382138e-03	3.611514e-04	1.450184e-05	1.043707e-09	5.387501e-07	-1.100519e-10
49	1.679516e-01	1.353941e-03	3.505201e-04	1.332113e-05	9.081605e-10	4.901559e-07	-6.186895e-11
50	1.680339e-01	1.366188e-03	3.598091e-04	1.377870e-05	9.644875e-10	5.086868e-07	-1.048589e-10
51	1.681117e-01	1.374212e-03	3.633424e-04	1.398073e-05	9.917385e-10	5.178052e-07	-9.672164e-11
52	1.681246e-01	1.370333e-03	3.623035e-04	1.357138e-05	9.468084e-10	5.017442e-07	-9.576821e-11
53	1.681455e-01	1.344177e-03	3.742698e-04	1.426728e-05	1.038038e-09	5.230495e-07	-9.707187e-11
54	1.680925e-01	1.366056e-03	3.532480e-04	1.363697e-05	9.453874e-10	5.039786e-07	-4.569963e-11
55	1.680801e-01	1.377034e-03	3.515470e-04	1.414240e-05	9.935938e-10	5.246200e-07	-8.457147e-11
56	1.680934e-01	1.368877e-03	3.655578e-04	1.371270e-05	9.669361e-10	5.070065e-07	-8.734328e-11
57	1.680189e-01	1.343666e-03	3.597683e-04	1.368913e-05	9.596936e-10	5.016947e-07	-4.334336e-11
58	1.681308e-01	1.383808e-03	3.564387e-04	1.382760e-05	9.685212e-10	5.143704e-07	-6.591423e-11
59	1.680311e-01	1.359149e-03	3.566229e-04	1.393739e-05	9.780883e-10	5.135440e-07	-9.405723e-11
60	1.679051e-01	1.339992e-03	3.482692e-04	1.330971e-05	9.027285e-10	4.869403e-07	-7.892031e-11
61	1.680400e-01	1.390191e-03	3.455476e-04	1.347645e-05	9.160533e-10	5.019392e-07	-8.113253e-11
62	1.679316e-01	1.361416e-03	3.404709e-04	1.288426e-05	8.498498e-10	4.751583e-07	-7.725358e-11
63	1.679351e-01	1.344327e-03	3.503009e-04	1.312563e-05	8.876301e-10	4.811751e-07	-6.521671e-11
64	1.680067e-01	1.345428e-03	3.580220e-04	1.401703e-05	9.887427e-10	5.138441e-07	-9.159993e-11
65	1.681317e-01	1.366242e-03	3.632746e-04	1.425710e-05	1.020809e-09	5.264232e-07	-1.034716e-10
66	1.681600e-01	1.384543e-03	3.642613e-04	1.410421e-05	1.009433e-09	5.247825e-07	-5.536526e-11
67	1.681224e-01	1.360389e-03	3.655226e-04	1.379746e-05	9.771369e-10	5.086725e-07	-7.274609e-11
68	1.681117e-01	1.390040e-03	3.566893e-04	1.372901e-05	9.571997e-10	5.117074e-07	-8.234938e-11
69	1.680953e-01	1.363865e-03	3.597253e-04	1.396025e-05	9.878809e-10	5.155594e-07	-5.286071e-11
70	1.681636e-01	1.386612e-03	3.587491e-04	1.392400e-05	9.814140e-10	5.183937e-07	-7.273201e-11
71	1.680714e-01	1.371374e-03	3.593118e-04	1.360753e-05	9.489613e-10	5.038210e-07	-6.933680e-11
72	1.682705e-01	1.391333e-03	3.689676e-04	1.436642e-05	1.042788e-09	5.357691e-07	-8.145717e-11
73	1.681082e-01	1.396014e-03	3.520981e-04	1.391038e-05	9.686755e-10	5.191293e-07	-9.689470e-11
74	1.681658e-01	1.377658e-03	3.602434e-04	1.423626e-05	1.016168e-09	5.283755e-07	-8.249195e-11
75	1.681243e-01	1.362310e-03	3.637556e-04	1.390422e-05	9.861234e-10	5.130874e-07	-7.320263e-11
76	1.681436e-01	1.378197e-03	3.584084e-04	1.390020e-05	9.788901e-10	5.160004e-07	-6.605944e-11
77	1.680888e-01	1.362573e-03	3.610219e-04	1.380837e-05	9.728746e-10	5.097066e-07	-6.351260e-11
78	1.680152e-01	1.363022e-03	3.528641e-04	1.361132e-05	9.385282e-10	5.021020e-07	-9.484937e-11
79	1.681994e-01	1.379890e-03	3.674627e-04	1.428769e-05	1.031898e-09	5.306132e-07	-8.337489e-11
80	1.681420e-01	1.373841e-03	3.649642e-04	1.432730e-05	1.032949e-09	5.308922e-07	-7.982054e-11
81	1.680905e-01	1.375004e-03	3.603110e-04	1.377940e-05	9.677147e-10	5.108063e-07	-7.884986e-11
82	1.680673e-01	1.336386e-03	3.640248e-04	1.403632e-05	9.985744e-10	5.127783e-07	-9.760548e-11
83	1.679865e-01	1.364784e-03	3.536778e-04	1.347632e-05	9.280550e-10	4.978523e-07	-6.574476e-11
84	1.680639e-01	1.348427e-03	3.610149e-04	1.363466e-05	9.529016e-10	5.004657e-07	-8.400659e-11
85	1.681053e-01	1.367754e-03	3.539177e-04	1.395614e-05	9.779801e-10	5.159087e-07	-7.487700e-11
86	1.681399e-01	1.371857e-03	3.635263e-04	1.366010e-05	9.599285e-10	5.059143e-07	-7.174787e-11
87	1.681503e-01	1.374521e-03	3.586957e-04	1.429759e-05	1.018871e-09	5.297053e-07	-1.013582e-10
88	1.678346e-01	1.361916e-03	3.515134e-04	1.244968e-05	8.126444e-10	4.579658e-07	-1.337931e-10
89	1.682708e-01	1.374024e-03	3.905793e-04	1.471226e-05	1.098590e-09	5.434662e-07	-1.920707e-10
90	1.682135e-01	1.418115e-03	3.662523e-04	1.426108e-05	1.028878e-09	5.370031e-07	-6.072862e-11
91	1.679855e-01	1.370441e-03	3.318475e-04	1.338602e-05	8.921427e-10	4.950860e-07	6.658234e-12
92	1.682377e-01	1.359332e-03	3.591713e-04	1.490554e-05	1.090553e-09	5.492703e-07	-1.192308e-11
93	1.680451e-01	1.365706e-03	3.649914e-04	1.377395e-05	9.754373e-10	5.090226e-07	-4.821149e-11
94	1.682230e-01	1.363942e-03	3.608369e-04	1.441629e-05	1.035103e-09	5.322405e-07	-9.835876e-11
95	1.681101e-01	1.384102e-03	3.660134e-04	1.395817e-05	9.960953e-10	5.192761e-07	-5.620919e-11
96	1.681038e-01	1.343418e-03	3.592393e-04	1.405740e-05	9.934433e-10	5.149046e-07	-1.048644e-10
97	1.681698e-01	1.394972e-03	3.599798e-04	1.377933e-05	9.678700e-10	5.145012e-07	-7.096498e-11
98	1.679657e-01	1.352047e-03	3.539640e-04	1.362719e-05	9.415700e-10	5.006190e-07	-9.580535e-11
99	1.681326e-01	1.387712e-03	3.586127e-04	1.389232e-05	9.788296e-10	5.175157e-07	-5.825541e-11
100	1.680539e-01	1.349804e-03	3.608747e-04	1.374742e-05	9.652915e-10	5.049658e-07	-7.626910e-11
101	1.680397e-01	1.364317e-03	3.566578e-04	1.356533e-05	9.409928e-10	5.009133e-07	-6.961643e-11
102	1.679060e-01	1.344135e-03	3.494699e-04	1.338640e-05	9.123149e-10	4.905435e-07	-7.735764e-11
103	1.682424e-01	1.396321e-03	3.637360e-04	1.433719e-05	1.032096e-09	5.356546e-07	-8.208145e-11
104	1.679519e-01	1.346273e-03	3.505996e-04	1.365441e-05	9.421234e-10	5.009185e-07	-7.034356e-11
105	1.681256e-01	1.386944e-03	3.524018e-04	1.403715e-05	9.840880e-10	5.226541e-07	-7.924734e-11
106	1.681198e-01	1.366280e-03	3.613053e-04	1.407401e-05	1.000459e-09	5.200479e-07	-7.944164e-11
107	1.680565e-01	1.366232e-03	3.563787e-04	1.383776e-05	9.697571e-10	5.114510e-07	-6.220769e-11
108	1.680828e-01	1.382918e-03	3.533477e-04	1.387692e-05	9.683465e-10	5.158519e-07	-8.088432e-11
109	1.681639e-01	1.380146e-03	3.673594e-04	1.387468e-05	9.873702e-10	5.152539e-07	-7.940765e-11
110	1.679978e-01	1.361064e-03	3.532156e-04	1.336321e-05	9.161458e-10	4.929225e-07	-5.974943e-11
111	1.681416e-01	1.379217e-03	3.617225e-04	1.404904e-05	9.954781e-10	5.212411e-07	-1.098087e-10
112	1.680252e-01	1.365210e-03	3.567818e-04	1.327360e-05	9.117092e-10	4.904423e-07	-5.636175e-11
113	1.680107e-01	1.333406e-03	3.572919e-04	1.388666e-05	9.738834e-10	5.065451e-07	-9.132557e-11
114	1.680314e-01	1.366121e-03	3.604495e-04	1.375194e-05	9.657656e-10	5.081436e-07	-6.871778e-11
115	1.679336e-01	1.336162e-03	3.503943e-04	1.334375e-05	9.099989e-10	4.876372e-07	-6.643527e-11
116	1.682960e-01	1.427312e-03	3.604541e-04	1.439150e-05	1.032691e-09	5.434206e-07	-8.919335e-11
117	1.681767e-01	1.383687e-03	3.663562e-04	1.450292e-05	1.051640e-09	5.389897e-07	-1.077547e-10
118	1.682616e-01	1.365356e-03	3.671289e-04	1.454889e-05	1.057431e-09	5.373053e-07	-1.115231e-10
119	1.681964e-01	1.398388e-03	3.645711e-04	1.420659e-05	1.020294e-09	5.312384e-07	-6.578001e-11
120	1.681678e-01	1.366319e-03	3.673558e-04	1.405900e-05	1.007911e-09	5.195923e-07	-7.025924e-11
121	1.680869e-01	1.395719e-03	3.479163e-04	1.388190e-05	9.620841e-10	5.185047e-07	-7.155063e-11
122	1.681833e-01	1.352072e-03	3.711684e-04	1.408372e-05	1.012989e-09	5.175115e-07	-1.035420e-10
123	1.680751e-01	1.414407e-03	3.474624e-04	1.352447e-05	9.216540e-10	5.081454e-07	-1.004959e-10
124	1.679757e-01	1.306545e-03	3.633467e-04	1.376267e-05	9.712531e-10	4.974357e-07	-6.197738e-11
125	1.681712e-01	1.401515e-03	3.561603e-04	1.387525e-05	9.723152e-10	5.193842e-07	-7.754699e-11
126	1.679671e-01	1.345127e-03	3.598226e-04	1.339834e-05	9.277302e-10	4.912818e-07	-6.903140e-11
127	1.681327e-01	1.386270e-03	3.640028e-04	1.413900e-05	1.008683e-09	5.256120e-07	-1.069099e-10
128	1.681661e-01	1.385878e-03	3.603555e-04	1.391587e-05	9.825929e-10	5.177783e-07	-7.487924e-11
129	1.678833e-01	1.334522e-03	3.475904e-04	1.307748e-05	8.790175e-10	4.772998e-07	-6.870770e-11
130	1.680207e-01	1.359195e-03	3.529984e-04	1.396329e-05	9.747548e-10	5.142193e-07	-1.043141e-10
131	1.680660e-01	1.362281e-03	3.626715e-04	1.380395e-05	9.730901e-10	5.091754e-07	-8.391082e-11
132	1.679887e-01	1.378575e-03	3.525335e-04	1.343637e-05	9.216962e-10	4.987650e-07	-7.505830e-11
133	1.679713e-01	1.350246e-03	3.534146e-04	1.354872e-05	9.363747e-10	4.978416e-07	-4.673001e-11
134	1.682121e-01	1.375630e-03	3.703141e-04	1.411117e-05	1.016296e-09	5.228763e-07	-8.765974e-11
135	1.682946e-01	1.393049e-03	3.536977e-04	1.416398e-05	9.988410e-10	5.285709e-07	-8.583417e-11
136	1.680241e-01	1.357007e-03	3.580666e-04	1.354819e-05	9.400452e-10	4.988976e-07	-8.222928e-11
137	1.682006e-01	1.385741e-03	3.559710e-04	1.400717e-05	9.839712e-10	5.207000e-07	-1.004371e-10
138	1.682090e-01	1.382138e-03	3.611514e-04	1.450184e-05	1.043707e-09	5.387501e-07	-1.100519e-10
139	1.679516e-01	1.353941e-03	3.505201e-04	1.332113e-05	9.081605e-10	4.901559e-07	-6.186895e-11
140	1.680339e-01	1.366188e-03	3.598091e-04	1.377870e-05	9.644875e-10	5.086868e-07	-1.048589e-10
141	1.681117e-01	1.374212e-03	3.633424e-04	1.398073e-05	9.917385e-10	5.178052e-07	-9.672164e-11
142	1.681246e-01	1.370333e-03	3.623035e-04	1.357138e-05	9.468084e-10	5.017442e-07	-9.576821e-11
143	1.681455e-01	1.344177e-03	3.742698e-04	1.426728e-05	1.038038e-09	5.230495e-07	-9.707187e-11
144	1.680925e-01	1.366056e-03	3.532480e-04	1.363697e-05	9.453874e-10	5.039786e-07	-4.569963e-11
145	1.680801e-01	1.377034e-03	3.515470e-04	1.414240e-05	9.935938e-10	5.246200e-07	-8.457147e-11
146	1.680934e-01	1.368877e-03	3.655578e-04	1.371270e-05	9.669361e-10	5.070065e-07	-8.734328e-11
147	1.680189e-01	1.343666e-03	3.597683e-04	1.368913e-05	9.596936e-10	5.016947e-07	-4.334336e-11
148	1.681308e-01	1.383808e-03	3.564387e-04	1.382760e-05	9.685212e-10	5.143704e-07	-6.591423e-11
149	1.680311e-01	1.359149e-03	3.566229e-04	1.393739e-05	9.780883e-10	5.135440e-07	-9.405723e-11
150	1.679051e-01	1.339992e-03	3.482692e-04	1.330971e-05	9.027285e-10	4.869403e-07	-7.892031e-11
151	1.680400e-01	1.390191e-03	3.455476e-04	1.347645e-05	9.160533e-10	5.019392e-07	-8.113253e-11
152	1.679316e-01	1.361416e-03	3.404709e-04	1.288426e-05	8.498498e-10	4.751583e-07	-7.725358e-11
153	1.679212e-01	1.333767e-03	3.507720e-04	1.311384e-05	8.867135e-10	4.788420e-07	-6.933909e-11
154	1.680067e-01	1.345428e-03	3.580220e-04	1.401703e-05	9.887427e-10	5.138441e-07	-9.159993e-11
155	1.681317e-01	1.366242e-03	3.632746e-04	1.425710e-05	1.020809e-09	5.264232e-07	-1.034716e-10
156	1.681653e-01	1.380852e-03	3.650856e-04	1.420925e-05	1.021954e-09	5.279773e-07	-5.475737e-11
157	1.681224e-01	1.360389e-03	3.655226e-04	1.379746e-05	9.771369e-10	5.086725e-07	-7.274609e-11
158	1.681313e-01	1.388437e-03	3.582572e-04	1.387249e-05	9.746955e-10	5.167988e-07	-8.006482e-11
159	1.680953e-01	1.363865e-03	3.597253e-04	1.396025e-05	9.878809e-10	5.155594e-07	-5.286071e-11
160	1.681636e-01	1.386612e-03	3.587491e-04	1.392400e-05	9.814140e-10	5.183937e-07	-7.273201e-11
161	1.680714e-01	1.371374e-03	3.593118e-04	1.360753e-05	9.489613e-10	5.038210e-07	-6.933680e-11
162	1.682705e-01	1.391333e-03	3.689676e-04	1.436642e-05	1.042788e-09	5.357691e-07	-8.145717e-11
163	1.681590e-01	1.407179e-03	3.547369e-04	1.406441e-05	9.887517e-10	5.270212e-07	-9.625848e-11
164	1.681658e-01	1.377658e-03	3.602434e-04	1.423626e-05	1.016168e-09	5.283755e-07	-8.249195e-11
165	1.681243e-01	1.362310e-03	3.637556e-04	1.390422e-05	9.861234e-10	5.130874e-07	-7.320263e-11
166	1.681436e-01	1.378197e-03	3.584084e-04	1.390020e-05	9.788901e-10	5.160004e-07	-6.605944e-11
167	1.681263e-01	1.376011e-03	3.612058e-04	1.397733e-05	9.905206e-10	5.184389e-07	-7.218664e-11
168	1.680152e-01	1.363022e-03	3.528641e-04	1.361132e-05	9.385282e-10	5.021020e-07	-9.484937e-11
169	1.681994e-01	1.379890e-03	3.674627e-04	1.428769e-05	1.031898e-09	5.306132e-07	-8.337489e-11
170	1.681420e-01	1.373841e-03	3.649642e-04	1.432730e-05	1.032949e-09	5.308922e-07	-7.982054e-11
171	1.680905e-01	1.375004e-03	3.603110e-04	1.377940e-05	9.677147e-10	5.108063e-07	-7.884986e-11
172	1.680673e-01	1.336386e-03	3.640248e-04	1.403632e-05	9.985744e-10	5.127783e-07	-9.760548e-11
173	1.679865e-01	1.364784e-03	3.536778e-04	1.347632e-05	9.280550e-10	4.978523e-07	-6.574476e-11
174	1.680639e-01	1.348427e-03	3.610149e-04	1.363466e-05	9.529016e-10	5.004657e-07	-8.400659e-11
175	1.681053e-01	1.367754e-03	3.539177e-04	1.395614e-05	9.779801e-10	5.159087e-07	-7.487700e-11
176	1.681399e-01	1.371857e-03	3.635263e-04	1.366010e-05	9.599285e-10	5.059143e-07	-7.174787e-11
177	1.681503e-01	1.374521e-03	3.586957e-04	1.429759e-05	1.018871e-09	5.297053e-07	-1.013582e-10
178	1.678346e-01	1.361916e-03	3.515134e-04	1.244968e-05	8.126444e-10	4.579658e-07	-1.337931e-10
179	1.682708e-01	1.374024e-03	3.905793e-04	1.471226e-05	1.098590e-09	5.434662e-07	-1.920707e-10
180	1.682135e-01	1.418115e-03	3.662523e-04	1.426108e-05	1.028878e-09	5.370031e-07	-6.072862e-11
181	1.679855e-01	1.370441e-03	3.318475e-04	1.338602e-05	8.921427e-10	4.950860e-07	6.658234e-12
182	1.682377e-01	1.359332e-03	3.591713e-04	1.490554e-05	1.090553e-09	5.492703e-07	-1.192308e-11
183	1.680451e-01	1.365706e-03	3.649914e-04	1.377395e-05	9.754373e-10	5.090226e-07	-4.821149e-11
184	1.682230e-01	1.363942e-03	3.608369e-04	1.441629e-05	1.035103e-09	5.322405e-07	-9.835876e-11
185	1.681101e-01	1.384102e-03	3.660134e-04	1.395817e-05	9.960953e-10	5.192761e-07	-5.620919e-11
186	1.681038e-01	1.343418e-03	3.592393e-04	1.405740e-05	9.934433e-10	5.149046e-07	-1.048644e-10
187	1.681698e-01	1.394972e-03	3.599798e-04	1.377933e-05	9.678700e-10	5.145012e-07	-7.096498e-11
188	1.679657e-01	1.352047e-03	3.539640e-04	1.362719e-05	9.415700e-10	5.006190e-07	-9.580535e-11
189	1.681326e-01	1.387712e-03	3.586127e-04	1.389232e-05	9.788296e-10	5.175157e-07	-5.825541e-11
190	1.680539e-01	1.349804e-03	3.608747e-04	1.374742e-05	9.652915e-10	5.049658e-07	-7.626910e-11
191	1.680397e-01	1.364317e-03	3.566578e-04	1.356533e-05	9.409928e-10	5.009133e-07	-6.961643e-11
192	1.679060e-01	1.344135e-03	3.494699e-04	1.338640e-05	9.123149e-10	4.905435e-07	-7.735764e-11
193	1.682424e-01	1.396321e-03	3.637360e-04	1.433719e-05	1.032096e-09	5.356546e-07	-8.208145e-11
194	1.679519e-01	1.346273e-03	3.505996e-04	1.365441e-05	9.421234e-10	5.009185e-07	-7.034356e-11
195	1.681256e-01	1.386944e-03	3.524018e-04	1.403715e-05	9.840880e-10	5.226541e-07	-7.924734e-11
196	1.681198e-01	1.366280e-03	3.613053e-04	1.407401e-05	1.000459e-09	5.200479e-07	-7.944164e-11
197	1.680565e-01	1.366232e-03	3.563787e-04	1.383776e-05	9.697571e-10	5.114510e-07	-6.220769e-11
198	1.680828e-01	1.382918e-03	3.533477e-04	1.387692e-05	9.683465e-10	5.158519e-07	-8.088432e-11
199	1.681639e-01	1.380146e-03	3.673594e-04	1.387468e-05	9.873702e-10	5.152539e-07	-7.940765e-11
200	1.679978e-01	1.361064e-03	3.532156e-04	1.336321e-05	9.161458e-10	4.929225e-07	-5.974943e-11
201	1.681416e-01	1.379217e-03	3.617225e-04	1.404904e-05	9.954781e-10	5.212411e-07	-1.098087e-10
202	1.680252e-01	1.365210e-03	3.567818e-04	1.327360e-05	9.117092e-10	4.904423e-07	-5.636175e-11
203	1.680107e-01	1.333406e-03	3.572919e-04	1.388666e-05	9.738834e-10	5.065451e-07	-9.132557e-11
204	1.680314e-01	1.366121e-03	3.604495e-04	1.375194e-05	9.657656e-10	5.081436e-07	-6.871778e-11
205	1.679336e-01	1.336162e-03	3.503943e-04	1.334375e-05	9.099989e-10	4.876372e-07	-6.643527e-11
206	1.682960e-01	1.427312e-03	3.604541e-04	1.439150e-05	1.032691e-09	5.434206e-07	-8.919335e-11
207	1.681630e-01	1.372922e-03	3.668116e-04	1.448935e-05	1.050289e-09	5.363613e-07	-1.127059e-10
208	1.682616e-01	1.365356e-03	3.671289e-04	1.454889e-05	1.057431e-09	5.373053e-07	-1.115231e-10
209	1.681964e-01	1.398388e-03	3.645711e-04	1.420659e-05	1.020294e-09	5.312384e-07	-6.578001e-11
210	1.681678e-01	1.366319e-03	3.673558e-04	1.405900e-05	1.007911e-09	5.195923e-07	-7.025924e-11
211	1.680869e-01	1.395719e-03	3.479163e-04	1.388190e-05	9.620841e-10	5.185047e-07	-7.155063e-11
212	1.681833e-01	1.352072e-03	3.711684e-04	1.408372e-05	1.012989e-09	5.175115e-07	-1.035420e-10
213	1.680751e-01	1.414407e-03	3.474624e-04	1.352447e-05	9.216540e-10	5.081454e-07	-1.004959e-10
214	1.679757e-01	1.306545e-03	3.633467e-04	1.376267e-05	9.712531e-10	4.974357e-07	-6.197738e-11
215	1.681650e-01	1.405013e-03	3.552280e-04	1.376865e-05	9.597589e-10	5.160237e-07	-7.797836e-11
216	1.679671e-01	1.345127e-03	3.598226e-04	1.339834e-05	9.277302e-10	4.912818e-07	-6.903140e-11
217	1.681327e-01	1.386270e-03	3.640028e-04	1.413900e-05	1.008683e-09	5.256120e-07	-1.069099e-10
218	1.681661e-01	1.385878e-03	3.603555e-04	1.391587e-05	9.825929e-10	5.177783e-07	-7.487924e-11
219	1.678833e-01	1.334522e-03	3.475904e-04	1.307748e-05	8.790175e-10	4.772998e-07	-6.870770e-11
220	1.680207e-01	1.359195e-03	3.529984e-04	1.396329e-05	9.747548e-10	5.142193e-07	-1.043141e-10
221	1.680660e-01	1.362281e-03	3.626715e-04	1.380395e-05	9.730901e-10	5.091754e-07	-8.391082e-11
222	1.679887e-01	1.378575e-03	3.525335e-04	1.343637e-05	9.216962e-10	4.987650e-07	-7.505830e-11
223	1.679713e-01	1.350246e-03	3.534146e-04	1.354872e-05	9.363747e-10	4.978416e-07	-4.673001e-11
224	1.682121e-01	1.375630e-03	3.703141e-04	1.411117e-05	1.016296e-09	5.228763e-07	-8.765974e-11
225	1.682946e-01	1.393049e-03	3.536977e-04	1.416398e-05	9.988410e-10	5.285709e-07	-8.583417e-11
226	1.680241e-01	1.357007e-03	3.580666e-04	1.354819e-05	9.400452e-10	4.988976e-07	-8.222928e-11
227	1.682006e-01	1.385741e-03	3.559710e-04	1.400717e-05	9.839712e-10	5.207000e-07	-1.004371e-10
228	1.681690e-01	1.374311e-03	3.589332e-04	1.441117e-05	1.031437e-09	5.340002e-07	-1.019870e-10
229	1.679516e-01	1.353941e-03	3.505201e-04	1.332113e-05	9.081605e-10	4.901559e-07	-6.186895e-11
230	1.680339e-01	1.366188e-03	3.598091e-04	1.377870e-05	9.644875e-10	5.086868e-07	-1.048589e-10
231	1.681117e-01	1.374212e-03	3.633424e-04	1.398073e-05	9.917385e-10	5.178052e-07	-9.672164e-11
232	1.681246e-01	1.370333e-03	3.623035e-04	1.357138e-05	9.468084e-10	5.017442e-07	-9.576821e-11
233	1.681455e-01	1.344177e-03	3.742698e-04	1.426728e-05	1.038038e-09	5.230495e-07	-9.707187e-11
234	1.680925e-01	1.366056e-03	3.532480e-04	1.363697e-05	9.453874e-10	5.039786e-07	-4.569963e-11
235	1.680801e-01	1.377034e-03	3.515470e-04	1.414240e-05	9.935938e-10	5.246200e-07	-8.457147e-11
236	1.680934e-01	1.368877e-03	3.655578e-04	1.371270e-05	9.669361e-10	5.070065e-07	-8.734328e-11
237	1.680189e-01	1.343666e-03	3.597683e-04	1.368913e-05	9.596936e-10	5.016947e-07	-4.334336e-11
238	1.681308e-01	1.383808e-03	3.564387e-04	1.382760e-05	9.685212e-10	5.143704e-07	-6.591423e-11
239	1.680311e-01	1.359149e-03	3.566229e-04	1.393739e-05	9.780883e-10	5.135440e-07	-9.405723e-11
240	1.679051e-01	1.339992e-03	3.482692e-04	1.330971e-05	9.027285e-10	4.869403e-07	-7.892031e-11
241	1.680179e-01	1.390421e-03	3.434781e-04	1.333579e-05	8.986795e-10	4.966380e-07	-8.363845e-11
242	1.679316e-01	1.361416e-03	3.404709e-04	1.288426e-05	8.498498e-10	4.751583e-07	-7.725358e-11
243	1.679212e-01	1.333767e-03	3.507720e-04	1.311384e-05	8.867135e-10	4.788420e-07	-6.933909e-11
244	1.680067e-01	1.345428e-03	3.580220e-04	1.401703e-05	9.887427e-10	5.138441e-07	-9.159993e-11
245	1.681317e-01	1.366242e-03	3.632746e-04	1.425710e-05	1.020809e-09	5.264232e-07	-1.034716e-10
246	1.681600e-01	1.384543e-03	3.642613e-04	1.410421e-05	1.009433e-09	5.247825e-07	-5.536526e-11
247	1.681224e-01	1.360389e-03	3.655226e-04	1.379746e-05	9.771369e-10	5.086725e-07	-7.274609e-11
248	1.681313e-01	1.388437e-03	3.582572e-04	1.387249e-05	9.746955e-10	5.167988e-07	-8.006482e-11
249	1.680953e-01	1.363865e-03	3.597253e-04	1.396025e-05	9.878809e-10	5.155594e-07	-5.286071e-11
250	1.681636e-01	1.386612e-03	3.587491e-04	1.392400e-05	9.814140e-10	5.183937e-07	-7.273201e-11
251	1.680714e-01	1.371374e-03	3.593118e-04	1.360753e-05	9.489613e-10	5.038210e-07	-6.933680e-11
252	1.682705e-01	1.391333e-03	3.689676e-04	1.436642e-05	1.042788e-09	5.357691e-07	-8.145717e-11
253	1.681082e-01	1.396014e-03	3.520981e-04	1.391038e-05	9.686755e-10	5.191293e-07	-9.689470e-11
254	1.681658e-01	1.377658e-03	3.602434e-04	1.423626e-05	1.016168e-09	5.283755e-07	-8.249195e-11
255	1.681243e-01	1.362310e-03	3.637556e-04	1.390422e-05	9.861234e-10	5.130874e-07	-7.320263e-11
256	1.681436e-01	1.378197e-03	3.584084e-04	1.390020e-05	9.788901e-10	5.160004e-07	-6.605944e-11
257	1.681333e-01	1.369386e-03	3.634139e-04	1.391501e-05	9.868367e-10	5.148929e-07	-7.287494e-11
258	1.680152e-01	1.363022e-03	3.528641e-04	1.361132e-05	9.385282e-10	5.021020e-07	-9.484937e-11
259	1.681994e-01	1.379890e-03	3.674627e-04	1.428769e-05	1.031898e-09	5.306132e-07	-8.337489e-11
260	1.681420e-01	1.373841e-03	3.649642e-04	1.432730e-05	1.032949e-09	5.308922e-07	-7.982054e-11
261	1.680905e-01	1.375004e-03	3.603110e-04	1.377940e-05	9.677147e-10	5.108063e-07	-7.884986e-11
262	1.680673e-01	1.336386e-03	3.640248e-04	1.403632e-05	9.985744e-10	5.127783e-07	-9.760548e-11
263	1.679865e-01	1.364784e-03	3.536778e-04	1.347632e-05	9.280550e-10	4.978523e-07	-6.574476e-11
264	1.680639e-01	1.348427e-03	3.610149e-04	1.363466e-05	9.529016e-10	5.004657e-07	-8.400659e-11
265	1.681053e-01	1.367754e-03	3.539177e-04	1.395614e-05	9.779801e-10	5.159087e-07	-7.487700e-11
266	1.681399e-01	1.371857e-03	3.635263e-04	1.366010e-05	9.599285e-10	5.059143e-07	-7.174787e-11
267	1.681503e-01	1.374521e-03	3.586957e-04	1.429759e-05	1.018871e-09	5.297053e-07	-1.013582e-10
268	1.678346e-01	1.361916e-03	3.515134e-04	1.244968e-05	8.126444e-10	4.579658e-07	-1.337931e-10
269	1.682708e-01	1.374024e-03	3.905793e-04	1.471226e-05	1.098590e-09	5.434662e-07	-1.920707e-10
270	1.682135e-01	1.418115e-03	3.662523e-04	1.426108e-05	1.028878e-09	5.370031e-07	-6.072862e-11
271	1.679855e-01	1.370441e-03	3.318475e-04	1.338602e-05	8.921427e-10	4.950860e-07	6.658234e-12
272	1.682377e-01	1.359332e-03	3.591713e-04	1.490554e-05	1.090553e-09	5.492703e-07	-1.192308e-11
273	1.680451e-01	1.365706e-03	3.649914e-04	1.377395e-05	9.754373e-10	5.090226e-07	-4.821149e-11
274	1.682230e-01	1.363942e-03	3.608369e-04	1.441629e-05	1.035103e-09	5.322405e-07	-9.835876e-11
275	1.681101e-01	1.384102e-03	3.660134e-04	1.395817e-05	9.960953e-10	5.192761e-07	-5.620919e-11
276	1.681038e-01	1.343418e-03	3.592393e-04	1.405740e-05	9.934433e-10	5.149046e-07	-1.048644e-10
277	1.681698e-01	1.394972e-03	3.599798e-04	1.377933e-05	9.678700e-10	5.145012e-07	-7.096498e-11
278	1.679657e-01	1.352047e-03	3.539640e-04	1.362719e-05	9.415700e-10	5.006190e-07	-9.580535e-11
279	1.681326e-01	1.387712e-03	3.586127e-04	1.389232e-05	9.788296e-10	5.175157e-07	-5.825541e-11
280	1.680539e-01	1.349804e-03	3.608747e-04	1.374742e-05	9.652915e-10	5.049658e-07	-7.626910e-11
281	1.680397e-01	1.364317e-03	3.566578e-04	1.356533e-05	9.409928e-10	5.009133e-07	-6.961643e-11
282	1.679060e-01	1.344135e-03	3.494699e-04	1.338640e-05	9.123149e-10	4.905435e-07	-7.735764e-11
283	1.682424e-01	1.396321e-03	3.637360e-04	1.433719e-05	1.032096e-09	5.356546e-07	-8.208145e-11
284	1.679917e-01	1.354217e-03	3.528550e-04	1.373426e-05	9.539279e-10	5.053887e-07	-6.450635e-11
285	1.681256e-01	1.386944e-03	3.524018e-04	1.403715e-05	9.840880e-10	5.226541e-07	-7.924734e-11
286	1.681198e-01	1.366280e-03	3.613053e-04	1.407401e-05	1.000459e-09	5.200479e-07	-7.944164e-11
287	1.680565e-01	1.366232e-03	3.563787e-04	1.383776e-05	9.697571e-10	5.114510e-07	-6.220769e-11
288	1.680828e-01	1.382918e-03	3.533477e-04	1.387692e-05	9.683465e-10	5.158519e-07	-8.088432e-11
289	1.681639e-01	1.380146e-03	3.673594e-04	1.387468e-05	9.873702e-10	5.152539e-07	-7.940765e-11
290	1.679978e-01	1.361064e-03	3.532156e-04	1.336321e-05	9.161458e-10	4.929225e-07	-5.974943e-11
291	1.681416e-01	1.379217e-03	3.617225e-04	1.404904e-05	9.954781e-10	5.212411e-07	-1.098087e-10
292	1.680252e-01	1.365210e-03	3.567818e-04	1.327360e-05	9.117092e-10	4.904423e-07	-5.636175e-11
293	1.680107e-01	1.333406e-03	3.572919e-04	1.388666e-05	9.738834e-10	5.065451e-07	-9.132557e-11
294	1.680314e-01	1.366121e-03	3.604495e-04	1.375194e-05	9.657656e-10	5.081436e-07	-6.871778e-11
295	1.679336e-01	1.336162e-03	3.503943e-04	1.334375e-05	9.099989e-10	4.876372e-07	-6.643527e-11
296	1.682960e-01	1.427312e-03	3.604541e-04	1.439150e-05	1.032691e-09	5.434206e-07	-8.919335e-11
297	1.681630e-01	1.372922e-03	3.668116e-04	1.448935e-05	1.050289e-09	5.363613e-07	-1.127059e-10
298	1.682616e-01	1.365356e-03	3.671289e-04	1.454889e-05	1.057431e-09	5.373053e-07	-1.115231e-10
299	1.682018e-01	1.399728e-03	3.628393e-04	1.417118e-05	1.014003e-09	5.301379e-07	-6.632694e-11
300	1.681678e-01	1.366319e-03	3.673558e-04	1.405900e-05	1.007911e-09	5.195923e-07	-7.025924e-11
301	1.680869e-01	1.395719e-03	3.479163e-04	1.388190e-05	9.620841e-10	5.185047e-07	-7.155063e-11
302	1.681833e-01	1.352072e-03	3.711684e-04	1.408372e-05	1.012989e-09	5.175115e-07	-1.035420e-10
303	1.680751e-01	1.414407e-03	3.474624e-04	1.352447e-05	9.216540e-10	5.081454e-07	-1.004959e-10
304	1.679757e-01	1.306545e-03	3.633467e-04	1.376267e-05	9.712531e-10	4.974357e-07	-6.197738e-11
305	1.681650e-01	1.405013e-03	3.552280e-04	1.376865e-05	9.597589e-10	5.160237e-07	-7.797836e-11
306	1.679671e-01	1.345127e-03	3.598226e-04	1.339834e-05	9.277302e-10	4.912818e-07	-6.903140e-11
307	1.681327e-01	1.386270e-03	3.640028e-04	1.413900e-05	1.008683e-09	5.256120e-07	-1.069099e-10
308	1.681661e-01	1.385878e-03	3.603555e-04	1.391587e-05	9.825929e-10	5.177783e-07	-7.487924e-11
309	1.678833e-01	1.334522e-03	3.475904e-04	1.307748e-05	8.790175e-10	4.772998e-07	-6.870770e-11
310	1.680207e-01	1.359195e-03	3.529984e-04	1.396329e-05	9.747548e-10	5.142193e-07	-1.043141e-10
311	1.680660e-01	1.362281e-03	3.626715e-04	1.380395e-05	9.730901e-10	5.091754e-07	-8.391082e-11
312	1.679887e-01	1.378575e-03	3.525335e-04	1.343637e-05	9.216962e-10	4.987650e-07	-7.505830e-11
313	1.679713e-01	1.350246e-03	3.534146e-04	1.354872e-05	9.363747e-10	4.978416e-07	-4.673001e-11
314	1.682121e-01	1.375630e-03	3.703141e-04	1.411117e-05	1.016296e-09	5.228763e-07	-8.765974e-11
315	1.682946e-01	1.393049e-03	3.536977e-04	1.416398e-05	9.988410e-10	5.285709e-07	-8.583417e-11
316	1.680241e-01	1.357007e-03	3.580666e-04	1.354819e-05	9.400452e-10	4.988976e-07	-8.222928e-11
317	1.682006e-01	1.385741e-03	3.559710e-04	1.400717e-05	9.839712e-10	5.207000e-07	-1.004371e-10
318	1.682090e-01	1.382138e-03	3.611514e-04	1.450184e-05	1.043707e-09	5.387501e-07	-1.100519e-10
319	1.679516e-01	1.353941e-03	3.505201e-04	1.332113e-05	9.081605e-10	4.901559e-07	-6.186895e-11
320	1.680339e-01	1.366188e-03	3.598091e-04	1.377870e-05	9.644875e-10	5.086868e-07	-1.048589e-10
321	1.681117e-01	1.374212e-03	3.633424e-04	1.398073e-05	9.917385e-10	5.178052e-07	-9.672164e-11
322	1.681246e-01	1.370333e-03	3.623035e-04	1.357138e-05	9.468084e-10	5.017442e-07	-9.576821e-11
323	1.681455e-01	1.344177e-03	3.742698e-04	1.426728e-05	1.038038e-09	5.230495e-07	-9.707187e-11
324	1.680925e-01	1.366056e-03	3.532480e-04	1.363697e-05	9.453874e-10	5.039786e-07	-4.569963e-11
325	1.680801e-01	1.377034e-03	3.515470e-04	1.414240e-05	9.935938e-10	5.246200e-07	-8.457147e-11
326	1.680934e-01	1.368877e-03	3.655578e-04	1.371270e-05	9.669361e-10	5.070065e-07	-8.734328e-11
327	1.680189e-01	1.343666e-03	3.597683e-04	1.368913e-05	9.596936e-10	5.016947e-07	-4.334336e-11
328	1.681308e-01	1.383808e-03	3.564387e-04	1.382760e-05	9.685212e-10	5.143704e-07	-6.591423e-11
329	1.680311e-01	1.359149e-03	3.566229e-04	1.393739e-05	9.780883e-10	5.135440e-07	-9.405723e-11
330	1.679051e-01	1.339992e-03	3.482692e-04	1.330971e-05	9.027285e-10	4.869403e-07	-7.892031e-11
331	1.680179e-01	1.390421e-03	3.434781e-04	1.333579e-05	8.986795e-10	4.966380e-07	-8.363845e-11
332	1.679316e-01	1.361416e-03	3.404709e-04	1.288426e-05	8.498498e-10	4.751583e-07	-7.725358e-11
333	1.679351e-01	1.344327e-03	3.503009e-04	1.312563e-05	8.876301e-10	4.811751e-07	-6.521671e-11
334	1.680067e-01	1.345428e-03	3.580220e-04	1.401703e-05	9.887427e-10	5.138441e-07	-9.159993e-11
335	1.681317e-01	1.366242e-03	3.632746e-04	1.425710e-05	1.020809e-09	5.264232e-07	-1.034716e-10
336	1.681653e-01	1.380852e-03	3.650856e-04	1.420925e-05	1.021954e-09	5.279773e-07	-5.475737e-11
337	1.681224e-01	1.360389e-03	3.655226e-04	1.379746e-05	9.771369e-10	5.086725e-07	-7.274609e-11
338	1.681313e-01	1.388437e-03	3.582572e-04	1.387249e-05	9.746955e-10	5.167988e-07	-8.006482e-11
339	1.680953e-01	1.363865e-03	3.597253e-04	1.396025e-05	9.878809e-10	5.155594e-07	-5.286071e-11
340	1.681636e-01	1.386612e-03	3.587491e-04	1.392400e-05	9.814140e-10	5.183937e-07	-7.273201e-11
341	1.680714e-01	1.371374e-03	3.593118e-04	1.360753e-05	9.489613e-10	5.038210e-07	-6.933680e-11
342	1.682705e-01	1.391333e-03	3.689676e-04	1.436642e-05	1.042788e-09	5.357691e-07	-8.145717e-11
343	1.681590e-01	1.407179e-03	3.547369e-04	1.406441e-05	9.887517e-10	5.270212e-07	-9.625848e-11
344	1.681658e-01	1.377658e-03	3.602434e-04	1.423626e-05	1.016168e-09	5.283755e-07	-8.249195e-11
345	1.681243e-01	1.362310e-03	3.637556e-04	1.390422e-05	9.861234e-10	5.130874e-07	-7.320263e-11
346	1.681436e-01	1.378197e-03	3.584084e-04	1.390020e-05	9.788901e-10	5.160004e-07	-6.605944e-11
347	1.681333e-01	1.369386e-03	3.634139e-04	1.391501e-05	9.868367e-10	5.148929e-07	-7.287494e-11
348	1.680152e-01	1.363022e-03	3.528641e-04	1.361132e-05	9.385282e-10	5.021020e-07	-9.484937e-11
349	1.681994e-01	1.379890e-03	3.674627e-04	1.428769e-05	1.031898e-09	5.306132e-07	-8.337489e-11
350	1.681420e-01	1.373841e-03	3.649642e-04	1.432730e-05	1.032949e-09	5.308922e-07	-7.982054e-11
351	1.680905e-01	1.375004e-03	3.603110e-04	1.377940e-05	9.677147e-10	5.108063e-07	-7.884986e-11
352	1.680673e-01	1.336386e-03	3.640248e-04	1.403632e-05	9.985744e-10	5.127783e-07	-9.760548e-11
353	1.679865e-01	1.364784e-03	3.536778e-04	1.347632e-05	9.280550e-10	4.978523e-07	-6.574476e-11
354	1.680639e-01	1.348427e-03	3.610149e-04	1.363466e-05	9.529016e-10	5.004657e-07	-8.400659e-11
355	1.681053e-01	1.367754e-03	3.539177e-04	1.395614e-05	9.779801e-10	5.159087e-07	-7.487700e-11
356	1.681399e-01	1.371857e-03	3.635263e-04	1.366010e-05	9.599285e-10	5.059143e-07	-7.174787e-11
357	1.681503e-01	1.374521e-03	3.586957e-04	1.429759e-05	1.018871e-09	5.297053e-07	-1.013582e-10
358	1.678346e-01	1.361916e-03	3.515134e-04	1.244968e-05	8.126444e-10	4.579658e-07	-1.337931e-10
359	1.682708e-01	1.374024e-03	3.905793e-04	1.471226e-05	1.098590e-09	5.434662e-07	-1.920707e-10
