0.00	+2.044e-01	+1.428e-02	+0.000e+00	+0.000e+00	+0.000e+00	+0.000e+00	+0.000e+00
1.00	+2.014e-01	+1.315e-02	+2.559e-06	+2.244e-07	-1.153e-13	-2.394e-08	+1.250e-13
2.00	+2.018e-01	+1.324e-02	+2.003e-06	+2.173e-07	-1.433e-13	-2.391e-08	-4.334e-15
3.00	+2.013e-01	+1.316e-02	+1.971e-07	+1.198e-08	+5.599e-16	+2.376e-10	-1.596e-16
4.00	+2.017e-01	+1.319e-02	+5.335e-07	+1.417e-08	+1.221e-15	-5.176e-10	-1.622e-16
5.00	+2.017e-01	+1.319e-02	+8.585e-08	+2.524e-08	+1.158e-15	+2.097e-09	+2.023e-16
6.00	+2.015e-01	+1.320e-02	+4.472e-08	+1.296e-09	-9.121e-18	-1.317e-10	-3.769e-18
7.00	+2.020e-01	+1.328e-02	+4.374e-08	+3.753e-09	+2.943e-17	-6.189e-11	-3.803e-17
8.00	+2.026e-01	+1.340e-02	+3.064e-08	+7.725e-09	+3.090e-17	+7.889e-11	+1.148e-16
9.00	+2.020e-01	+1.322e-02	+6.618e-07	+5.792e-08	-8.998e-15	-6.467e-09	+6.899e-15
10.00	+2.018e-01	+1.315e-02	+9.160e-08	+1.418e-08	-4.745e-16	-1.591e-09	+1.900e-16
11.00	+2.022e-01	+1.328e-02	+3.061e-07	+2.285e-08	-1.324e-15	-2.600e-09	+1.379e-15
12.00	+2.021e-01	+1.326e-02	+6.995e-08	+1.108e-08	+2.577e-16	+9.889e-10	+1.692e-16
13.00	+2.020e-01	+1.326e-02	+1.042e-08	+8.629e-10	-2.551e-18	+9.910e-11	-4.358e-19
14.00	+2.015e-01	+1.301e-02	+1.074e-08	+6.964e-10	+1.559e-18	+2.391e-11	-1.094e-18
15.00	+2.021e-01	+1.323e-02	+2.143e-07	+1.117e-08	-4.689e-16	-9.467e-10	-2.804e-16
16.00	+2.022e-01	+1.331e-02	+7.514e-08	+8.350e-09	-1.911e-16	-9.454e-10	-8.495e-17
17.00	+2.022e-01	+1.327e-02	+3.624e-08	+3.231e-09	-3.448e-17	-3.499e-10	-5.758e-18
18.00	+2.029e-01	+1.351e-02	+5.646e-07	+4.444e-08	+5.784e-15	+4.185e-09	+4.013e-15
19.00	+2.023e-01	+1.326e-02	+3.314e-07	+4.315e-08	+5.075e-15	+4.351e-09	-9.334e-16
20.00	+2.025e-01	+1.338e-02	+9.991e-09	+1.122e-09	+3.584e-18	+1.228e-10	+1.122e-18
21.00	+2.019e-01	+1.320e-02	+4.672e-08	+6.724e-09	-6.925e-17	-6.833e-10	-9.699e-17
22.00	+2.017e-01	+1.314e-02	+2.198e-07	+5.415e-08	+4.796e-15	+3.868e-09	-3.450e-15
23.00	+2.024e-01	+1.333e-02	+3.236e-07	+3.547e-08	-3.106e-15	-3.716e-09	-2.189e-15
24.00	+2.026e-01	+1.336e-02	+0.000e+00	+0.000e+00	+0.000e+00	+0.000e+00	+0.000e+00
25.00	+2.023e-01	+1.330e-02	+4.183e-07	+5.179e-08	-6.614e-15	-5.737e-09	+3.789e-15
26.00	+2.018e-01	+1.321e-02	+6.481e-07	+5.002e-08	-8.089e-15	-5.739e-09	-3.961e-15
27.00	+2.024e-01	+1.337e-02	+2.124e-06	+1.719e-07	-9.502e-14	-1.546e-08	-4.190e-14
28.00	+2.022e-01	+1.324e-02	+5.485e-08	+1.046e-08	+2.384e-16	+1.119e-09	-7.721e-17
29.00	+2.021e-01	+1.322e-02	+2.091e-07	+1.358e-08	+7.553e-17	+4.438e-10	+7.200e-16
30.00	+2.019e-01	+1.322e-02	+1.439e-07	+1.067e-08	-1.349e-16	-9.985e-10	+3.957e-16
31.00	+2.021e-01	+1.331e-02	+1.318e-07	+1.366e-08	-5.794e-16	-1.574e-09	+1.084e-17
32.00	+2.021e-01	+1.328e-02	+5.964e-08	+3.782e-09	+1.978e-17	-2.751e-10	+5.325e-17
33.00	+2.020e-01	+1.320e-02	+2.965e-08	+5.083e-09	-3.709e-17	-5.653e-10	-5.017e-17
34.00	+2.022e-01	+1.334e-02	+7.203e-08	+1.610e-10	+2.820e-19	+1.744e-11	-4.702e-19
35.00	+2.022e-01	+1.333e-02	+2.883e-07	+1.841e-08	-7.101e-16	-2.013e-09	-1.138e-15
36.00	+2.024e-01	+1.337e-02	+2.688e-07	+2.514e-08	-1.303e-15	-2.701e-09	-1.603e-15
37.00	+2.016e-01	+1.313e-02	+1.683e-06	+1.531e-07	-5.832e-14	-1.498e-08	+5.142e-14
38.00	+2.017e-01	+1.319e-02	+1.757e-07	+1.320e-08	+2.464e-16	+4.424e-10	+5.860e-16
39.00	+2.021e-01	+1.331e-02	+7.496e-08	+2.365e-08	+8.474e-16	+1.383e-09	-5.234e-16
40.00	+2.023e-01	+1.332e-02	+5.358e-07	+6.113e-09	+3.138e-16	+6.623e-10	-1.546e-16
41.00	+2.018e-01	+1.321e-02	+6.033e-08	+8.952e-09	+1.504e-16	+6.257e-10	+1.437e-16
42.00	+2.023e-01	+1.332e-02	+1.069e-07	+9.753e-09	+1.571e-18	+6.862e-10	+3.150e-16
43.00	+2.018e-01	+1.325e-02	+1.430e-07	+1.210e-08	+4.569e-16	-7.152e-10	-2.108e-16
44.00	+2.022e-01	+1.336e-02	+7.215e-06	+5.811e-07	-1.067e-12	-5.838e-08	+5.262e-13
45.00	+2.016e-01	+1.309e-02	+0.000e+00	+0.000e+00	+0.000e+00	+0.000e+00	+0.000e+00
46.00	+2.014e-01	+1.299e-02	+1.836e-06	+2.421e-07	-9.732e-14	-2.247e-08	-1.287e-13
47.00	+2.021e-01	+1.333e-02	+1.307e-06	+8.760e-08	-9.857e-15	-8.275e-09	-2.795e-14
48.00	+2.017e-01	+1.323e-02	+3.072e-08	+1.896e-09	-1.441e-17	+2.177e-10	+1.297e-18
49.00	+2.020e-01	+1.321e-02	+1.868e-08	+2.408e-09	+1.382e-17	+2.026e-10	-8.357e-18
50.00	+2.019e-01	+1.320e-02	+2.015e-07	+4.174e-08	+2.791e-15	+3.523e-09	-2.619e-15
51.00	+2.018e-01	+1.318e-02	+9.099e-08	+3.987e-09	+3.561e-17	-3.642e-10	+6.708e-17
52.00	+2.016e-01	+1.314e-02	+1.070e-07	+2.582e-08	-1.356e-15	+2.959e-09	+5.786e-17
53.00	+2.016e-01	+1.316e-02	+7.959e-07	+1.697e-08	-1.376e-15	-1.883e-09	+1.413e-15
54.00	+2.016e-01	+1.311e-02	+6.821e-09	+2.081e-10	-2.511e-20	-1.634e-11	-2.466e-19
55.00	+2.021e-01	+1.330e-02	+1.059e-07	+1.040e-09	+9.538e-18	-7.749e-11	+5.322e-18
56.00	+2.021e-01	+1.331e-02	+5.685e-07	+7.217e-08	+4.698e-15	-1.009e-09	+1.384e-14
57.00	+2.019e-01	+1.322e-02	+3.403e-07	+2.447e-08	-2.233e-15	-2.777e-09	+6.712e-17
58.00	+2.023e-01	+1.332e-02	+6.991e-08	+6.141e-09	+4.874e-17	-3.618e-10	-1.175e-16
59.00	+2.022e-01	+1.334e-02	+1.145e-07	+6.231e-09	+1.433e-16	-2.969e-10	-8.465e-17
60.00	+2.017e-01	+1.322e-02	+2.019e-07	+1.374e-08	-6.712e-16	-1.098e-09	+2.701e-16
61.00	+2.021e-01	+1.326e-02	+2.792e-08	+4.979e-10	+1.833e-18	-2.106e-11	-2.926e-19
62.00	+2.022e-01	+1.323e-02	+5.453e-08	+1.283e-08	+5.335e-17	-4.434e-10	-3.350e-16
63.00	+2.019e-01	+1.324e-02	+1.952e-07	+3.049e-08	+5.052e-16	-9.108e-10	+2.298e-15
64.00	+2.022e-01	+1.330e-02	+1.306e-06	+1.828e-07	-1.898e-14	-8.529e-09	-8.727e-14
65.00	+2.027e-01	+1.334e-02	+4.121e-08	+2.851e-09	+1.287e-17	+1.778e-10	+2.810e-17
66.00	+2.023e-01	+1.328e-02	+1.848e-07	+6.110e-09	-2.025e-16	-6.130e-10	+3.397e-17
67.00	+2.022e-01	+1.328e-02	+3.160e-07	+2.373e-08	-6.682e-16	-1.061e-09	+1.943e-15
68.00	+2.022e-01	+1.327e-02	+1.021e-07	+5.000e-08	+3.485e-15	+4.199e-09	+7.837e-16
69.00	+2.019e-01	+1.319e-02	+5.979e-08	+5.140e-09	-5.292e-17	-4.991e-10	-7.295e-17
70.00	+2.022e-01	+1.324e-02	+9.508e-08	+9.081e-09	+3.311e-17	+2.352e-10	-2.648e-16
71.00	+2.023e-01	+1.330e-02	+3.050e-07	+2.648e-08	+1.267e-15	-1.082e-09	-2.014e-15
72.00	+2.028e-01	+1.343e-02	+5.853e-07	+4.493e-08	-4.568e-15	-4.542e-09	+5.674e-15
73.00	+2.020e-01	+1.323e-02	+6.496e-08	+6.414e-09	+7.935e-17	-3.593e-10	-1.041e-16
74.00	+2.021e-01	+1.325e-02	+1.361e-08	+1.958e-10	-2.408e-19	-2.087e-11	-2.101e-19
75.00	+2.021e-01	+1.329e-02	+2.517e-07	+2.225e-08	+1.525e-15	+5.464e-10	-6.687e-16
76.00	+2.017e-01	+1.306e-02	+1.507e-07	+1.253e-08	-5.107e-16	-1.431e-09	-1.898e-16
77.00	+2.024e-01	+1.333e-02	+1.775e-08	+4.912e-10	-2.681e-19	-5.508e-11	-1.425e-18
78.00	+2.024e-01	+1.330e-02	+5.008e-08	+1.259e-08	+2.883e-16	+2.123e-10	+1.296e-16
79.00	+2.021e-01	+1.329e-02	+4.974e-07	+4.382e-08	-4.249e-15	-4.932e-09	-4.877e-15
80.00	+2.027e-01	+1.337e-02	+9.485e-08	+8.836e-10	-1.878e-19	+5.148e-11	+8.088e-18
81.00	+2.020e-01	+1.325e-02	+5.830e-07	+3.496e-08	-1.210e-15	-3.527e-09	-4.842e-15
82.00	+2.019e-01	+1.317e-02	+3.414e-07	+4.126e-08	+4.107e-15	+4.019e-09	-2.668e-15
83.00	+2.021e-01	+1.325e-02	+7.765e-08	+1.782e-08	-5.984e-16	-2.031e-09	+2.852e-16
84.00	+2.014e-01	+1.320e-02	+6.655e-07	+5.290e-08	-9.819e-15	-5.990e-09	+1.442e-15
85.00	+2.018e-01	+1.321e-02	+1.346e-06	+1.484e-07	-3.284e-14	-1.461e-08	-5.764e-14
86.00	+2.017e-01	+1.317e-02	+1.183e-07	+1.914e-08	-9.106e-16	-2.125e-09	-1.052e-17
87.00	+2.012e-01	+1.314e-02	+1.056e-36	+4.124e-37	+2.510e-73	-2.463e-38	+1.051e-73
88.00	+2.016e-01	+1.320e-02	+5.002e-06	+4.938e-07	-3.042e-13	-4.885e-08	-7.140e-13
89.00	+2.014e-01	+1.316e-02	+1.562e-06	+8.958e-08	+7.344e-15	-8.035e-09	+3.269e-14
90.00	+2.044e-01	+1.428e-02	+0.000e+00	+0.000e+00	+0.000e+00	+0.000e+00	+0.000e+00
91.00	+2.014e-01	+1.315e-02	+2.559e-06	+2.244e-07	-1.153e-13	-2.394e-08	+1.250e-13
92.00	+2.018e-01	+1.324e-02	+2.003e-06	+2.173e-07	-1.433e-13	-2.391e-08	-4.334e-15
93.00	+2.013e-01	+1.316e-02	+1.971e-07	+1.198e-08	+5.599e-16	+2.376e-10	-1.596e-16
94.00	+2.017e-01	+1.319e-02	+5.335e-07	+1.417e-08	+1.221e-15	-5.176e-10	-1.622e-16
95.00	+2.017e-01	+1.319e-02	+8.585e-08	+2.524e-08	+1.158e-15	+2.097e-09	+2.023e-16
96.00	+2.015e-01	+1.320e-02	+4.472e-08	+1.296e-09	-9.121e-18	-1.317e-10	-3.769e-18
97.00	+2.019e-01	+1.327e-02	+2.951e-07	+2.013e-08	-3.899e-16	-1.988e-09	-1.501e-15
98.00	+2.026e-01	+1.340e-02	+3.064e-08	+7.725e-09	+3.090e-17	+7.889e-11	+1.148e-16
99.00	+2.020e-01	+1.322e-02	+6.618e-07	+5.792e-08	-8.998e-15	-6.467e-09	+6.899e-15
100.00	+2.020e-01	+1.322e-02	+1.071e-07	+1.610e-08	-1.106e-16	-1.752e-10	-6.590e-16
101.00	+2.022e-01	+1.328e-02	+3.061e-07	+2.285e-08	-1.324e-15	-2.600e-09	+1.379e-15
102.00	+2.021e-01	+1.326e-02	+6.995e-08	+1.108e-08	+2.577e-16	+9.889e-10	+1.692e-16
103.00	+2.020e-01	+1.326e-02	+1.042e-08	+8.629e-10	-2.551e-18	+9.910e-11	-4.358e-19
104.00	+2.015e-01	+1.301e-02	+1.074e-08	+6.964e-10	+1.559e-18	+2.391e-11	-1.094e-18
105.00	+2.021e-01	+1.323e-02	+2.143e-07	+1.117e-08	-4.689e-16	-9.467e-10	-2.804e-16
106.00	+2.022e-01	+1.331e-02	+7.514e-08	+8.350e-09	-1.911e-16	-9.454e-10	-8.495e-17
107.00	+2.022e-01	+1.327e-02	+3.624e-08	+3.231e-09	-3.448e-17	-3.499e-10	-5.758e-18
108.00	+2.029e-01	+1.351e-02	+5.646e-07	+4.444e-08	+5.784e-15	+4.185e-09	+4.013e-15
109.00	+2.023e-01	+1.326e-02	+3.314e-07	+4.315e-08	+5.075e-15	+4.351e-09	-9.334e-16
110.00	+2.025e-01	+1.338e-02	+9.991e-09	+1.122e-09	+3.584e-18	+1.228e-10	+1.122e-18
111.00	+2.019e-01	+1.320e-02	+4.672e-08	+6.724e-09	-6.925e-17	-6.833e-10	-9.699e-17
112.00	+2.017e-01	+1.314e-02	+2.198e-07	+5.415e-08	+4.796e-15	+3.868e-09	-3.450e-15
113.00	+2.024e-01	+1.333e-02	+3.236e-07	+3.547e-08	-3.106e-15	-3.716e-09	-2.189e-15
114.00	+2.026e-01	+1.336e-02	+0.000e+00	+0.000e+00	+0.000e+00	+0.000e+00	+0.000e+00
115.00	+2.023e-01	+1.330e-02	+4.183e-07	+5.179e-08	-6.614e-15	-5.737e-09	+3.789e-15
116.00	+2.018e-01	+1.321e-02	+6.481e-07	+5.002e-08	-8.089e-15	-5.739e-09	-3.961e-15
117.00	+2.024e-01	+1.337e-02	+2.124e-06	+1.719e-07	-9.502e-14	-1.546e-08	-4.190e-14
118.00	+2.022e-01	+1.324e-02	+5.485e-08	+1.046e-08	+2.384e-16	+1.119e-09	-7.721e-17
119.00	+2.021e-01	+1.322e-02	+2.091e-07	+1.358e-08	+7.553e-17	+4.438e-10	+7.200e-16
120.00	+2.019e-01	+1.322e-02	+1.439e-07	+1.067e-08	-1.349e-16	-9.985e-10	+3.957e-16
121.00	+2.021e-01	+1.331e-02	+1.318e-07	+1.366e-08	-5.794e-16	-1.574e-09	+1.084e-17
122.00	+2.021e-01	+1.328e-02	+5.964e-08	+3.782e-09	+1.978e-17	-2.751e-10	+5.325e-17
123.00	+2.020e-01	+1.320e-02	+2.965e-08	+5.083e-09	-3.709e-17	-5.653e-10	-5.017e-17
124.00	+2.022e-01	+1.334e-02	+7.203e-08	+1.610e-10	+2.820e-19	+1.744e-11	-4.702e-19
125.00	+2.022e-01	+1.333e-02	+2.883e-07	+1.841e-08	-7.101e-16	-2.013e-09	-1.138e-15
126.00	+2.024e-01	+1.337e-02	+2.688e-07	+2.514e-08	-1.303e-15	-2.701e-09	-1.603e-15
127.00	+2.016e-01	+1.313e-02	+1.683e-06	+1.531e-07	-5.832e-14	-1.498e-08	+5.142e-14
128.00	+2.017e-01	+1.319e-02	+1.757e-07	+1.320e-08	+2.464e-16	+4.424e-10	+5.860e-16
129.00	+2.021e-01	+1.331e-02	+7.496e-08	+2.365e-08	+8.474e-16	+1.383e-09	-5.234e-16
130.00	+2.023e-01	+1.332e-02	+5.358e-07	+6.113e-09	+3.138e-16	+6.623e-10	-1.546e-16
131.00	+2.018e-01	+1.321e-02	+6.033e-08	+8.952e-09	+1.504e-16	+6.257e-10	+1.437e-16
132.00	+2.023e-01	+1.332e-02	+1.069e-07	+9.753e-09	+1.571e-18	+6.862e-10	+3.150e-16
133.00	+2.018e-01	+1.325e-02	+1.430e-07	+1.210e-08	+4.569e-16	-7.152e-10	-2.108e-16
134.00	+2.022e-01	+1.336e-02	+7.215e-06	+5.811e-07	-1.067e-12	-5.838e-08	+5.262e-13
135.00	+2.016e-01	+1.309e-02	+0.000e+00	+0.000e+00	+0.000e+00	+0.000e+00	+0.000e+00
136.00	+2.012e-01	+1.294e-02	+1.974e-06	+2.884e-07	-6.536e-14	-1.863e-08	-2.076e-13
137.00	+2.021e-01	+1.333e-02	+1.307e-06	+8.760e-08	-9.857e-15	-8.275e-09	-2.795e-14
138.00	+2.017e-01	+1.323e-02	+3.072e-08	+1.896e-09	-1.441e-17	+2.177e-10	+1.297e-18
139.00	+2.020e-01	+1.321e-02	+1.868e-08	+2.408e-09	+1.382e-17	+2.026e-10	-8.357e-18
140.00	+2.019e-01	+1.320e-02	+2.015e-07	+4.174e-08	+2.791e-15	+3.523e-09	-2.619e-15
141.00	+2.018e-01	+1.318e-02	+9.099e-08	+3.987e-09	+3.561e-17	-3.642e-10	+6.708e-17
142.00	+2.016e-01	+1.314e-02	+1.070e-07	+2.582e-08	-1.356e-15	+2.959e-09	+5.786e-17
143.00	+2.016e-01	+1.316e-02	+7.959e-07	+1.697e-08	-1.376e-15	-1.883e-09	+1.413e-15
144.00	+2.016e-01	+1.311e-02	+6.821e-09	+2.081e-10	-2.511e-20	-1.634e-11	-2.466e-19
145.00	+2.021e-01	+1.331e-02	+7.056e-08	+1.187e-08	+1.161e-16	-5.627e-10	+3.233e-16
146.00	+2.021e-01	+1.331e-02	+5.685e-07	+7.217e-08	+4.698e-15	-1.009e-09	+1.384e-14
147.00	+2.019e-01	+1.322e-02	+3.403e-07	+2.447e-08	-2.233e-15	-2.777e-09	+6.712e-17
148.00	+2.023e-01	+1.332e-02	+6.991e-08	+6.141e-09	+4.874e-17	-3.618e-10	-1.175e-16
149.00	+2.022e-01	+1.334e-02	+1.145e-07	+6.231e-09	+1.433e-16	-2.969e-10	-8.465e-17
150.00	+2.017e-01	+1.322e-02	+2.019e-07	+1.374e-08	-6.712e-16	-1.098e-09	+2.701e-16
151.00	+2.021e-01	+1.326e-02	+2.792e-08	+4.979e-10	+1.833e-18	-2.106e-11	-2.926e-19
152.00	+2.022e-01	+1.323e-02	+5.453e-08	+1.283e-08	+5.335e-17	-4.434e-10	-3.350e-16
153.00	+2.019e-01	+1.324e-02	+1.952e-07	+3.049e-08	+5.052e-16	-9.108e-10	+2.298e-15
154.00	+2.022e-01	+1.330e-02	+1.306e-06	+1.828e-07	-1.898e-14	-8.529e-09	-8.727e-14
155.00	+2.027e-01	+1.334e-02	+4.121e-08	+2.851e-09	+1.287e-17	+1.778e-10	+2.810e-17
156.00	+2.023e-01	+1.328e-02	+1.848e-07	+6.110e-09	-2.025e-16	-6.130e-10	+3.397e-17
157.00	+2.022e-01	+1.328e-02	+3.160e-07	+2.373e-08	-6.682e-16	-1.061e-09	+1.943e-15
158.00	+2.023e-01	+1.327e-02	+2.007e-07	+5.481e-08	+5.744e-15	+6.301e-09	+1.889e-16
159.00	+2.019e-01	+1.319e-02	+5.979e-08	+5.140e-09	-5.292e-17	-4.991e-10	-7.295e-17
160.00	+2.022e-01	+1.324e-02	+9.508e-08	+9.081e-09	+3.311e-17	+2.352e-10	-2.648e-16
161.00	+2.023e-01	+1.330e-02	+3.050e-07	+2.648e-08	+1.267e-15	-1.082e-09	-2.014e-15
162.00	+2.028e-01	+1.343e-02	+5.853e-07	+4.493e-08	-4.568e-15	-4.542e-09	+5.674e-15
163.00	+2.020e-01	+1.323e-02	+6.496e-08	+6.414e-09	+7.935e-17	-3.593e-10	-1.041e-16
164.00	+2.021e-01	+1.325e-02	+1.361e-08	+1.958e-10	-2.408e-19	-2.087e-11	-2.101e-19
165.00	+2.021e-01	+1.329e-02	+2.517e-07	+2.225e-08	+1.525e-15	+5.464e-10	-6.687e-16
166.00	+2.017e-01	+1.306e-02	+1.507e-07	+1.253e-08	-5.107e-16	-1.431e-09	-1.898e-16
167.00	+2.024e-01	+1.333e-02	+1.775e-08	+4.912e-10	-2.681e-19	-5.508e-11	-1.425e-18
168.00	+2.024e-01	+1.330e-02	+5.008e-08	+1.259e-08	+2.883e-16	+2.123e-10	+1.296e-16
169.00	+2.021e-01	+1.329e-02	+4.974e-07	+4.382e-08	-4.249e-15	-4.932e-09	-4.877e-15
170.00	+2.027e-01	+1.337e-02	+9.485e-08	+8.836e-10	-1.878e-19	+5.148e-11	+8.088e-18
171.00	+2.017e-01	+1.316e-02	+3.749e-07	+1.616e-08	+3.524e-16	-1.365e-09	-1.207e-15
172.00	+2.019e-01	+1.317e-02	+3.414e-07	+4.126e-08	+4.107e-15	+4.019e-09	-2.668e-15
173.00	+2.022e-01	+1.326e-02	+8.779e-08	+1.705e-09	+2.086e-17	-1.085e-10	+5.238e-19
174.00	+2.014e-01	+1.320e-02	+6.655e-07	+5.290e-08	-9.819e-15	-5.990e-09	+1.442e-15
175.00	+2.018e-01	+1.321e-02	+1.346e-06	+1.484e-07	-3.284e-14	-1.461e-08	-5.764e-14
176.00	+2.017e-01	+1.317e-02	+1.183e-07	+1.914e-08	-9.106e-16	-2.125e-09	-1.052e-17
177.00	+2.012e-01	+1.314e-02	+6.565e-37	+7.294e-38	-1.596e-74	-8.314e-39	+0.000e+00
178.00	+2.016e-01	+1.320e-02	+5.002e-06	+4.938e-07	-3.042e-13	-4.885e-08	-7.140e-13
179.00	+2.014e-01	+1.316e-02	+1.562e-06	+8.958e-08	+7.344e-15	-8.035e-09	+3.269e-14
180.00	+2.044e-01	+1.428e-02	+0.000e+00	+0.000e+00	+0.000e+00	+0.000e+00	+0.000e+00
181.00	+2.014e-01	+1.315e-02	+2.559e-06	+2.244e-07	-1.153e-13	-2.394e-08	+1.250e-13
182.00	+2.018e-01	+1.324e-02	+2.003e-06	+2.173e-07	-1.433e-13	-2.391e-08	-4.334e-15
183.00	+2.013e-01	+1.316e-02	+1.971e-07	+1.198e-08	+5.599e-16	+2.376e-10	-1.596e-16
184.00	+2.017e-01	+1.319e-02	+5.335e-07	+1.417e-08	+1.221e-15	-5.176e-10	-1.622e-16
185.00	+2.017e-01	+1.319e-02	+8.585e-08	+2.524e-08	+1.158e-15	+2.097e-09	+2.023e-16
186.00	+2.015e-01	+1.320e-02	+4.472e-08	+1.296e-09	-9.121e-18	-1.317e-10	-3.769e-18
187.00	+2.021e-01	+1.331e-02	+4.247e-08	+1.709e-09	-1.229e-17	-1.945e-10	-7.815e-18
188.00	+2.026e-01	+1.340e-02	+3.064e-08	+7.725e-09	+3.090e-17	+7.889e-11	+1.148e-16
189.00	+2.020e-01	+1.322e-02	+6.618e-07	+5.792e-08	-8.998e-15	-6.467e-09	+6.899e-15
190.00	+2.020e-01	+1.322e-02	+1.071e-07	+1.610e-08	-1.106e-16	-1.752e-10	-6.590e-16
191.00	+2.022e-01	+1.328e-02	+3.061e-07	+2.285e-08	-1.324e-15	-2.600e-09	+1.379e-15
192.00	+2.021e-01	+1.326e-02	+6.995e-08	+1.108e-08	+2.577e-16	+9.889e-10	+1.692e-16
193.00	+2.020e-01	+1.326e-02	+1.042e-08	+8.629e-10	-2.551e-18	+9.910e-11	-4.358e-19
194.00	+2.015e-01	+1.301e-02	+1.074e-08	+6.964e-10	+1.559e-18	+2.391e-11	-1.094e-18
195.00	+2.021e-01	+1.323e-02	+2.143e-07	+1.117e-08	-4.689e-16	-9.467e-10	-2.804e-16
196.00	+2.022e-01	+1.331e-02	+7.514e-08	+8.350e-09	-1.911e-16	-9.454e-10	-8.495e-17
197.00	+2.022e-01	+1.327e-02	+3.624e-08	+3.231e-09	-3.448e-17	-3.499e-10	-5.758e-18
198.00	+2.029e-01	+1.351e-02	+5.646e-07	+4.444e-08	+5.784e-15	+4.185e-09	+4.013e-15
199.00	+2.023e-01	+1.320e-02	+2.426e-07	+5.670e-08	+6.648e-15	+5.914e-09	+1.893e-16
200.00	+2.025e-01	+1.338e-02	+9.991e-09	+1.122e-09	+3.584e-18	+1.228e-10	+1.122e-18
201.00	+2.019e-01	+1.320e-02	+4.672e-08	+6.724e-09	-6.925e-17	-6.833e-10	-9.699e-17
202.00	+2.017e-01	+1.314e-02	+2.198e-07	+5.415e-08	+4.796e-15	+3.868e-09	-3.450e-15
203.00	+2.024e-01	+1.333e-02	+3.236e-07	+3.547e-08	-3.106e-15	-3.716e-09	-2.189e-15
204.00	+2.026e-01	+1.336e-02	+0.000e+00	+0.000e+00	+0.000e+00	+0.000e+00	+0.000e+00
205.00	+2.023e-01	+1.330e-02	+4.183e-07	+5.179e-08	-6.614e-15	-5.737e-09	+3.789e-15
206.00	+2.018e-01	+1.321e-02	+6.481e-07	+5.002e-08	-8.089e-15	-5.739e-09	-3.961e-15
207.00	+2.024e-01	+1.337e-02	+2.124e-06	+1.719e-07	-9.502e-14	-1.546e-08	-4.190e-14
208.00	+2.022e-01	+1.324e-02	+5.485e-08	+1.046e-08	+2.384e-16	+1.119e-09	-7.721e-17
209.00	+2.021e-01	+1.322e-02	+2.091e-07	+1.358e-08	+7.553e-17	+4.438e-10	+7.200e-16
210.00	+2.019e-01	+1.322e-02	+1.439e-07	+1.067e-08	-1.349e-16	-9.985e-10	+3.957e-16
211.00	+2.021e-01	+1.331e-02	+1.318e-07	+1.366e-08	-5.794e-16	-1.574e-09	+1.084e-17
212.00	+2.021e-01	+1.328e-02	+5.964e-08	+3.782e-09	+1.978e-17	-2.751e-10	+5.325e-17
213.00	+2.020e-01	+1.320e-02	+2.965e-08	+5.083e-09	-3.709e-17	-5.653e-10	-5.017e-17
214.00	+2.022e-01	+1.334e-02	+7.203e-08	+1.610e-10	+2.820e-19	+1.744e-11	-4.702e-19
215.00	+2.022e-01	+1.333e-02	+2.883e-07	+1.841e-08	-7.101e-16	-2.013e-09	-1.138e-15
216.00	+2.022e-01	+1.333e-02	+6.716e-07	+5.644e-08	-6.412e-15	-5.873e-09	-8.924e-15
217.00	+2.016e-01	+1.313e-02	+1.683e-06	+1.531e-07	-5.832e-14	-1.498e-08	+5.142e-14
218.00	+2.017e-01	+1.319e-02	+1.757e-07	+1.320e-08	+2.464e-16	+4.424e-10	+5.860e-16
219.00	+2.021e-01	+1.331e-02	+7.496e-08	+2.365e-08	+8.474e-16	+1.383e-09	-5.234e-16
220.00	+2.023e-01	+1.332e-02	+5.358e-07	+6.113e-09	+3.138e-16	+6.623e-10	-1.546e-16
221.00	+2.018e-01	+1.321e-02	+6.033e-08	+8.952e-09	+1.504e-16	+6.257e-10	+1.437e-16
222.00	+2.023e-01	+1.332e-02	+1.069e-07	+9.753e-09	+1.571e-18	+6.862e-10	+3.150e-16
223.00	+2.018e-01	+1.325e-02	+1.430e-07	+1.210e-08	+4.569e-16	-7.152e-10	-2.108e-16
224.00	+2.022e-01	+1.336e-02	+7.215e-06	+5.811e-07	-1.067e-12	-5.838e-08	+5.262e-13
225.00	+2.016e-01	+1.309e-02	+0.000e+00	+0.000e+00	+0.000e+00	+0.000e+00	+0.000e+00
226.00	+2.014e-01	+1.299e-02	+1.836e-06	+2.421e-07	-9.732e-14	-2.247e-08	-1.287e-13
227.00	+2.021e-01	+1.333e-02	+1.307e-06	+8.760e-08	-9.857e-15	-8.275e-09	-2.795e-14
228.00	+2.017e-01	+1.323e-02	+3.072e-08	+1.896e-09	-1.441e-17	+2.177e-10	+1.297e-18
229.00	+2.020e-01	+1.321e-02	+1.868e-08	+2.408e-09	+1.382e-17	+2.026e-10	-8.357e-18
230.00	+2.019e-01	+1.320e-02	+2.015e-07	+4.174e-08	+2.791e-15	+3.523e-09	-2.619e-15
231.00	+2.018e-01	+1.318e-02	+9.099e-08	+3.987e-09	+3.561e-17	-3.642e-10	+6.708e-17
232.00	+2.016e-01	+1.314e-02	+1.070e-07	+2.582e-08	-1.356e-15	+2.959e-09	+5.786e-17
233.00	+2.016e-01	+1.316e-02	+7.959e-07	+1.697e-08	-1.376e-15	-1.883e-09	+1.413e-15
234.00	+2.015e-01	+1.311e-02	+7.602e-08	+4.905e-09	-9.264e-17	-3.898e-10	+1.978e-17
235.00	+2.021e-01	+1.331e-02	+7.056e-08	+1.187e-08	+1.161e-16	-5.627e-10	+3.233e-16
236.00	+2.021e-01	+1.331e-02	+5.685e-07	+7.217e-08	+4.698e-15	-1.009e-09	+1.384e-14
237.00	+2.019e-01	+1.322e-02	+3.403e-07	+2.447e-08	-2.233e-15	-2.777e-09	+6.712e-17
238.00	+2.023e-01	+1.332e-02	+6.991e-08	+6.141e-09	+4.874e-17	-3.618e-10	-1.175e-16
239.00	+2.022e-01	+1.334e-02	+1.145e-07	+6.231e-09	+1.433e-16	-2.969e-10	-8.465e-17
240.00	+2.017e-01	+1.322e-02	+2.019e-07	+1.374e-08	-6.712e-16	-1.098e-09	+2.701e-16
241.00	+2.021e-01	+1.326e-02	+2.792e-08	+4.979e-10	+1.833e-18	-2.106e-11	-2.926e-19
242.00	+2.022e-01	+1.323e-02	+5.453e-08	+1.283e-08	+5.335e-17	-4.434e-10	-3.350e-16
243.00	+2.019e-01	+1.324e-02	+1.952e-07	+3.049e-08	+5.052e-16	-9.108e-10	+2.298e-15
244.00	+2.022e-01	+1.330e-02	+1.306e-06	+1.828e-07	-1.898e-14	-8.529e-09	-8.727e-14
245.00	+2.027e-01	+1.334e-02	+4.121e-08	+2.851e-09	+1.287e-17	+1.778e-10	+2.810e-17
246.00	+2.023e-01	+1.328e-02	+1.848e-07	+6.110e-09	-2.025e-16	-6.130e-10	+3.397e-17
247.00	+2.022e-01	+1.328e-02	+3.160e-07	+2.373e-08	-6.682e-16	-1.061e-09	+1.943e-15
248.00	+2.022e-01	+1.327e-02	+1.021e-07	+5.000e-08	+3.485e-15	+4.199e-09	+7.837e-16
249.00	+2.019e-01	+1.319e-02	+5.979e-08	+5.140e-09	-5.292e-17	-4.991e-10	-7.295e-17
250.00	+2.022e-01	+1.324e-02	+9.508e-08	+9.081e-09	+3.311e-17	+2.352e-10	-2.648e-16
251.00	+2.025e-01	+1.336e-02	+3.396e-07	+6.084e-08	+7.587e-15	+1.654e-09	-4.352e-15
252.00	+2.028e-01	+1.343e-02	+5.853e-07	+4.493e-08	-4.568e-15	-4.542e-09	+5.674e-15
253.00	+2.020e-01	+1.323e-02	+6.496e-08	+6.414e-09	+7.935e-17	-3.593e-10	-1.041e-16
254.00	+2.021e-01	+1.325e-02	+1.361e-08	+1.958e-10	-2.408e-19	-2.087e-11	-2.101e-19
255.00	+2.021e-01	+1.329e-02	+2.517e-07	+2.225e-08	+1.525e-15	+5.464e-10	-6.687e-16
256.00	+2.017e-01	+1.306e-02	+1.507e-07	+1.253e-08	-5.107e-16	-1.431e-09	-1.898e-16
257.00	+2.024e-01	+1.333e-02	+1.775e-08	+4.912e-10	-2.681e-19	-5.508e-11	-1.425e-18
258.00	+2.024e-01	+1.330e-02	+5.008e-08	+1.259e-08	+2.883e-16	+2.123e-10	+1.296e-16
259.00	+2.021e-01	+1.329e-02	+4.974e-07	+4.382e-08	-4.249e-15	-4.932e-09	-4.877e-15
260.00	+2.027e-01	+1.337e-02	+9.485e-08	+8.836e-10	-1.878e-19	+5.148e-11	+8.088e-18
261.00	+2.020e-01	+1.325e-02	+5.830e-07	+3.496e-08	-1.210e-15	-3.527e-09	-4.842e-15
262.00	+2.019e-01	+1.317e-02	+3.414e-07	+4.126e-08	+4.107e-15	+4.019e-09	-2.668e-15
263.00	+2.020e-01	+1.322e-02	+1.336e-07	+1.514e-08	-6.522e-16	-1.701e-09	+1.954e-16
264.00	+2.014e-01	+1.320e-02	+6.655e-07	+5.290e-08	-9.819e-15	-5.990e-09	+1.442e-15
265.00	+2.018e-01	+1.321e-02	+1.346e-06	+1.484e-07	-3.284e-14	-1.461e-08	-5.764e-14
266.00	+2.017e-01	+1.317e-02	+1.183e-07	+1.914e-08	-9.106e-16	-2.125e-09	-1.052e-17
267.00	+2.012e-01	+1.314e-02	+2.714e-36	+3.016e-37	-2.729e-73	+3.437e-38	+0.000e+00
268.00	+2.016e-01	+1.320e-02	+5.002e-06	+4.938e-07	-3.042e-13	-4.885e-08	-7.140e-13
269.00	+2.014e-01	+1.316e-02	+1.562e-06	+8.958e-08	+7.344e-15	-8.035e-09	+3.269e-14
270.00	+2.044e-01	+1.428e-02	+0.000e+00	+0.000e+00	+0.000e+00	+0.000e+00	+0.000e+00
271.00	+2.014e-01	+1.315e-02	+2.559e-06	+2.244e-07	-1.153e-13	-2.394e-08	+1.250e-13
272.00	+2.018e-01	+1.324e-02	+2.003e-06	+2.173e-07	-1.433e-13	-2.391e-08	-4.334e-15
273.00	+2.013e-01	+1.316e-02	+1.971e-07	+1.198e-08	+5.599e-16	+2.376e-10	-1.596e-16
274.00	+2.017e-01	+1.319e-02	+5.335e-07	+1.417e-08	+1.221e-15	-5.176e-10	-1.622e-16
275.00	+2.017e-01	+1.319e-02	+8.585e-08	+2.524e-08	+1.158e-15	+2.097e-09	+2.023e-16
276.00	+2.015e-01	+1.320e-02	+4.472e-08	+1.296e-09	-9.121e-18	-1.317e-10	-3.769e-18
277.00	+2.022e-01	+1.332e-02	+2.333e-08	+2.262e-09	-1.342e-17	-2.610e-10	-9.471e-18
278.00	+2.026e-01	+1.340e-02	+3.064e-08	+7.725e-09	+3.090e-17	+7.889e-11	+1.148e-16
279.00	+2.020e-01	+1.322e-02	+6.618e-07	+5.792e-08	-8.998e-15	-6.467e-09	+6.899e-15
280.00	+2.018e-01	+1.315e-02	+9.160e-08	+1.418e-08	-4.745e-16	-1.591e-09	+1.900e-16
281.00	+2.022e-01	+1.328e-02	+3.061e-07	+2.285e-08	-1.324e-15	-2.600e-09	+1.379e-15
282.00	+2.021e-01	+1.326e-02	+6.995e-08	+1.108e-08	+2.577e-16	+9.889e-10	+1.692e-16
283.00	+2.020e-01	+1.326e-02	+1.042e-08	+8.629e-10	-2.551e-18	+9.910e-11	-4.358e-19
284.00	+2.015e-01	+1.301e-02	+1.074e-08	+6.964e-10	+1.559e-18	+2.391e-11	-1.094e-18
285.00	+2.021e-01	+1.323e-02	+2.143e-07	+1.117e-08	-4.689e-16	-9.467e-10	-2.804e-16
286.00	+2.022e-01	+1.331e-02	+7.514e-08	+8.350e-09	-1.911e-16	-9.454e-10	-8.495e-17
287.00	+2.022e-01	+1.327e-02	+3.624e-08	+3.231e-09	-3.448e-17	-3.499e-10	-5.758e-18
288.00	+2.029e-01	+1.351e-02	+5.646e-07	+4.444e-08	+5.784e-15	+4.185e-09	+4.013e-15
289.00	+2.023e-01	+1.326e-02	+3.314e-07	+4.315e-08	+5.075e-15	+4.351e-09	-9.334e-16
290.00	+2.025e-01	+1.338e-02	+9.991e-09	+1.122e-09	+3.584e-18	+1.228e-10	+1.122e-18
291.00	+2.019e-01	+1.320e-02	+4.672e-08	+6.724e-09	-6.925e-17	-6.833e-10	-9.699e-17
292.00	+2.017e-01	+1.314e-02	+2.198e-07	+5.415e-08	+4.796e-15	+3.868e-09	-3.450e-15
293.00	+2.024e-01	+1.333e-02	+3.236e-07	+3.547e-08	-3.106e-15	-3.716e-09	-2.189e-15
294.00	+2.026e-01	+1.336e-02	+0.000e+00	+0.000e+00	+0.000e+00	+0.000e+00	+0.000e+00
295.00	+2.023e-01	+1.330e-02	+4.183e-07	+5.179e-08	-6.614e-15	-5.737e-09	+3.789e-15
296.00	+2.018e-01	+1.321e-02	+6.481e-07	+5.002e-08	-8.089e-15	-5.739e-09	-3.961e-15
297.00	+2.024e-01	+1.337e-02	+2.124e-06	+1.719e-07	-9.502e-14	-1.546e-08	-4.190e-14
298.00	+2.022e-01	+1.324e-02	+5.485e-08	+1.046e-08	+2.384e-16	+1.119e-09	-7.721e-17
299.00	+2.021e-01	+1.322e-02	+2.091e-07	+1.358e-08	+7.553e-17	+4.438e-10	+7.200e-16
300.00	+2.019e-01	+1.322e-02	+1.439e-07	+1.067e-08	-1.349e-16	-9.985e-10	+3.957e-16
301.00	+2.021e-01	+1.331e-02	+1.318e-07	+1.366e-08	-5.794e-16	-1.574e-09	+1.084e-17
302.00	+2.021e-01	+1.328e-02	+5.964e-08	+3.782e-09	+1.978e-17	-2.751e-10	+5.325e-17
303.00	+2.020e-01	+1.320e-02	+2.965e-08	+5.083e-09	-3.709e-17	-5.653e-10	-5.017e-17
304.00	+2.022e-01	+1.334e-02	+7.203e-08	+1.610e-10	+2.820e-19	+1.744e-11	-4.702e-19
305.00	+2.022e-01	+1.333e-02	+2.883e-07	+1.841e-08	-7.101e-16	-2.013e-09	-1.138e-15
306.00	+2.024e-01	+1.337e-02	+2.688e-07	+2.514e-08	-1.303e-15	-2.701e-09	-1.603e-15
307.00	+2.016e-01	+1.313e-02	+1.683e-06	+1.531e-07	-5.832e-14	-1.498e-08	+5.142e-14
308.00	+2.017e-01	+1.319e-02	+1.757e-07	+1.320e-08	+2.464e-16	+4.424e-10	+5.860e-16
309.00	+2.021e-01	+1.331e-02	+7.496e-08	+2.365e-08	+8.474e-16	+1.383e-09	-5.234e-16
310.00	+2.023e-01	+1.332e-02	+5.358e-07	+6.113e-09	+3.138e-16	+6.623e-10	-1.546e-16
311.00	+2.018e-01	+1.321e-02	+6.033e-08	+8.952e-09	+1.504e-16	+6.257e-10	+1.437e-16
312.00	+2.023e-01	+1.332e-02	+1.069e-07	+9.753e-09	+1.571e-18	+6.862e-10	+3.150e-16
313.00	+2.018e-01	+1.325e-02	+1.430e-07	+1.210e-08	+4.569e-16	-7.152e-10	-2.108e-16
314.00	+2.023e-01	+1.342e-02	+7.088e-06	+5.548e-07	-1.043e-12	-5.777e-08	+3.484e-13
315.00	+2.016e-01	+1.309e-02	+0.000e+00	+0.000e+00	+0.000e+00	+0.000e+00	+0.000e+00
316.00	+2.014e-01	+1.299e-02	+1.836e-06	+2.421e-07	-9.732e-14	-2.247e-08	-1.287e-13
317.00	+2.021e-01	+1.333e-02	+1.307e-06	+8.760e-08	-9.857e-15	-8.275e-09	-2.795e-14
318.00	+2.017e-01	+1.323e-02	+3.072e-08	+1.896e-09	-1.441e-17	+2.177e-10	+1.297e-18
319.00	+2.020e-01	+1.321e-02	+1.868e-08	+2.408e-09	+1.382e-17	+2.026e-10	-8.357e-18
320.00	+2.019e-01	+1.320e-02	+2.015e-07	+4.174e-08	+2.791e-15	+3.523e-09	-2.619e-15
321.00	+2.018e-01	+1.318e-02	+9.099e-08	+3.987e-09	+3.561e-17	-3.642e-10	+6.708e-17
322.00	+2.016e-01	+1.314e-02	+1.070e-07	+2.582e-08	-1.356e-15	+2.959e-09	+5.786e-17
323.00	+2.016e-01	+1.316e-02	+7.959e-07	+1.697e-08	-1.376e-15	-1.883e-09	+1.413e-15
324.00	+2.016e-01	+1.311e-02	+6.821e-09	+2.081e-10	-2.511e-20	-1.634e-11	-2.466e-19
325.00	+2.021e-01	+1.330e-02	+1.059e-07	+1.040e-09	+9.538e-18	-7.749e-11	+5.322e-18
326.00	+2.021e-01	+1.331e-02	+5.685e-07	+7.217e-08	+4.698e-15	-1.009e-09	+1.384e-14
327.00	+2.019e-01	+1.322e-02	+3.403e-07	+2.447e-08	-2.233e-15	-2.777e-09	+6.712e-17
328.00	+2.023e-01	+1.332e-02	+6.991e-08	+6.141e-09	+4.874e-17	-3.618e-10	-1.175e-16
329.00	+2.022e-01	+1.334e-02	+1.145e-07	+6.231e-09	+1.433e-16	-2.969e-10	-8.465e-17
330.00	+2.017e-01	+1.322e-02	+2.019e-07	+1.374e-08	-6.712e-16	-1.098e-09	+2.701e-16
331.00	+2.021e-01	+1.326e-02	+2.792e-08	+4.979e-10	+1.833e-18	-2.106e-11	-2.926e-19
332.00	+2.022e-01	+1.323e-02	+5.453e-08	+1.283e-08	+5.335e-17	-4.434e-10	-3.350e-16
333.00	+2.019e-01	+1.324e-02	+1.952e-07	+3.049e-08	+5.052e-16	-9.108e-10	+2.298e-15
334.00	+2.022e-01	+1.330e-02	+1.306e-06	+1.828e-07	-1.898e-14	-8.529e-09	-8.727e-14
335.00	+2.027e-01	+1.334e-02	+4.121e-08	+2.851e-09	+1.287e-17	+1.778e-10	+2.810e-17
336.00	+2.023e-01	+1.328e-02	+1.848e-07	+6.110e-09	-2.025e-16	-6.130e-10	+3.397e-17
337.00	+2.022e-01	+1.328e-02	+3.160e-07	+2.373e-08	-6.682e-16	-1.061e-09	+1.943e-15
338.00	+2.023e-01	+1.327e-02	+2.007e-07	+5.481e-08	+5.744e-15	+6.301e-09	+1.889e-16
339.00	+2.019e-01	+1.319e-02	+5.979e-08	+5.140e-09	-5.292e-17	-4.991e-10	-7.295e-17
340.00	+2.022e-01	+1.324e-02	+9.508e-08	+9.081e-09	+3.311e-17	+2.352e-10	-2.648e-16
341.00	+2.023e-01	+1.330e-02	+3.050e-07	+2.648e-08	+1.267e-15	-1.082e-09	-2.014e-15
342.00	+2.028e-01	+1.343e-02	+5.853e-07	+4.493e-08	-4.568e-15	-4.542e-09	+5.674e-15
343.00	+2.020e-01	+1.323e-02	+6.496e-08	+6.414e-09	+7.935e-17	-3.593e-10	-1.041e-16
344.00	+2.021e-01	+1.325e-02	+1.361e-08	+1.958e-10	-2.408e-19	-2.087e-11	-2.101e-19
345.00	+2.021e-01	+1.329e-02	+2.517e-07	+2.225e-08	+1.525e-15	+5.464e-10	-6.687e-16
346.00	+2.017e-01	+1.306e-02	+1.507e-07	+1.253e-08	-5.107e-16	-1.431e-09	-1.898e-16
347.00	+2.024e-01	+1.333e-02	+1.775e-08	+4.912e-10	-2.681e-19	-5.508e-11	-1.425e-18
348.00	+2.024e-01	+1.330e-02	+5.008e-08	+1.259e-08	+2.883e-16	+2.123e-10	+1.296e-16
349.00	+2.021e-01	+1.329e-02	+4.974e-07	+4.382e-08	-4.249e-15	-4.932e-09	-4.877e-15
350.00	+2.027e-01	+1.337e-02	+9.485e-08	+8.836e-10	-1.878e-19	+5.148e-11	+8.088e-18
351.00	+2.017e-01	+1.316e-02	+3.749e-07	+1.616e-08	+3.524e-16	-1.365e-09	-1.207e-15
352.00	+2.019e-01	+1.317e-02	+3.414e-07	+4.126e-08	+4.107e-15	+4.019e-09	-2.668e-15
353.00	+2.019e-01	+1.321e-02	+3.518e-07	+4.935e-08	-6.041e-15	-5.531e-09	-2.405e-15
354.00	+2.014e-01	+1.320e-02	+6.655e-07	+5.290e-08	-9.819e-15	-5.990e-09	+1.442e-15
355.00	+2.018e-01	+1.321e-02	+1.346e-06	+1.484e-07	-3.284e-14	-1.461e-08	-5.764e-14
356.00	+2.017e-01	+1.317e-02	+1.183e-07	+1.914e-08	-9.106e-16	-2.125e-09	-1.052e-17
357.00	+2.012e-01	+1.314e-02	+7.991e-36	+2.926e-36	-1.415e-71	-3.335e-37	+0.000e+00
358.00	+2.016e-01	+1.320e-02	+5.002e-06	+4.938e-07	-3.042e-13	-4.885e-08	-7.140e-13
359.00	+2.014e-01	+1.316e-02	+1.562e-06	+8.958e-08	+7.344e-15	-8.035e-09	+3.269e-14
