0.00	+1.691e-01	+8.722e-04	+0.000e+00	+0.000e+00	+0.000e+00	+0.000e+00	+0.000e+00
1.00	+1.691e-01	+8.450e-04	+3.712e-07	+3.996e-08	+4.236e-15	-3.614e-10	-2.395e-15
2.00	+1.691e-01	+8.477e-04	+1.465e-07	+1.660e-08	+3.057e-16	-3.042e-10	-7.593e-16
3.00	+1.690e-01	+8.442e-04	+8.135e-09	+3.891e-10	+6.594e-19	-2.193e-12	+2.105e-19
4.00	+1.691e-01	+8.443e-04	+3.697e-09	+1.307e-10	+6.365e-20	+1.070e-12	-6.484e-20
5.00	+1.690e-01	+8.511e-04	+2.544e-08	+1.425e-09	+7.189e-18	-1.538e-11	-4.686e-18
6.00	+1.690e-01	+8.444e-04	+6.512e-08	+7.063e-09	-6.064e-17	-1.636e-10	-1.388e-16
7.00	+1.690e-01	+8.439e-04	+9.995e-11	+9.561e-10	+1.247e-19	+2.758e-11	-2.680e-19
8.00	+1.691e-01	+8.436e-04	+1.687e-08	+3.127e-09	-1.999e-17	-9.019e-11	+1.079e-17
9.00	+1.690e-01	+8.453e-04	+1.770e-08	+1.786e-09	+8.968e-18	+1.843e-11	-4.524e-18
10.00	+1.690e-01	+8.376e-04	+5.891e-10	+4.634e-11	+6.678e-21	-2.697e-13	-3.743e-21
11.00	+1.690e-01	+8.441e-04	+1.057e-10	+9.176e-11	+4.141e-21	-1.720e-12	+8.032e-21
12.00	+1.690e-01	+8.439e-04	+3.138e-08	+3.048e-09	-5.470e-18	-6.768e-11	+2.931e-17
13.00	+1.690e-01	+8.473e-04	+3.293e-09	+2.690e-10	-1.435e-19	-7.135e-12	-2.086e-19
14.00	+1.691e-01	+8.678e-04	+7.330e-10	+4.674e-11	+8.338e-21	-2.638e-13	-2.305e-21
15.00	+1.690e-01	+8.456e-04	+3.936e-09	+3.264e-10	+1.649e-19	-4.704e-12	+3.313e-19
16.00	+1.690e-01	+8.405e-04	+1.983e-08	+1.901e-09	+7.616e-18	-2.458e-11	+8.847e-18
17.00	+1.690e-01	+8.454e-04	+1.765e-09	+1.838e-10	-8.686e-20	+5.174e-12	-5.848e-20
18.00	+1.691e-01	+8.427e-04	+4.333e-09	+3.745e-10	-2.972e-19	+9.438e-12	+3.731e-19
19.00	+1.691e-01	+8.471e-04	+2.208e-08	+4.116e-10	+1.157e-18	-4.141e-12	-4.477e-19
20.00	+1.690e-01	+8.350e-04	+2.298e-10	+6.839e-11	-7.889e-21	+1.920e-12	+3.360e-21
21.00	+1.690e-01	+8.378e-04	+2.864e-08	+4.726e-10	+1.696e-18	-4.337e-13	+3.799e-19
22.00	+1.690e-01	+8.451e-04	+5.097e-08	+6.748e-10	+2.869e-18	-6.327e-12	-2.725e-18
23.00	+1.691e-01	+8.456e-04	+1.686e-08	+2.488e-09	+6.068e-18	+4.022e-11	+1.493e-17
24.00	+1.691e-01	+8.410e-04	+4.797e-09	+4.585e-10	-1.101e-19	-9.990e-12	+6.711e-19
25.00	+1.690e-01	+8.466e-04	+9.867e-09	+2.009e-11	+8.537e-21	-2.514e-13	+2.663e-21
26.00	+1.688e-01	+8.475e-04	+1.531e-08	+1.925e-09	+8.819e-18	-2.324e-11	-5.608e-18
27.00	+1.691e-01	+8.460e-04	+2.232e-07	+4.381e-09	+2.530e-17	+1.934e-11	-1.346e-16
28.00	+1.690e-01	+8.453e-04	+4.996e-08	+7.659e-09	-7.699e-17	+1.830e-10	-1.285e-16
29.00	+1.688e-01	+8.410e-04	+2.744e-07	+2.084e-08	+1.282e-15	-2.326e-10	+9.168e-16
30.00	+1.688e-01	+8.466e-04	+2.907e-07	+2.143e-08	+1.600e-15	-1.663e-10	+5.501e-16
31.00	+1.688e-01	+8.417e-04	+3.964e-07	+2.929e-08	+2.582e-15	-3.320e-10	+1.814e-15
32.00	+1.687e-01	+8.475e-04	+6.920e-07	+4.915e-08	+6.222e-15	-6.991e-10	+6.591e-15
33.00	+1.687e-01	+8.441e-04	+1.065e-06	+7.268e-08	+1.865e-14	-6.684e-10	+7.812e-15
34.00	+1.686e-01	+8.468e-04	+1.223e-06	+6.801e-08	+1.570e-14	-7.873e-10	+1.175e-14
35.00	+1.686e-01	+8.411e-04	+1.545e-06	+9.531e-08	+3.275e-14	-9.606e-10	+1.628e-14
36.00	+1.685e-01	+8.434e-04	+1.766e-06	+1.095e-07	+4.042e-14	-1.238e-09	+2.618e-14
37.00	+1.686e-01	+8.455e-04	+1.915e-06	+1.275e-07	+5.348e-14	-1.519e-09	+3.334e-14
38.00	+1.685e-01	+8.429e-04	+2.655e-06	+1.578e-07	+9.313e-14	-1.583e-09	+4.201e-14
39.00	+1.685e-01	+8.481e-04	+3.113e-06	+1.667e-07	+9.478e-14	-2.331e-09	+7.366e-14
40.00	+1.684e-01	+8.457e-04	+3.531e-06	+2.085e-07	+1.363e-13	-2.928e-09	+1.159e-13
41.00	+1.684e-01	+8.467e-04	+3.469e-06	+1.859e-07	+1.203e-13	-2.504e-09	+8.846e-14
42.00	+1.684e-01	+8.469e-04	+4.085e-06	+2.120e-07	+1.720e-13	-2.521e-09	+9.680e-14
43.00	+1.682e-01	+8.393e-04	+3.865e-06	+2.034e-07	+1.441e-13	-2.782e-09	+1.085e-13
44.00	+1.684e-01	+8.434e-04	+4.493e-06	+1.713e-07	+1.429e-13	-1.311e-09	+4.627e-14
45.00	+1.684e-01	+8.891e-04	+3.826e-06	+1.907e-07	+1.406e-13	-2.377e-09	+8.229e-14
46.00	+1.681e-01	+8.406e-04	+4.961e-06	+2.474e-07	+1.375e-13	-4.559e-09	+2.372e-13
47.00	+1.683e-01	+8.423e-04	+5.072e-06	+2.731e-07	+1.575e-13	-5.251e-09	+2.801e-13
48.00	+1.683e-01	+8.429e-04	+4.849e-06	+2.311e-07	+1.426e-13	-4.112e-09	+1.988e-13
49.00	+1.683e-01	+8.445e-04	+5.950e-06	+2.968e-07	+2.873e-13	-4.557e-09	+2.703e-13
50.00	+1.682e-01	+8.438e-04	+5.062e-06	+2.576e-07	+2.254e-13	-3.792e-09	+1.889e-13
51.00	+1.683e-01	+8.406e-04	+5.301e-06	+2.610e-07	+1.929e-13	-4.368e-09	+2.389e-13
52.00	+1.683e-01	+8.397e-04	+5.499e-06	+2.870e-07	+1.879e-13	-5.298e-09	+3.077e-13
53.00	+1.683e-01	+8.392e-04	+4.753e-06	+2.495e-07	+2.502e-13	-2.435e-09	+1.058e-13
54.00	+1.683e-01	+8.436e-04	+5.446e-06	+2.560e-07	+2.231e-13	-3.880e-09	+2.040e-13
55.00	+1.683e-01	+8.366e-04	+4.503e-06	+2.283e-07	+1.359e-13	-3.912e-09	+1.874e-13
56.00	+1.683e-01	+8.398e-04	+4.576e-06	+1.942e-07	+1.305e-13	-2.799e-09	+1.284e-13
57.00	+1.683e-01	+8.340e-04	+4.093e-06	+2.073e-07	+1.547e-13	-2.611e-09	+1.119e-13
58.00	+1.683e-01	+8.408e-04	+4.302e-06	+2.231e-07	+1.608e-13	-3.139e-09	+1.480e-13
59.00	+1.683e-01	+8.329e-04	+3.567e-06	+1.906e-07	+1.059e-13	-2.796e-09	+1.162e-13
60.00	+1.684e-01	+8.362e-04	+3.594e-06	+1.978e-07	+1.211e-13	-2.645e-09	+1.148e-13
61.00	+1.684e-01	+8.362e-04	+2.937e-06	+1.653e-07	+1.103e-13	-1.182e-09	+3.305e-14
62.00	+1.685e-01	+8.385e-04	+3.064e-06	+1.829e-07	+7.587e-14	-2.965e-09	+1.140e-13
63.00	+1.682e-01	+8.279e-04	+1.593e-06	+1.069e-07	+3.210e-14	-1.280e-09	+3.028e-14
64.00	+1.686e-01	+8.367e-04	+2.069e-06	+8.151e-08	+4.254e-15	-1.816e-09	+3.320e-14
65.00	+1.686e-01	+8.367e-04	+1.672e-06	+1.017e-07	+3.800e-14	-7.880e-10	+1.773e-14
66.00	+1.686e-01	+8.325e-04	+1.293e-06	+8.295e-08	+2.448e-14	-6.441e-10	+1.178e-14
67.00	+1.686e-01	+8.411e-04	+8.320e-07	+6.074e-08	+8.770e-15	-8.111e-10	+1.046e-14
68.00	+1.688e-01	+8.433e-04	+6.353e-07	+3.892e-08	+3.490e-15	-5.815e-10	+5.028e-15
69.00	+1.687e-01	+8.319e-04	+4.871e-07	+3.698e-08	+4.327e-15	-3.239e-10	+2.431e-15
70.00	+1.687e-01	+8.304e-04	+2.645e-07	+1.892e-08	+8.853e-16	-2.322e-10	+1.004e-15
71.00	+1.689e-01	+8.375e-04	+8.255e-08	+6.592e-09	+1.529e-16	+1.673e-11	-1.602e-17
72.00	+1.690e-01	+8.447e-04	+1.459e-08	+4.142e-09	-2.371e-17	+1.119e-10	-2.179e-17
73.00	+1.690e-01	+8.436e-04	+4.062e-08	+3.489e-09	-4.002e-17	-1.009e-10	+1.112e-17
74.00	+1.690e-01	+8.405e-04	+9.967e-09	+1.696e-09	+6.968e-18	+6.701e-12	-2.233e-19
75.00	+1.691e-01	+8.480e-04	+1.086e-09	+7.900e-11	+1.920e-20	+1.310e-12	+1.292e-20
76.00	+1.691e-01	+8.679e-04	+0.000e+00	+0.000e+00	+0.000e+00	+0.000e+00	+0.000e+00
77.00	+1.690e-01	+8.437e-04	+9.720e-09	+3.240e-10	-5.689e-19	-9.378e-12	+8.406e-20
78.00	+1.690e-01	+8.438e-04	+9.435e-10	+1.478e-10	+1.696e-20	-1.522e-12	-5.249e-20
79.00	+1.691e-01	+8.438e-04	+1.922e-08	+1.602e-09	-3.157e-18	-3.851e-11	-8.313e-18
80.00	+1.690e-01	+8.383e-04	+5.166e-09	+4.670e-10	-7.239e-19	+1.349e-11	-4.718e-20
81.00	+1.691e-01	+8.430e-04	+6.194e-09	+4.807e-10	-8.043e-19	+1.306e-11	-2.029e-19
82.00	+1.691e-01	+8.450e-04	+2.512e-08	+1.359e-09	-7.757e-18	-3.702e-11	+1.707e-18
83.00	+1.689e-01	+8.427e-04	+2.483e-08	+2.583e-09	-5.120e-18	-6.458e-11	+2.004e-17
84.00	+1.690e-01	+8.466e-04	+2.321e-08	+6.431e-10	+2.171e-18	-9.606e-12	-1.207e-18
85.00	+1.690e-01	+8.477e-04	+1.185e-08	+1.074e-09	-4.389e-19	-2.268e-11	-3.810e-18
86.00	+1.691e-01	+8.445e-04	+2.076e-09	+2.193e-10	+1.110e-19	+2.868e-12	-9.781e-20
87.00	+1.690e-01	+8.438e-04	+5.573e-08	+5.652e-09	+4.939e-17	-7.973e-11	-8.732e-17
88.00	+1.691e-01	+8.480e-04	+2.881e-07	+2.812e-08	-8.203e-16	-6.391e-10	-2.395e-15
89.00	+1.691e-01	+8.450e-04	+3.957e-07	+4.355e-08	+4.993e-15	-2.520e-10	-2.782e-15
90.00	+1.691e-01	+8.722e-04	+0.000e+00	+0.000e+00	+0.000e+00	+0.000e+00	+0.000e+00
91.00	+1.691e-01	+8.450e-04	+3.712e-07	+3.996e-08	+4.236e-15	-3.614e-10	-2.395e-15
92.00	+1.691e-01	+8.477e-04	+1.465e-07	+1.660e-08	+3.057e-16	-3.042e-10	-7.593e-16
93.00	+1.690e-01	+8.442e-04	+8.135e-09	+3.891e-10	+6.594e-19	-2.193e-12	+2.105e-19
94.00	+1.691e-01	+8.443e-04	+3.697e-09	+1.307e-10	+6.365e-20	+1.070e-12	-6.484e-20
95.00	+1.690e-01	+8.477e-04	+1.669e-08	+1.146e-09	+1.601e-18	-2.376e-11	-4.750e-18
96.00	+1.690e-01	+8.444e-04	+6.512e-08	+7.063e-09	-6.064e-17	-1.636e-10	-1.388e-16
97.00	+1.690e-01	+8.439e-04	+9.995e-11	+9.561e-10	+1.247e-19	+2.758e-11	-2.680e-19
98.00	+1.691e-01	+8.436e-04	+1.687e-08	+3.127e-09	-1.999e-17	-9.019e-11	+1.079e-17
99.00	+1.690e-01	+8.453e-04	+1.770e-08	+1.786e-09	+8.968e-18	+1.843e-11	-4.524e-18
100.00	+1.690e-01	+8.376e-04	+5.891e-10	+4.634e-11	+6.678e-21	-2.697e-13	-3.743e-21
101.00	+1.690e-01	+8.441e-04	+1.057e-10	+9.176e-11	+4.141e-21	-1.720e-12	+8.032e-21
102.00	+1.690e-01	+8.439e-04	+3.138e-08	+3.048e-09	-5.470e-18	-6.768e-11	+2.931e-17
103.00	+1.690e-01	+8.473e-04	+3.293e-09	+2.690e-10	-1.435e-19	-7.135e-12	-2.086e-19
104.00	+1.691e-01	+8.678e-04	+7.330e-10	+4.674e-11	+8.338e-21	-2.638e-13	-2.305e-21
105.00	+1.690e-01	+8.456e-04	+3.936e-09	+3.264e-10	+1.649e-19	-4.704e-12	+3.313e-19
106.00	+1.690e-01	+8.405e-04	+1.983e-08	+1.901e-09	+7.616e-18	-2.458e-11	+8.847e-18
107.00	+1.690e-01	+8.454e-04	+1.765e-09	+1.838e-10	-8.686e-20	+5.174e-12	-5.848e-20
108.00	+1.691e-01	+8.427e-04	+4.333e-09	+3.745e-10	-2.972e-19	+9.438e-12	+3.731e-19
109.00	+1.691e-01	+8.471e-04	+2.208e-08	+4.116e-10	+1.157e-18	-4.141e-12	-4.477e-19
110.00	+1.690e-01	+8.350e-04	+2.298e-10	+6.839e-11	-7.889e-21	+1.920e-12	+3.360e-21
111.00	+1.690e-01	+8.378e-04	+2.864e-08	+4.726e-10	+1.696e-18	-4.337e-13	+3.799e-19
112.00	+1.690e-01	+8.451e-04	+5.097e-08	+6.748e-10	+2.869e-18	-6.327e-12	-2.725e-18
113.00	+1.691e-01	+8.456e-04	+1.686e-08	+2.488e-09	+6.068e-18	+4.022e-11	+1.493e-17
114.00	+1.691e-01	+8.410e-04	+4.797e-09	+4.585e-10	-1.101e-19	-9.990e-12	+6.711e-19
115.00	+1.690e-01	+8.466e-04	+9.867e-09	+2.009e-11	+8.537e-21	-2.514e-13	+2.663e-21
116.00	+1.688e-01	+8.483e-04	+9.138e-09	+8.714e-10	-2.404e-18	+2.533e-11	-5.180e-19
117.00	+1.692e-01	+8.452e-04	+5.470e-08	+8.719e-09	+9.928e-17	+2.452e-10	+1.625e-16
118.00	+1.691e-01	+8.457e-04	+2.394e-08	+2.717e-09	+2.114e-17	+3.380e-11	+5.785e-18
119.00	+1.690e-01	+8.414e-04	+2.859e-09	+2.242e-10	-3.011e-20	-5.272e-12	+1.770e-19
120.00	+1.691e-01	+8.473e-04	+1.644e-09	+2.848e-11	+3.470e-21	-4.228e-13	-5.092e-21
121.00	+1.690e-01	+8.422e-04	+1.897e-10	+4.097e-11	-2.995e-21	-1.136e-12	-2.019e-21
122.00	+1.690e-01	+8.479e-04	+8.171e-09	+8.260e-10	-1.989e-18	-2.355e-11	+8.061e-19
123.00	+1.690e-01	+8.433e-04	+4.731e-08	+4.712e-09	+6.867e-17	+4.120e-12	-1.527e-17
124.00	+1.689e-01	+8.464e-04	+5.443e-08	+2.112e-09	+1.693e-17	-1.465e-11	+1.505e-17
125.00	+1.689e-01	+8.405e-04	+9.026e-08	+7.359e-09	+1.896e-16	-9.181e-12	-1.233e-18
126.00	+1.688e-01	+8.416e-04	+1.088e-07	+1.015e-08	+3.129e-16	-3.872e-11	+1.266e-16
127.00	+1.690e-01	+8.469e-04	+8.384e-08	+1.142e-08	+3.533e-16	-1.123e-11	+1.261e-18
128.00	+1.688e-01	+8.412e-04	+2.545e-07	+2.193e-08	+1.634e-15	-9.037e-12	-1.247e-16
129.00	+1.688e-01	+8.446e-04	+3.197e-07	+1.984e-08	+1.335e-15	-2.228e-10	+8.454e-16
130.00	+1.688e-01	+8.433e-04	+4.898e-07	+4.092e-08	+4.591e-15	-4.384e-10	+3.532e-15
131.00	+1.687e-01	+8.439e-04	+3.908e-07	+2.878e-08	+2.792e-15	-2.236e-10	+1.233e-15
132.00	+1.688e-01	+8.439e-04	+6.317e-07	+4.333e-08	+7.087e-15	-1.793e-10	+1.071e-15
133.00	+1.686e-01	+8.353e-04	+5.558e-07	+4.106e-08	+5.633e-15	-3.205e-10	+2.596e-15
134.00	+1.687e-01	+8.410e-04	+7.097e-07	+2.757e-08	+3.390e-15	+2.633e-10	-1.837e-15
135.00	+1.687e-01	+8.869e-04	+5.536e-07	+3.612e-08	+5.078e-15	-1.391e-10	+5.449e-16
136.00	+1.684e-01	+8.381e-04	+1.058e-06	+6.526e-08	+5.596e-15	-1.187e-09	+1.621e-14
137.00	+1.687e-01	+8.399e-04	+1.112e-06	+8.246e-08	+8.827e-15	-1.576e-09	+2.336e-14
138.00	+1.686e-01	+8.409e-04	+7.691e-07	+4.809e-08	+4.756e-15	-7.947e-10	+7.931e-15
139.00	+1.687e-01	+8.427e-04	+1.227e-06	+7.979e-08	+2.015e-14	-9.139e-10	+1.474e-14
140.00	+1.686e-01	+8.406e-04	+8.443e-07	+6.057e-08	+1.207e-14	-5.652e-10	+6.472e-15
141.00	+1.686e-01	+8.409e-04	+9.996e-07	+6.689e-08	+1.063e-14	-9.726e-10	+1.364e-14
142.00	+1.687e-01	+8.396e-04	+1.184e-06	+8.382e-08	+1.127e-14	-1.497e-09	+2.389e-14
143.00	+1.687e-01	+8.429e-04	+6.792e-07	+5.966e-08	+1.169e-14	+1.603e-10	-2.754e-15
144.00	+1.687e-01	+8.436e-04	+1.005e-06	+5.799e-08	+1.172e-14	-6.454e-10	+7.660e-15
145.00	+1.686e-01	+8.375e-04	+7.354e-07	+5.050e-08	+5.051e-15	-8.109e-10	+8.319e-15
146.00	+1.687e-01	+8.412e-04	+7.507e-07	+3.345e-08	+4.182e-15	-3.288e-10	+3.259e-15
147.00	+1.687e-01	+8.378e-04	+5.780e-07	+3.991e-08	+5.773e-15	-2.547e-10	+1.851e-15
148.00	+1.687e-01	+8.438e-04	+6.403e-07	+4.461e-08	+6.168e-15	-4.466e-10	+4.336e-15
149.00	+1.687e-01	+8.383e-04	+4.471e-07	+3.205e-08	+2.487e-15	-4.264e-10	+2.922e-15
150.00	+1.687e-01	+8.411e-04	+4.500e-07	+3.368e-08	+3.144e-15	-3.401e-10	+2.702e-15
151.00	+1.688e-01	+8.414e-04	+3.286e-07	+2.631e-08	+2.129e-15	+1.536e-10	-1.205e-15
152.00	+1.689e-01	+8.442e-04	+3.397e-07	+2.894e-08	+6.325e-16	-5.398e-10	+2.799e-15
153.00	+1.686e-01	+8.395e-04	+1.381e-08	+5.430e-09	+2.495e-17	-6.724e-11	+3.986e-17
154.00	+1.690e-01	+8.439e-04	+1.042e-07	+4.377e-09	+7.980e-18	-2.962e-11	-9.314e-17
155.00	+1.689e-01	+8.442e-04	+9.249e-08	+7.440e-09	+1.897e-16	+2.379e-11	-4.570e-17
156.00	+1.689e-01	+8.388e-04	+3.804e-08	+3.332e-09	+3.599e-17	+1.462e-11	-1.056e-17
157.00	+1.690e-01	+8.480e-04	+3.477e-09	+8.749e-10	-1.366e-18	-2.548e-11	-6.800e-19
158.00	+1.691e-01	+8.495e-04	+2.774e-09	+7.404e-10	-1.052e-18	+2.158e-11	+1.399e-19
159.00	+1.690e-01	+8.368e-04	+1.040e-08	+1.050e-09	+3.321e-18	-1.196e-11	+1.000e-18
160.00	+1.689e-01	+8.346e-04	+2.026e-09	+2.072e-10	-1.320e-19	+5.969e-12	+2.418e-20
161.00	+1.690e-01	+8.398e-04	+1.257e-09	+2.251e-10	+1.426e-20	-3.346e-12	-1.189e-19
162.00	+1.690e-01	+8.461e-04	+1.174e-08	+1.749e-09	+7.924e-18	+1.903e-11	+1.541e-19
163.00	+1.690e-01	+8.451e-04	+9.466e-09	+1.264e-09	+4.047e-18	+8.915e-12	+1.649e-18
164.00	+1.690e-01	+8.405e-04	+9.967e-09	+1.696e-09	+6.968e-18	+6.701e-12	-2.233e-19
165.00	+1.691e-01	+8.480e-04	+1.086e-09	+7.900e-11	+1.920e-20	+1.310e-12	+1.292e-20
166.00	+1.691e-01	+8.679e-04	+0.000e+00	+0.000e+00	+0.000e+00	-0.000e+00	+0.000e+00
167.00	+1.690e-01	+8.437e-04	+9.720e-09	+3.240e-10	-5.689e-19	-9.378e-12	+8.406e-20
168.00	+1.690e-01	+8.438e-04	+9.435e-10	+1.478e-10	+1.696e-20	-1.522e-12	-5.249e-20
169.00	+1.691e-01	+8.438e-04	+1.922e-08	+1.602e-09	-3.157e-18	-3.851e-11	-8.313e-18
170.00	+1.690e-01	+8.383e-04	+5.166e-09	+4.670e-10	-7.239e-19	+1.349e-11	-4.718e-20
171.00	+1.691e-01	+8.430e-04	+6.194e-09	+4.807e-10	-8.043e-19	+1.306e-11	-2.029e-19
172.00	+1.691e-01	+8.450e-04	+2.512e-08	+1.359e-09	-7.757e-18	-3.702e-11	+1.707e-18
173.00	+1.689e-01	+8.427e-04	+2.483e-08	+2.583e-09	-5.120e-18	-6.458e-11	+2.004e-17
174.00	+1.690e-01	+8.466e-04	+2.321e-08	+6.431e-10	+2.171e-18	-9.606e-12	-1.207e-18
175.00	+1.690e-01	+8.509e-04	+1.991e-08	+1.308e-09	+3.259e-18	-1.667e-11	-5.824e-18
176.00	+1.691e-01	+8.445e-04	+2.076e-09	+2.193e-10	+1.110e-19	+2.868e-12	-9.781e-20
177.00	+1.690e-01	+8.438e-04	+5.573e-08	+5.652e-09	+4.939e-17	-7.973e-11	-8.732e-17
178.00	+1.691e-01	+8.480e-04	+2.881e-07	+2.812e-08	-8.203e-16	-6.391e-10	-2.395e-15
179.00	+1.691e-01	+8.450e-04	+3.957e-07	+4.355e-08	+4.993e-15	-2.520e-10	-2.782e-15
180.00	+1.691e-01	+8.722e-04	+0.000e+00	+0.000e+00	+0.000e+00	+0.000e+00	+0.000e+00
181.00	+1.691e-01	+8.450e-04	+3.712e-07	+3.996e-08	+4.236e-15	-3.614e-10	-2.395e-15
182.00	+1.691e-01	+8.477e-04	+1.465e-07	+1.660e-08	+3.057e-16	-3.042e-10	-7.593e-16
183.00	+1.690e-01	+8.442e-04	+8.135e-09	+3.891e-10	+6.594e-19	-2.193e-12	+2.105e-19
184.00	+1.691e-01	+8.443e-04	+3.697e-09	+1.307e-10	+6.365e-20	+1.070e-12	-6.484e-20
185.00	+1.690e-01	+8.511e-04	+2.544e-08	+1.425e-09	+7.189e-18	-1.538e-11	-4.686e-18
186.00	+1.690e-01	+8.444e-04	+6.512e-08	+7.063e-09	-6.064e-17	-1.636e-10	-1.388e-16
187.00	+1.690e-01	+8.439e-04	+9.995e-11	+9.561e-10	+1.247e-19	+2.758e-11	-2.680e-19
188.00	+1.691e-01	+8.436e-04	+1.687e-08	+3.127e-09	-1.999e-17	-9.019e-11	+1.079e-17
189.00	+1.690e-01	+8.453e-04	+1.770e-08	+1.786e-09	+8.968e-18	+1.843e-11	-4.524e-18
190.00	+1.690e-01	+8.376e-04	+5.891e-10	+4.634e-11	+6.678e-21	-2.697e-13	-3.743e-21
191.00	+1.690e-01	+8.441e-04	+1.057e-10	+9.176e-11	+4.141e-21	-1.720e-12	+8.032e-21
192.00	+1.690e-01	+8.439e-04	+3.138e-08	+3.048e-09	-5.470e-18	-6.768e-11	+2.931e-17
193.00	+1.690e-01	+8.473e-04	+3.293e-09	+2.690e-10	-1.435e-19	-7.135e-12	-2.086e-19
194.00	+1.691e-01	+8.678e-04	+7.330e-10	+4.674e-11	+8.338e-21	-2.638e-13	-2.305e-21
195.00	+1.690e-01	+8.456e-04	+3.936e-09	+3.264e-10	+1.649e-19	-4.704e-12	+3.313e-19
196.00	+1.690e-01	+8.405e-04	+1.983e-08	+1.901e-09	+7.616e-18	-2.458e-11	+8.847e-18
197.00	+1.690e-01	+8.454e-04	+1.765e-09	+1.838e-10	-8.686e-20	+5.174e-12	-5.848e-20
198.00	+1.691e-01	+8.427e-04	+4.333e-09	+3.745e-10	-2.972e-19	+9.438e-12	+3.731e-19
199.00	+1.691e-01	+8.471e-04	+2.208e-08	+4.116e-10	+1.157e-18	-4.141e-12	-4.477e-19
200.00	+1.690e-01	+8.350e-04	+2.298e-10	+6.839e-11	-7.889e-21	+1.920e-12	+3.360e-21
201.00	+1.690e-01	+8.378e-04	+2.864e-08	+4.726e-10	+1.696e-18	-4.337e-13	+3.799e-19
202.00	+1.690e-01	+8.451e-04	+5.097e-08	+6.748e-10	+2.869e-18	-6.327e-12	-2.725e-18
203.00	+1.691e-01	+8.456e-04	+1.686e-08	+2.488e-09	+6.068e-18	+4.022e-11	+1.493e-17
204.00	+1.691e-01	+8.410e-04	+4.797e-09	+4.585e-10	-1.101e-19	-9.990e-12	+6.711e-19
205.00	+1.690e-01	+8.466e-04	+9.867e-09	+2.009e-11	+8.537e-21	-2.514e-13	+2.663e-21
206.00	+1.688e-01	+8.483e-04	+9.138e-09	+8.714e-10	-2.404e-18	+2.533e-11	-5.180e-19
207.00	+1.692e-01	+8.452e-04	+5.470e-08	+8.719e-09	+9.928e-17	+2.452e-10	+1.625e-16
208.00	+1.691e-01	+8.457e-04	+2.394e-08	+2.717e-09	+2.114e-17	+3.380e-11	+5.785e-18
209.00	+1.690e-01	+8.414e-04	+2.859e-09	+2.242e-10	-3.011e-20	-5.272e-12	+1.770e-19
210.00	+1.691e-01	+8.473e-04	+1.644e-09	+2.848e-11	+3.470e-21	-4.228e-13	-5.092e-21
211.00	+1.690e-01	+8.422e-04	+1.897e-10	+4.097e-11	-2.995e-21	-1.136e-12	-2.019e-21
212.00	+1.690e-01	+8.479e-04	+8.171e-09	+8.260e-10	-1.989e-18	-2.355e-11	+8.061e-19
213.00	+1.690e-01	+8.433e-04	+4.731e-08	+4.712e-09	+6.867e-17	+4.120e-12	-1.527e-17
214.00	+1.689e-01	+8.464e-04	+5.443e-08	+2.112e-09	+1.693e-17	-1.465e-11	+1.505e-17
215.00	+1.689e-01	+8.405e-04	+9.026e-08	+7.359e-09	+1.896e-16	-9.181e-12	-1.233e-18
216.00	+1.688e-01	+8.416e-04	+1.088e-07	+1.015e-08	+3.129e-16	-3.872e-11	+1.266e-16
217.00	+1.690e-01	+8.469e-04	+8.384e-08	+1.142e-08	+3.533e-16	-1.123e-11	+1.261e-18
218.00	+1.688e-01	+8.412e-04	+2.545e-07	+2.193e-08	+1.634e-15	-9.037e-12	-1.247e-16
219.00	+1.688e-01	+8.446e-04	+3.197e-07	+1.984e-08	+1.335e-15	-2.228e-10	+8.454e-16
220.00	+1.688e-01	+8.433e-04	+4.898e-07	+4.092e-08	+4.591e-15	-4.384e-10	+3.532e-15
221.00	+1.687e-01	+8.439e-04	+3.908e-07	+2.878e-08	+2.792e-15	-2.236e-10	+1.233e-15
222.00	+1.688e-01	+8.439e-04	+6.317e-07	+4.333e-08	+7.087e-15	-1.793e-10	+1.071e-15
223.00	+1.686e-01	+8.353e-04	+5.558e-07	+4.106e-08	+5.633e-15	-3.205e-10	+2.596e-15
224.00	+1.687e-01	+8.410e-04	+7.097e-07	+2.757e-08	+3.390e-15	+2.633e-10	-1.837e-15
225.00	+1.687e-01	+8.869e-04	+5.536e-07	+3.612e-08	+5.078e-15	-1.391e-10	+5.449e-16
226.00	+1.684e-01	+8.381e-04	+1.058e-06	+6.526e-08	+5.596e-15	-1.187e-09	+1.621e-14
227.00	+1.687e-01	+8.399e-04	+1.112e-06	+8.246e-08	+8.827e-15	-1.576e-09	+2.336e-14
228.00	+1.686e-01	+8.409e-04	+7.691e-07	+4.809e-08	+4.756e-15	-7.947e-10	+7.931e-15
229.00	+1.687e-01	+8.427e-04	+1.227e-06	+7.979e-08	+2.015e-14	-9.139e-10	+1.474e-14
230.00	+1.686e-01	+8.400e-04	+8.714e-07	+6.456e-08	+9.789e-15	-9.308e-10	+1.177e-14
231.00	+1.686e-01	+8.409e-04	+9.996e-07	+6.689e-08	+1.063e-14	-9.726e-10	+1.364e-14
232.00	+1.687e-01	+8.396e-04	+1.184e-06	+8.382e-08	+1.127e-14	-1.497e-09	+2.389e-14
233.00	+1.687e-01	+8.429e-04	+6.792e-07	+5.966e-08	+1.169e-14	+1.603e-10	-2.754e-15
234.00	+1.687e-01	+8.436e-04	+1.005e-06	+5.799e-08	+1.172e-14	-6.454e-10	+7.660e-15
235.00	+1.686e-01	+8.375e-04	+7.354e-07	+5.050e-08	+5.051e-15	-8.109e-10	+8.319e-15
236.00	+1.687e-01	+8.412e-04	+7.507e-07	+3.345e-08	+4.182e-15	-3.288e-10	+3.259e-15
237.00	+1.687e-01	+8.378e-04	+5.780e-07	+3.991e-08	+5.773e-15	-2.547e-10	+1.851e-15
238.00	+1.687e-01	+8.438e-04	+6.403e-07	+4.461e-08	+6.168e-15	-4.466e-10	+4.336e-15
239.00	+1.687e-01	+8.383e-04	+4.471e-07	+3.205e-08	+2.487e-15	-4.264e-10	+2.922e-15
240.00	+1.687e-01	+8.411e-04	+4.500e-07	+3.368e-08	+3.144e-15	-3.401e-10	+2.702e-15
241.00	+1.688e-01	+8.414e-04	+3.286e-07	+2.631e-08	+2.129e-15	+1.536e-10	-1.205e-15
242.00	+1.689e-01	+8.442e-04	+3.397e-07	+2.894e-08	+6.325e-16	-5.398e-10	+2.799e-15
243.00	+1.686e-01	+8.366e-04	+2.502e-08	+5.939e-09	+4.144e-17	-6.409e-11	+5.937e-17
244.00	+1.690e-01	+8.439e-04	+1.042e-07	+4.377e-09	+7.980e-18	-2.962e-11	-9.314e-17
245.00	+1.689e-01	+8.442e-04	+9.249e-08	+7.440e-09	+1.897e-16	+2.379e-11	-4.570e-17
246.00	+1.689e-01	+8.388e-04	+3.804e-08	+3.332e-09	+3.599e-17	+1.462e-11	-1.056e-17
247.00	+1.690e-01	+8.480e-04	+3.477e-09	+8.749e-10	-1.366e-18	-2.548e-11	-6.800e-19
248.00	+1.691e-01	+8.495e-04	+2.774e-09	+7.404e-10	-1.052e-18	+2.158e-11	+1.399e-19
249.00	+1.690e-01	+8.368e-04	+1.040e-08	+1.050e-09	+3.321e-18	-1.196e-11	+1.000e-18
250.00	+1.689e-01	+8.346e-04	+2.026e-09	+2.072e-10	-1.320e-19	+5.969e-12	+2.418e-20
251.00	+1.690e-01	+8.398e-04	+1.257e-09	+2.251e-10	+1.426e-20	-3.346e-12	-1.189e-19
252.00	+1.690e-01	+8.461e-04	+1.174e-08	+1.749e-09	+7.924e-18	+1.903e-11	+1.541e-19
253.00	+1.690e-01	+8.451e-04	+9.466e-09	+1.264e-09	+4.047e-18	+8.915e-12	+1.649e-18
254.00	+1.690e-01	+8.405e-04	+9.967e-09	+1.696e-09	+6.968e-18	+6.701e-12	-2.233e-19
255.00	+1.691e-01	+8.480e-04	+1.086e-09	+7.900e-11	+1.920e-20	+1.310e-12	+1.292e-20
256.00	+1.691e-01	+8.679e-04	+0.000e+00	+0.000e+00	+0.000e+00	+0.000e+00	+0.000e+00
257.00	+1.690e-01	+8.437e-04	+9.720e-09	+3.240e-10	-5.689e-19	-9.378e-12	+8.406e-20
258.00	+1.690e-01	+8.438e-04	+9.435e-10	+1.478e-10	+1.696e-20	-1.522e-12	-5.249e-20
259.00	+1.691e-01	+8.438e-04	+1.922e-08	+1.602e-09	-3.157e-18	-3.851e-11	-8.313e-18
260.00	+1.690e-01	+8.383e-04	+5.166e-09	+4.670e-10	-7.239e-19	+1.349e-11	-4.718e-20
261.00	+1.691e-01	+8.430e-04	+6.194e-09	+4.807e-10	-8.043e-19	+1.306e-11	-2.029e-19
262.00	+1.691e-01	+8.450e-04	+2.512e-08	+1.359e-09	-7.757e-18	-3.702e-11	+1.707e-18
263.00	+1.689e-01	+8.427e-04	+2.483e-08	+2.583e-09	-5.120e-18	-6.458e-11	+2.004e-17
264.00	+1.690e-01	+8.466e-04	+2.321e-08	+6.431e-10	+2.171e-18	-9.606e-12	-1.207e-18
265.00	+1.690e-01	+8.509e-04	+1.991e-08	+1.308e-09	+3.259e-18	-1.667e-11	-5.824e-18
266.00	+1.691e-01	+8.445e-04	+2.076e-09	+2.193e-10	+1.110e-19	+2.868e-12	-9.781e-20
267.00	+1.690e-01	+8.438e-04	+5.573e-08	+5.652e-09	+4.939e-17	-7.973e-11	-8.732e-17
268.00	+1.691e-01	+8.480e-04	+2.881e-07	+2.812e-08	-8.203e-16	-6.391e-10	-2.395e-15
269.00	+1.691e-01	+8.450e-04	+3.957e-07	+4.355e-08	+4.993e-15	-2.520e-10	-2.782e-15
270.00	+1.691e-01	+8.722e-04	+0.000e+00	+0.000e+00	+0.000e+00	+0.000e+00	+0.000e+00
271.00	+1.691e-01	+8.450e-04	+3.712e-07	+3.996e-08	+4.236e-15	-3.614e-10	-2.395e-15
272.00	+1.691e-01	+8.477e-04	+1.465e-07	+1.660e-08	+3.057e-16	-3.042e-10	-7.593e-16
273.00	+1.690e-01	+8.442e-04	+8.135e-09	+3.891e-10	+6.594e-19	-2.193e-12	+2.105e-19
274.00	+1.691e-01	+8.443e-04	+3.697e-09	+1.307e-10	+6.365e-20	+1.070e-12	-6.484e-20
275.00	+1.690e-01	+8.511e-04	+2.544e-08	+1.425e-09	+7.189e-18	-1.538e-11	-4.686e-18
276.00	+1.690e-01	+8.444e-04	+6.512e-08	+7.063e-09	-6.064e-17	-1.636e-10	-1.388e-16
277.00	+1.690e-01	+8.439e-04	+9.995e-11	+9.561e-10	+1.247e-19	+2.758e-11	-2.680e-19
278.00	+1.691e-01	+8.436e-04	+1.687e-08	+3.127e-09	-1.999e-17	-9.019e-11	+1.079e-17
279.00	+1.690e-01	+8.453e-04	+1.770e-08	+1.786e-09	+8.968e-18	+1.843e-11	-4.524e-18
280.00	+1.690e-01	+8.376e-04	+5.891e-10	+4.634e-11	+6.678e-21	-2.697e-13	-3.743e-21
281.00	+1.690e-01	+8.441e-04	+1.057e-10	+9.176e-11	+4.141e-21	-1.720e-12	+8.032e-21
282.00	+1.690e-01	+8.439e-04	+3.138e-08	+3.048e-09	-5.470e-18	-6.768e-11	+2.931e-17
283.00	+1.690e-01	+8.473e-04	+3.293e-09	+2.690e-10	-1.435e-19	-7.135e-12	-2.086e-19
284.00	+1.691e-01	+8.678e-04	+7.330e-10	+4.674e-11	+8.338e-21	-2.638e-13	-2.305e-21
285.00	+1.690e-01	+8.456e-04	+3.936e-09	+3.264e-10	+1.649e-19	-4.704e-12	+3.313e-19
286.00	+1.690e-01	+8.405e-04	+1.983e-08	+1.901e-09	+7.616e-18	-2.458e-11	+8.847e-18
287.00	+1.690e-01	+8.454e-04	+1.765e-09	+1.838e-10	-8.686e-20	+5.174e-12	-5.848e-20
288.00	+1.691e-01	+8.427e-04	+4.333e-09	+3.745e-10	-2.972e-19	+9.438e-12	+3.731e-19
289.00	+1.691e-01	+8.471e-04	+2.208e-08	+4.116e-10	+1.157e-18	-4.141e-12	-4.477e-19
290.00	+1.690e-01	+8.350e-04	+2.298e-10	+6.839e-11	-7.889e-21	+1.920e-12	+3.360e-21
291.00	+1.690e-01	+8.378e-04	+2.864e-08	+4.726e-10	+1.696e-18	-4.337e-13	+3.799e-19
292.00	+1.690e-01	+8.451e-04	+5.097e-08	+6.748e-10	+2.869e-18	-6.327e-12	-2.725e-18
293.00	+1.691e-01	+8.456e-04	+1.686e-08	+2.488e-09	+6.068e-18	+4.022e-11	+1.493e-17
294.00	+1.691e-01	+8.410e-04	+4.797e-09	+4.585e-10	-1.101e-19	-9.990e-12	+6.711e-19
295.00	+1.690e-01	+8.466e-04	+9.867e-09	+2.009e-11	+8.537e-21	-2.514e-13	+2.663e-21
296.00	+1.688e-01	+8.480e-04	+2.327e-09	+6.317e-10	+6.427e-19	-7.165e-12	-4.166e-19
297.00	+1.691e-01	+8.452e-04	+1.559e-07	+4.902e-09	+1.245e-16	+1.061e-10	-5.352e-17
298.00	+1.690e-01	+8.453e-04	+4.996e-08	+7.659e-09	-7.699e-17	+1.830e-10	-1.285e-16
299.00	+1.688e-01	+8.410e-04	+2.744e-07	+2.084e-08	+1.282e-15	-2.326e-10	+9.168e-16
300.00	+1.688e-01	+8.466e-04	+2.907e-07	+2.143e-08	+1.600e-15	-1.663e-10	+5.501e-16
301.00	+1.688e-01	+8.417e-04	+3.964e-07	+2.929e-08	+2.582e-15	-3.320e-10	+1.814e-15
302.00	+1.687e-01	+8.475e-04	+6.920e-07	+4.915e-08	+6.222e-15	-6.991e-10	+6.591e-15
303.00	+1.687e-01	+8.441e-04	+1.065e-06	+7.268e-08	+1.865e-14	-6.684e-10	+7.812e-15
304.00	+1.686e-01	+8.468e-04	+1.223e-06	+6.801e-08	+1.570e-14	-7.873e-10	+1.175e-14
305.00	+1.686e-01	+8.411e-04	+1.545e-06	+9.531e-08	+3.275e-14	-9.606e-10	+1.628e-14
306.00	+1.685e-01	+8.434e-04	+1.766e-06	+1.095e-07	+4.042e-14	-1.238e-09	+2.618e-14
307.00	+1.686e-01	+8.455e-04	+1.915e-06	+1.275e-07	+5.348e-14	-1.519e-09	+3.334e-14
308.00	+1.685e-01	+8.429e-04	+2.655e-06	+1.578e-07	+9.313e-14	-1.583e-09	+4.201e-14
309.00	+1.685e-01	+8.481e-04	+3.113e-06	+1.667e-07	+9.478e-14	-2.331e-09	+7.366e-14
310.00	+1.684e-01	+8.457e-04	+3.531e-06	+2.085e-07	+1.363e-13	-2.928e-09	+1.159e-13
311.00	+1.684e-01	+8.467e-04	+3.469e-06	+1.859e-07	+1.203e-13	-2.504e-09	+8.846e-14
312.00	+1.684e-01	+8.469e-04	+4.085e-06	+2.120e-07	+1.720e-13	-2.521e-09	+9.680e-14
313.00	+1.682e-01	+8.393e-04	+3.865e-06	+2.034e-07	+1.441e-13	-2.782e-09	+1.085e-13
314.00	+1.684e-01	+8.434e-04	+4.493e-06	+1.713e-07	+1.429e-13	-1.311e-09	+4.627e-14
315.00	+1.684e-01	+8.891e-04	+3.826e-06	+1.907e-07	+1.406e-13	-2.377e-09	+8.229e-14
316.00	+1.681e-01	+8.406e-04	+4.961e-06	+2.474e-07	+1.375e-13	-4.559e-09	+2.372e-13
317.00	+1.683e-01	+8.423e-04	+5.072e-06	+2.731e-07	+1.575e-13	-5.251e-09	+2.801e-13
318.00	+1.683e-01	+8.429e-04	+4.849e-06	+2.311e-07	+1.426e-13	-4.112e-09	+1.988e-13
319.00	+1.683e-01	+8.445e-04	+5.950e-06	+2.968e-07	+2.873e-13	-4.557e-09	+2.703e-13
320.00	+1.682e-01	+8.438e-04	+5.062e-06	+2.576e-07	+2.254e-13	-3.792e-09	+1.889e-13
321.00	+1.683e-01	+8.406e-04	+5.301e-06	+2.610e-07	+1.929e-13	-4.368e-09	+2.389e-13
322.00	+1.683e-01	+8.397e-04	+5.499e-06	+2.870e-07	+1.879e-13	-5.298e-09	+3.077e-13
323.00	+1.683e-01	+8.392e-04	+4.753e-06	+2.495e-07	+2.502e-13	-2.435e-09	+1.058e-13
324.00	+1.683e-01	+8.436e-04	+5.446e-06	+2.560e-07	+2.231e-13	-3.880e-09	+2.040e-13
325.00	+1.683e-01	+8.366e-04	+4.503e-06	+2.283e-07	+1.359e-13	-3.912e-09	+1.874e-13
326.00	+1.683e-01	+8.398e-04	+4.576e-06	+1.942e-07	+1.305e-13	-2.799e-09	+1.284e-13
327.00	+1.683e-01	+8.340e-04	+4.093e-06	+2.073e-07	+1.547e-13	-2.611e-09	+1.119e-13
328.00	+1.683e-01	+8.408e-04	+4.302e-06	+2.231e-07	+1.608e-13	-3.139e-09	+1.480e-13
329.00	+1.683e-01	+8.329e-04	+3.567e-06	+1.906e-07	+1.059e-13	-2.796e-09	+1.162e-13
330.00	+1.684e-01	+8.362e-04	+3.594e-06	+1.978e-07	+1.211e-13	-2.645e-09	+1.148e-13
331.00	+1.684e-01	+8.362e-04	+2.937e-06	+1.653e-07	+1.103e-13	-1.182e-09	+3.305e-14
332.00	+1.685e-01	+8.385e-04	+3.064e-06	+1.829e-07	+7.587e-14	-2.965e-09	+1.140e-13
333.00	+1.682e-01	+8.279e-04	+1.593e-06	+1.069e-07	+3.210e-14	-1.280e-09	+3.028e-14
334.00	+1.686e-01	+8.367e-04	+2.069e-06	+8.151e-08	+4.254e-15	-1.816e-09	+3.320e-14
335.00	+1.686e-01	+8.367e-04	+1.672e-06	+1.017e-07	+3.800e-14	-7.880e-10	+1.773e-14
336.00	+1.686e-01	+8.325e-04	+1.293e-06	+8.295e-08	+2.448e-14	-6.441e-10	+1.178e-14
337.00	+1.686e-01	+8.411e-04	+8.320e-07	+6.074e-08	+8.770e-15	-8.111e-10	+1.046e-14
338.00	+1.688e-01	+8.433e-04	+6.353e-07	+3.892e-08	+3.490e-15	-5.815e-10	+5.028e-15
339.00	+1.687e-01	+8.319e-04	+4.871e-07	+3.698e-08	+4.327e-15	-3.239e-10	+2.431e-15
340.00	+1.687e-01	+8.304e-04	+2.645e-07	+1.892e-08	+8.853e-16	-2.322e-10	+1.004e-15
341.00	+1.689e-01	+8.375e-04	+8.255e-08	+6.592e-09	+1.529e-16	+1.673e-11	-1.602e-17
342.00	+1.690e-01	+8.447e-04	+1.459e-08	+4.142e-09	-2.371e-17	+1.119e-10	-2.179e-17
343.00	+1.690e-01	+8.436e-04	+4.062e-08	+3.489e-09	-4.002e-17	-1.009e-10	+1.112e-17
344.00	+1.690e-01	+8.405e-04	+9.967e-09	+1.696e-09	+6.968e-18	+6.701e-12	-2.233e-19
345.00	+1.691e-01	+8.480e-04	+1.086e-09	+7.900e-11	+1.920e-20	+1.310e-12	+1.292e-20
346.00	+1.691e-01	+8.679e-04	+0.000e+00	+0.000e+00	+0.000e+00	-0.000e+00	+0.000e+00
347.00	+1.690e-01	+8.437e-04	+9.720e-09	+3.240e-10	-5.689e-19	-9.378e-12	+8.406e-20
348.00	+1.690e-01	+8.438e-04	+9.435e-10	+1.478e-10	+1.696e-20	-1.522e-12	-5.249e-20
349.00	+1.691e-01	+8.438e-04	+1.922e-08	+1.602e-09	-3.157e-18	-3.851e-11	-8.313e-18
350.00	+1.690e-01	+8.383e-04	+5.166e-09	+4.670e-10	-7.239e-19	+1.349e-11	-4.718e-20
351.00	+1.691e-01	+8.430e-04	+6.194e-09	+4.807e-10	-8.043e-19	+1.306e-11	-2.029e-19
352.00	+1.691e-01	+8.450e-04	+2.512e-08	+1.359e-09	-7.757e-18	-3.702e-11	+1.707e-18
353.00	+1.689e-01	+8.427e-04	+2.483e-08	+2.583e-09	-5.120e-18	-6.458e-11	+2.004e-17
354.00	+1.690e-01	+8.466e-04	+2.321e-08	+6.431e-10	+2.171e-18	-9.606e-12	-1.207e-18
355.00	+1.690e-01	+8.509e-04	+1.991e-08	+1.308e-09	+3.259e-18	-1.667e-11	-5.824e-18
356.00	+1.691e-01	+8.445e-04	+2.076e-09	+2.193e-10	+1.110e-19	+2.868e-12	-9.781e-20
357.00	+1.690e-01	+8.438e-04	+5.573e-08	+5.652e-09	+4.939e-17	-7.973e-11	-8.732e-17
358.00	+1.691e-01	+8.480e-04	+2.881e-07	+2.812e-08	-8.203e-16	-6.391e-10	-2.395e-15
359.00	+1.691e-01	+8.450e-04	+3.957e-07	+4.355e-08	+4.993e-15	-2.520e-10	-2.782e-15
